OpCode	Camera	MovieSeqIndex	StartTimeOffset	Format	Filename	Frames	Rate
131	0	0	0	0	TasFracture_20150430_282_283_282_131.avi	124581	25
142	0	0	0	0	TasFracture_20150430_282_283_282_142.avi	100440	25
145	0	0	0	0	TasFracture_20150430_282_283_282_145.avi	110927	25
74	0	0	0	0	TasFracture_20150430_282_283_282_74.avi	101016	25
83	0	0	0	0	TasFracture_20150430_282_283_282_83.avi	107448	25
94	0	0	0	0	TasFracture_20150430_282_283_282_94.avi	102084	25
95	0	0	0	0	TasFracture_20150430_282_283_282_95.avi	109548	25
130	0	0	0	0	TasFracture_20150430_284_285_284_130.avi	137160	25
144	0	0	0	0	TasFracture_20150430_284_285_284_144.avi	123887	25
146	0	0	0	0	TasFracture_20150430_284_285_284_146.avi	117372	25
75	0	0	0	0	TasFracture_20150430_284_285_284_75.avi	109125	25
89	0	0	0	0	TasFracture_20150430_284_285_284_89.avi	103848	25
96	0	0	0	0	TasFracture_20150430_284_285_284_96.avi	121032	25
129	0	0	0	0	TasFracture_20150430_286_287_286_129.avi	102936	25
137	0	0	0	0	TasFracture_20150430_286_287_286_137.avi	133402	25
143	0	0	0	0	TasFracture_20150430_286_287_286_143.avi	95123	25
81	0	0	0	0	TasFracture_20150430_286_287_286_81.avi	108132	25
85	0	0	0	0	TasFracture_20150430_286_287_286_85.avi	106847	25
98	0	0	0	0	TasFracture_20150430_286_287_286_98.avi	91656	25
93	0	0	0	0	TasFracture_20150430_286_287_287_93.avi	51000	25
138	0	0	0	0	TasFracture_20150430_404_405_404_138.avi	98484	25
149	0	0	0	0	TasFracture_20150430_404_405_404_149.avi	118200	25
80	0	0	0	0	TasFracture_20150430_404_405_404_80.avi	123804	25
101	0	0	0	0	TasFracture_20150430_404_405_405_101.avi	108732	25
136	0	0	0	0	TasFracture_20150430_404_405_405_136.avi	102888	25
148	0	0	0	0	TasFracture_20150430_404_405_405_148.avi	114168	25
99	0	0	0	0	TasFracture_20150430_404_405_405_99.avi	104904	25
132	0	0	0	0	TasFracture_20150430_4046_407_406_132.avi	105780	25
135	0	0	0	0	TasFracture_20150430_4046_407_406_135.avi	105516	25
147	0	0	0	0	TasFracture_20150430_4046_407_406_147.avi	111924	25
77	0	0	0	0	TasFracture_20150430_4046_407_406_77.avi	105264	25
86	0	0	0	0	TasFracture_20150430_4046_407_406_86.avi	104326	25
91	0	0	0	0	TasFracture_20150430_4046_407_406_91.avi	105540	25
92	0	0	0	0	TasFracture_20150430_4046_407_406_92.avi	107244	25
180	0	0	0	0	TasFracture_20150501_282_283_282_180.avi	108864	25
182	0	0	0	0	TasFracture_20150501_282_283_282_182.avi	115160	25
69	0	0	0	0	TasFracture_20150501_282_283_282_69.avi	104424	25
87	0	0	0	0	TasFracture_20150501_282_283_282_87.avi	115401	25
90	0	0	0	0	TasFracture_20150501_282_283_282_90.avi	107160	25
179	0	0	0	0	TasFracture_20150501_284_285_284_179.avi	102851	25
184	0	0	0	0	TasFracture_20150501_284_285_284_184.avi	149028	25
67	0	0	0	0	TasFracture_20150501_284_285_284_67.avi	119748	25
79	0	0	0	0	TasFracture_20150501_284_285_284_79.avi	112332	25
178	0	0	0	0	TasFracture_20150501_286_287_286_178.avi	111792	25
186	0	0	0	0	TasFracture_20150501_286_287_286_186.avi	106956	25
76	0	0	0	0	TasFracture_20150501_286_287_286_76.avi	102888	25
88	0	0	0	0	TasFracture_20150501_286_287_286_88.avi	114216	25
97	0	0	0	0	TasFracture_20150501_286_287_286_97.avi	108825	25
185	0	0	0	0	TasFracture_20150501_404_405_404_185.avi	108168	25
187	0	0	0	0	TasFracture_20150501_404_405_404_187.avi	132333	25
68	0	0	0	0	TasFracture_20150501_404_405_404_68.avi	122820	25
82	0	0	0	0	TasFracture_20150501_404_405_404_82.avi	112284	25
100	0	0	0	1	TasFracture_20150501_406_407_406_100.avi	102876	25
181	0	0	0	0	TasFracture_20150501_406_407_406_181.avi	119904	25
183	0	0	0	0	TasFracture_20150501_406_407_406_183.avi	102864	25
78	0	0	0	0	TasFracture_20150501_406_407_406_78.avi	119471	25
84	0	0	0	0	TasFracture_20150501_406_407_406_84.avi	102888	25
5	0	0	0	0	TasFracture_20150502_282_283_282_05.avi	100124	25
8	0	0	0	0	TasFracture_20150502_282_283_282_08.avi	129371	25
11	0	0	0	0	TasFracture_20150502_282_283_282_11.avi	121929	25
11	1	0	0	0	TasFracture_20150502_282_283_282_05.avi	100124	25
11	1	0	0	0	TasFracture_20150502_282_283_282_08.avi	129371	25
11	1	0	0	0	TasFracture_20150502_282_283_282_11.avi	121929	25
11	1	0	0	0	TasFracture_20150502_282_283_282_17.avi	98832	25
11	1	0	0	0	TasFracture_20150502_282_283_283_05.avi	100428	25
11	1	0	0	0	TasFracture_20150502_282_283_283_08.avi	128830	25
11	1	0	0	0	TasFracture_20150502_282_283_283_11.avi	122132	25
11	1	0	0	0	TasFracture_20150502_282_283_283_17.avi	99576	25
11	1	0	0	0	TasFracture_20150502_284_285_284_13.avi	101951	25
11	1	0	0	0	TasFracture_20150502_284_285_284_14.avi	101279	25
11	1	0	0	0	TasFracture_20150502_284_285_284_18.avi	108684	25
11	1	0	0	0	TasFracture_20150502_284_285_284_X2.avi	102684	25
11	1	0	0	0	TasFracture_20150502_284_285_285_13.avi	100824	25
11	1	0	0	0	TasFracture_20150502_284_285_285_14.avi	101904	25
11	1	0	0	0	TasFracture_20150502_284_285_285_18.avi	108876	25
11	1	0	0	0	TasFracture_20150502_284_285_285_X2.avi	102948	25
11	1	0	0	0	TasFracture_20150502_286_287_286_15.avi	128292	25
11	1	0	0	0	TasFracture_20150502_286_287_286_16.avi	99300	25
11	1	0	0	0	TasFracture_20150502_286_287_286_20.avi	117192	25
11	1	0	0	0	TasFracture_20150502_286_287_286_X1.avi	44820	25
11	1	0	0	0	TasFracture_20150502_286_287_287_15.avi	128604	25
11	1	0	0	0	TasFracture_20150502_286_287_287_16.avi	78384	25
11	1	0	0	0	TasFracture_20150502_286_287_287_X1.avi	99526	25
11	1	0	0	0	TasFracture_20150502_404_405_404_02.avi	105060	25
11	1	0	0	0	TasFracture_20150502_404_405_404_09.avi	102864	25
11	1	0	0	0	TasFracture_20150502_404_405_404_12.avi	104819	25
11	1	0	0	0	TasFracture_20150502_404_405_404_37.avi	102828	25
11	1	0	0	0	TasFracture_20150502_404_405_405_02.avi	106728	25
11	1	0	0	0	TasFracture_20150502_404_405_405_09.avi	101976	25
11	1	0	0	0	TasFracture_20150502_404_405_405_12.avi	103979	25
11	1	0	0	0	TasFracture_20150502_404_405_405_37.avi	102048	25
11	1	0	0	0	TasFracture_20150502_406_407_406_01.avi	102288	25
11	1	0	0	0	TasFracture_20150502_406_407_406_10.avi	101976	25
11	1	0	0	0	TasFracture_20150502_406_407_406_19.avi	100752	25
11	1	0	0	0	TasFracture_20150502_406_407_406_38.avi	106103	25
11	1	0	0	0	TasFracture_20150502_406_407_407_01.avi	101988	25
11	1	0	0	0	TasFracture_20150502_406_407_407_10.avi	102252	25
11	1	0	0	0	TasFracture_20150502_406_407_407_19.avi	101687	25
11	1	0	0	0	TasFracture_20150502_406_407_407_38.avi	105720	25
17	0	0	0	0	TasFracture_20150502_282_283_282_17.avi	98832	25
13	0	0	0	0	TasFracture_20150502_284_285_284_13.avi	101951	25
14	0	0	0	0	TasFracture_20150502_284_285_284_14.avi	101279	25
18	0	0	0	0	TasFracture_20150502_284_285_284_18.avi	108684	25
X2	0	0	0	0	TasFracture_20150502_284_285_284_X2.avi	102684	25
15	0	0	0	0	TasFracture_20150502_286_287_286_15.avi	128292	25
16	0	0	0	0	TasFracture_20150502_286_287_286_16.avi	99300	25
20	0	0	0	0	TasFracture_20150502_282_283_282_05.avi	100124	25
20	0	0	0	0	TasFracture_20150502_282_283_282_08.avi	129371	25
20	0	0	0	0	TasFracture_20150502_282_283_282_11.avi	121929	25
20	0	0	0	0	TasFracture_20150502_282_283_282_17.avi	98832	25
20	0	0	0	0	TasFracture_20150502_282_283_283_05.avi	100428	25
20	0	0	0	0	TasFracture_20150502_282_283_283_08.avi	128830	25
20	0	0	0	0	TasFracture_20150502_282_283_283_11.avi	122132	25
20	0	0	0	0	TasFracture_20150502_282_283_283_17.avi	99576	25
20	0	0	0	0	TasFracture_20150502_284_285_284_13.avi	101951	25
20	0	0	0	0	TasFracture_20150502_284_285_284_14.avi	101279	25
20	0	0	0	0	TasFracture_20150502_284_285_284_18.avi	108684	25
20	0	0	0	0	TasFracture_20150502_284_285_284_X2.avi	102684	25
20	0	0	0	0	TasFracture_20150502_284_285_285_13.avi	100824	25
20	0	0	0	0	TasFracture_20150502_284_285_285_14.avi	101904	25
20	0	0	0	0	TasFracture_20150502_284_285_285_18.avi	108876	25
20	0	0	0	0	TasFracture_20150502_284_285_285_X2.avi	102948	25
20	0	0	0	0	TasFracture_20150502_286_287_286_15.avi	128292	25
20	0	0	0	0	TasFracture_20150502_286_287_286_16.avi	99300	25
20	0	0	0	0	TasFracture_20150502_286_287_286_20.avi	117192	25
20	0	0	0	0	TasFracture_20150502_286_287_286_X1.avi	44820	25
20	0	0	0	0	TasFracture_20150502_286_287_287_15.avi	128604	25
20	0	0	0	0	TasFracture_20150502_286_287_287_16.avi	78384	25
20	0	0	0	0	TasFracture_20150502_286_287_287_X1.avi	99526	25
20	0	0	0	0	TasFracture_20150502_404_405_404_02.avi	105060	25
20	0	0	0	0	TasFracture_20150502_404_405_404_09.avi	102864	25
20	0	0	0	0	TasFracture_20150502_404_405_404_12.avi	104819	25
20	0	0	0	0	TasFracture_20150502_404_405_404_37.avi	102828	25
20	0	0	0	0	TasFracture_20150502_404_405_405_02.avi	106728	25
20	0	0	0	0	TasFracture_20150502_404_405_405_09.avi	101976	25
20	0	0	0	0	TasFracture_20150502_404_405_405_12.avi	103979	25
20	0	0	0	0	TasFracture_20150502_404_405_405_37.avi	102048	25
20	0	0	0	0	TasFracture_20150502_406_407_406_01.avi	102288	25
20	0	0	0	0	TasFracture_20150502_406_407_406_10.avi	101976	25
20	0	0	0	0	TasFracture_20150502_406_407_406_19.avi	100752	25
20	0	0	0	0	TasFracture_20150502_406_407_406_38.avi	106103	25
20	0	0	0	0	TasFracture_20150502_406_407_407_01.avi	101988	25
20	0	0	0	0	TasFracture_20150502_406_407_407_10.avi	102252	25
20	0	0	0	0	TasFracture_20150502_406_407_407_19.avi	101687	25
20	0	0	0	0	TasFracture_20150502_406_407_407_38.avi	105720	25
X1	0	0	0	0	TasFracture_20150502_286_287_287_X1.avi	99526	25
X1	1	0	0	0	TasFracture_20150502_282_283_282_05.avi	100124	25
X1	1	0	0	0	TasFracture_20150502_282_283_282_08.avi	129371	25
X1	1	0	0	0	TasFracture_20150502_282_283_282_11.avi	121929	25
X1	1	0	0	0	TasFracture_20150502_282_283_282_17.avi	98832	25
X1	1	0	0	0	TasFracture_20150502_282_283_283_05.avi	100428	25
X1	1	0	0	0	TasFracture_20150502_282_283_283_08.avi	128830	25
X1	1	0	0	0	TasFracture_20150502_282_283_283_11.avi	122132	25
X1	1	0	0	0	TasFracture_20150502_282_283_283_17.avi	99576	25
X1	1	0	0	0	TasFracture_20150502_284_285_284_13.avi	101951	25
X1	1	0	0	0	TasFracture_20150502_284_285_284_14.avi	101279	25
X1	1	0	0	0	TasFracture_20150502_284_285_284_18.avi	108684	25
X1	1	0	0	0	TasFracture_20150502_284_285_284_X2.avi	102684	25
X1	1	0	0	0	TasFracture_20150502_284_285_285_13.avi	100824	25
X1	1	0	0	0	TasFracture_20150502_284_285_285_14.avi	101904	25
X1	1	0	0	0	TasFracture_20150502_284_285_285_18.avi	108876	25
X1	1	0	0	0	TasFracture_20150502_284_285_285_X2.avi	102948	25
X1	1	0	0	0	TasFracture_20150502_286_287_286_15.avi	128292	25
X1	1	0	0	0	TasFracture_20150502_286_287_286_16.avi	99300	25
X1	1	0	0	0	TasFracture_20150502_286_287_286_20.avi	117192	25
X1	1	0	0	0	TasFracture_20150502_286_287_286_X1.avi	44820	25
X1	1	0	0	0	TasFracture_20150502_286_287_287_15.avi	128604	25
X1	1	0	0	0	TasFracture_20150502_286_287_287_16.avi	78384	25
X1	1	0	0	0	TasFracture_20150502_286_287_287_X1.avi	99526	25
X1	1	0	0	0	TasFracture_20150502_404_405_404_02.avi	105060	25
X1	1	0	0	0	TasFracture_20150502_404_405_404_09.avi	102864	25
X1	1	0	0	0	TasFracture_20150502_404_405_404_12.avi	104819	25
X1	1	0	0	0	TasFracture_20150502_404_405_404_37.avi	102828	25
X1	1	0	0	0	TasFracture_20150502_404_405_405_02.avi	106728	25
X1	1	0	0	0	TasFracture_20150502_404_405_405_09.avi	101976	25
X1	1	0	0	0	TasFracture_20150502_404_405_405_12.avi	103979	25
X1	1	0	0	0	TasFracture_20150502_404_405_405_37.avi	102048	25
X1	1	0	0	0	TasFracture_20150502_406_407_406_01.avi	102288	25
X1	1	0	0	0	TasFracture_20150502_406_407_406_10.avi	101976	25
X1	1	0	0	0	TasFracture_20150502_406_407_406_19.avi	100752	25
X1	1	0	0	0	TasFracture_20150502_406_407_406_38.avi	106103	25
X1	1	0	0	0	TasFracture_20150502_406_407_407_01.avi	101988	25
X1	1	0	0	0	TasFracture_20150502_406_407_407_10.avi	102252	25
X1	1	0	0	0	TasFracture_20150502_406_407_407_19.avi	101687	25
X1	1	0	0	0	TasFracture_20150502_406_407_407_38.avi	105720	25
9	0	0	0	0	TasFracture_20150502_404_405_404_09.avi	102864	25
12	0	0	0	0	TasFracture_20150502_404_405_404_12.avi	104819	25
37	0	0	0	0	TasFracture_20150502_404_405_404_37.avi	102828	25
2	0	0	0	0	TasFracture_20150502_404_405_405_02.avi	106728	25
1	0	0	0	0	TasFracture_20150502_406_407_406_01.avi	102288	25
10	0	0	0	0	TasFracture_20150502_406_407_406_10.avi	101976	25
10	1	0	0	0	10_10_S3D2_150812_repeat_RHCam_225_Join.avi	111073	25
38	0	0	0	0	TasFracture_20150502_406_407_406_38.avi	106103	25
19	0	0	0	0	TasFracture_20150502_406_407_407_19.avi	101687	25
166	0	0	0	0	TF_20150429_282_283_282_166.avi	253536	25
52	0	0	0	0	TF_20150429_282_283_282_52.avi	135708	25
40	0	0	0	0	TF_20150429_282_284_282_40.avi	130812	25
162	0	0	0	0	TF_20150429_284_285_284_162.avi	133649	25
162	0	0	0	0	TF_20150429_284_285_284_51.avi	128748	25
162	0	0	0	0	TF_20150429_286_287_286_160.avi	109500	25
162	0	0	0	0	TF_20150429_286_287_286_164.avi	125544	25
162	0	0	0	0	TF_20150429_286_287_286_50.avi	226389	25
162	0	0	0	0	TF_20150429_286_287_287_163.avi	109296	25
162	0	0	0	0	TF_20150429_286_287_287_54.avi	106991	25
162	0	0	0	0	TF_20150429_404_405_404_161.avi	114971	25
162	0	0	0	0	TF_20150429_404_405_404_165.avi	110064	25
162	0	0	0	0	TF_20150429_404_405_404_49.avi	104880	25
162	0	0	0	0	TF_20150429_404_405_404_53.avi	199188	25
162	0	0	0	0	TF_20150429_406_407_406_42.avi	178872	25
162	0	0	0	0	TF_20150429_406_407_406_55.avi	133620	25
41	0	0	0	0	TF_20150429_284_285_284_41.avi	193872	25
51	0	0	0	0	TF_20150429_284_285_284_51.avi	128748	25
160	0	0	0	0	TF_20150429_284_285_284_162.avi	133649	25
160	0	0	0	0	TF_20150429_284_285_284_51.avi	128748	25
160	0	0	0	0	TF_20150429_286_287_286_160.avi	109500	25
160	0	0	0	0	TF_20150429_286_287_286_164.avi	125544	25
160	0	0	0	0	TF_20150429_286_287_286_50.avi	226389	25
160	0	0	0	0	TF_20150429_286_287_287_163.avi	109296	25
160	0	0	0	0	TF_20150429_286_287_287_54.avi	106991	25
160	0	0	0	0	TF_20150429_404_405_404_161.avi	114971	25
160	0	0	0	0	TF_20150429_404_405_404_165.avi	110064	25
160	0	0	0	0	TF_20150429_404_405_404_49.avi	104880	25
160	0	0	0	0	TF_20150429_404_405_404_53.avi	199188	25
160	0	0	0	0	TF_20150429_406_407_406_42.avi	178872	25
160	0	0	0	0	TF_20150429_406_407_406_55.avi	133620	25
164	0	0	0	0	TF_20150429_284_285_284_162.avi	133649	25
164	0	0	0	0	TF_20150429_284_285_284_51.avi	128748	25
164	0	0	0	0	TF_20150429_286_287_286_160.avi	109500	25
164	0	0	0	0	TF_20150429_286_287_286_164.avi	125544	25
164	0	0	0	0	TF_20150429_286_287_286_50.avi	226389	25
164	0	0	0	0	TF_20150429_286_287_287_163.avi	109296	25
164	0	0	0	0	TF_20150429_286_287_287_54.avi	106991	25
164	0	0	0	0	TF_20150429_404_405_404_161.avi	114971	25
164	0	0	0	0	TF_20150429_404_405_404_165.avi	110064	25
164	0	0	0	0	TF_20150429_404_405_404_49.avi	104880	25
164	0	0	0	0	TF_20150429_404_405_404_53.avi	199188	25
164	0	0	0	0	TF_20150429_406_407_406_42.avi	178872	25
164	0	0	0	0	TF_20150429_406_407_406_55.avi	133620	25
50	0	0	0	0	TF_20150429_284_285_284_162.avi	133649	25
50	0	0	0	0	TF_20150429_284_285_284_51.avi	128748	25
50	0	0	0	0	TF_20150429_286_287_286_160.avi	109500	25
50	0	0	0	0	TF_20150429_286_287_286_164.avi	125544	25
50	0	0	0	0	TF_20150429_286_287_286_50.avi	226389	25
50	0	0	0	0	TF_20150429_286_287_287_163.avi	109296	25
50	0	0	0	0	TF_20150429_286_287_287_54.avi	106991	25
50	0	0	0	0	TF_20150429_404_405_404_161.avi	114971	25
50	0	0	0	0	TF_20150429_404_405_404_165.avi	110064	25
50	0	0	0	0	TF_20150429_404_405_404_49.avi	104880	25
50	0	0	0	0	TF_20150429_404_405_404_53.avi	199188	25
50	0	0	0	0	TF_20150429_406_407_406_42.avi	178872	25
50	0	0	0	0	TF_20150429_406_407_406_55.avi	133620	25
163	0	0	0	1	TF_20150429_282_283_282_166.avi	253536	25
163	0	0	0	1	TF_20150429_282_283_282_52.avi	135708	25
163	0	0	0	1	TF_20150429_282_283_283_166.avi	120391	25
163	0	0	0	1	TF_20150429_282_283_283_52.avi	144130	25
163	0	0	0	1	TF_20150429_282_284_282_40.avi	130812	25
163	0	0	0	1	TF_20150429_282_284_284_40.avi	130715	25
163	0	0	0	1	TF_20150429_284_285_284_162.avi	133649	25
163	0	0	0	1	TF_20150429_284_285_284_41.avi	193872	25
163	0	0	0	1	TF_20150429_284_285_284_51.avi	128748	25
163	0	0	0	1	TF_20150429_284_285_285_41.avi	193908	25
163	0	0	0	1	TF_20150429_286_287_286_160.avi	109500	25
163	0	0	0	1	TF_20150429_286_287_286_164.avi	125544	25
163	0	0	0	1	TF_20150429_286_287_286_50.avi	226389	25
163	0	0	0	1	TF_20150429_286_287_287_160.avi	110940	25
163	0	0	0	1	TF_20150429_286_287_287_163.avi	109296	25
163	0	0	0	1	TF_20150429_286_287_287_164.avi	124223	25
163	0	0	0	1	TF_20150429_286_287_287_50.avi	225899	25
163	0	0	0	1	TF_20150429_286_287_287_54.avi	106991	25
163	0	0	0	1	TF_20150429_404_405_404_161.avi	114971	25
163	0	0	0	1	TF_20150429_404_405_404_165.avi	110064	25
163	0	0	0	1	TF_20150429_404_405_404_49.avi	104880	25
163	0	0	0	1	TF_20150429_404_405_404_53.avi	199188	25
163	0	0	0	1	TF_20150429_404_405_405_161.avi	96576	25
163	0	0	0	1	TF_20150429_404_405_405_165.avi	110963	25
163	0	0	0	1	TF_20150429_404_405_405_49.avi	105911	25
163	0	0	0	1	TF_20150429_404_405_405_53.avi	199355	25
163	0	0	0	1	TF_20150429_406_407_406_42.avi	178872	25
163	0	0	0	1	TF_20150429_406_407_406_55.avi	133620	25
163	0	0	0	1	TF_20150429_406_407_407_42.avi	179039	25
163	0	0	0	1	TF_20150429_406_407_407_55.avi	134964	25
163	1	0	0	0	TF_20150429_404_405_405_161.avi	96576	25
54	0	0	0	1	TF_20150429_282_283_282_166.avi	253536	25
54	0	0	0	1	TF_20150429_282_283_282_52.avi	135708	25
54	0	0	0	1	TF_20150429_282_283_283_166.avi	120391	25
54	0	0	0	1	TF_20150429_282_283_283_52.avi	144130	25
54	0	0	0	1	TF_20150429_282_284_282_40.avi	130812	25
54	0	0	0	1	TF_20150429_282_284_284_40.avi	130715	25
54	0	0	0	1	TF_20150429_284_285_284_162.avi	133649	25
54	0	0	0	1	TF_20150429_284_285_284_41.avi	193872	25
54	0	0	0	1	TF_20150429_284_285_284_51.avi	128748	25
54	0	0	0	1	TF_20150429_284_285_285_41.avi	193908	25
54	0	0	0	1	TF_20150429_286_287_286_160.avi	109500	25
54	0	0	0	1	TF_20150429_286_287_286_164.avi	125544	25
54	0	0	0	1	TF_20150429_286_287_286_50.avi	226389	25
54	0	0	0	1	TF_20150429_286_287_287_160.avi	110940	25
54	0	0	0	1	TF_20150429_286_287_287_163.avi	109296	25
54	0	0	0	1	TF_20150429_286_287_287_164.avi	124223	25
54	0	0	0	1	TF_20150429_286_287_287_50.avi	225899	25
54	0	0	0	1	TF_20150429_286_287_287_54.avi	106991	25
54	0	0	0	1	TF_20150429_404_405_404_161.avi	114971	25
54	0	0	0	1	TF_20150429_404_405_404_165.avi	110064	25
54	0	0	0	1	TF_20150429_404_405_404_49.avi	104880	25
54	0	0	0	1	TF_20150429_404_405_404_53.avi	199188	25
54	0	0	0	1	TF_20150429_404_405_405_161.avi	96576	25
54	0	0	0	1	TF_20150429_404_405_405_165.avi	110963	25
54	0	0	0	1	TF_20150429_404_405_405_49.avi	105911	25
54	0	0	0	1	TF_20150429_404_405_405_53.avi	199355	25
54	0	0	0	1	TF_20150429_406_407_406_42.avi	178872	25
54	0	0	0	1	TF_20150429_406_407_406_55.avi	133620	25
54	0	0	0	1	TF_20150429_406_407_407_42.avi	179039	25
54	0	0	0	1	TF_20150429_406_407_407_55.avi	134964	25
54	1	0	0	0	TF_20150429_404_405_405_161.avi	96576	25
161	0	0	0	1	TF_20150429_284_285_284_162.avi	133649	25
161	0	0	0	1	TF_20150429_284_285_284_51.avi	128748	25
161	0	0	0	1	TF_20150429_286_287_286_160.avi	109500	25
161	0	0	0	1	TF_20150429_286_287_286_164.avi	125544	25
161	0	0	0	1	TF_20150429_286_287_286_50.avi	226389	25
161	0	0	0	1	TF_20150429_286_287_287_163.avi	109296	25
161	0	0	0	1	TF_20150429_286_287_287_54.avi	106991	25
161	0	0	0	1	TF_20150429_404_405_404_161.avi	114971	25
161	0	0	0	1	TF_20150429_404_405_404_165.avi	110064	25
161	0	0	0	1	TF_20150429_404_405_404_49.avi	104880	25
161	0	0	0	1	TF_20150429_404_405_404_53.avi	199188	25
161	0	0	0	1	TF_20150429_406_407_406_42.avi	178872	25
161	0	0	0	1	TF_20150429_406_407_406_55.avi	133620	25
161	1	0	0	0	TF_20150429_404_405_405_161.avi	96576	25
165	0	0	0	1	TF_20150429_282_283_282_166.avi	253536	25
165	0	0	0	1	TF_20150429_282_283_282_52.avi	135708	25
165	0	0	0	1	TF_20150429_282_283_283_166.avi	120391	25
165	0	0	0	1	TF_20150429_282_283_283_52.avi	144130	25
165	0	0	0	1	TF_20150429_282_284_282_40.avi	130812	25
165	0	0	0	1	TF_20150429_282_284_284_40.avi	130715	25
165	0	0	0	1	TF_20150429_284_285_284_162.avi	133649	25
165	0	0	0	1	TF_20150429_284_285_284_41.avi	193872	25
165	0	0	0	1	TF_20150429_284_285_284_51.avi	128748	25
165	0	0	0	1	TF_20150429_284_285_285_41.avi	193908	25
165	0	0	0	1	TF_20150429_286_287_286_160.avi	109500	25
165	0	0	0	1	TF_20150429_286_287_286_164.avi	125544	25
165	0	0	0	1	TF_20150429_286_287_286_50.avi	226389	25
165	0	0	0	1	TF_20150429_286_287_287_160.avi	110940	25
165	0	0	0	1	TF_20150429_286_287_287_163.avi	109296	25
165	0	0	0	1	TF_20150429_286_287_287_164.avi	124223	25
165	0	0	0	1	TF_20150429_286_287_287_50.avi	225899	25
165	0	0	0	1	TF_20150429_286_287_287_54.avi	106991	25
165	0	0	0	1	TF_20150429_404_405_404_161.avi	114971	25
165	0	0	0	1	TF_20150429_404_405_404_165.avi	110064	25
165	0	0	0	1	TF_20150429_404_405_404_49.avi	104880	25
165	0	0	0	1	TF_20150429_404_405_404_53.avi	199188	25
165	0	0	0	1	TF_20150429_404_405_405_161.avi	96576	25
165	0	0	0	1	TF_20150429_404_405_405_165.avi	110963	25
165	0	0	0	1	TF_20150429_404_405_405_49.avi	105911	25
165	0	0	0	1	TF_20150429_404_405_405_53.avi	199355	25
165	0	0	0	1	TF_20150429_406_407_406_42.avi	178872	25
165	0	0	0	1	TF_20150429_406_407_406_55.avi	133620	25
165	0	0	0	1	TF_20150429_406_407_407_42.avi	179039	25
165	0	0	0	1	TF_20150429_406_407_407_55.avi	134964	25
165	1	0	0	0	TF_20150429_404_405_405_161.avi	96576	25
49	0	0	0	1	TF_20150429_284_285_284_162.avi	133649	25
49	0	0	0	1	TF_20150429_284_285_284_51.avi	128748	25
49	0	0	0	1	TF_20150429_286_287_286_160.avi	109500	25
49	0	0	0	1	TF_20150429_286_287_286_164.avi	125544	25
49	0	0	0	1	TF_20150429_286_287_286_50.avi	226389	25
49	0	0	0	1	TF_20150429_286_287_287_163.avi	109296	25
49	0	0	0	1	TF_20150429_286_287_287_54.avi	106991	25
49	0	0	0	1	TF_20150429_404_405_404_161.avi	114971	25
49	0	0	0	1	TF_20150429_404_405_404_165.avi	110064	25
49	0	0	0	1	TF_20150429_404_405_404_49.avi	104880	25
49	0	0	0	1	TF_20150429_404_405_404_53.avi	199188	25
49	0	0	0	1	TF_20150429_406_407_406_42.avi	178872	25
49	0	0	0	1	TF_20150429_406_407_406_55.avi	133620	25
53	0	0	0	1	TF_20150429_284_285_284_162.avi	133649	25
53	0	0	0	1	TF_20150429_284_285_284_51.avi	128748	25
53	0	0	0	1	TF_20150429_286_287_286_160.avi	109500	25
53	0	0	0	1	TF_20150429_286_287_286_164.avi	125544	25
53	0	0	0	1	TF_20150429_286_287_286_50.avi	226389	25
53	0	0	0	1	TF_20150429_286_287_287_163.avi	109296	25
53	0	0	0	1	TF_20150429_286_287_287_54.avi	106991	25
53	0	0	0	1	TF_20150429_404_405_404_161.avi	114971	25
53	0	0	0	1	TF_20150429_404_405_404_165.avi	110064	25
53	0	0	0	1	TF_20150429_404_405_404_49.avi	104880	25
53	0	0	0	1	TF_20150429_404_405_404_53.avi	199188	25
53	0	0	0	1	TF_20150429_406_407_406_42.avi	178872	25
53	0	0	0	1	TF_20150429_406_407_406_55.avi	133620	25
42	0	0	0	1	TF_20150429_282_283_282_166.avi	253536	25
42	0	0	0	1	TF_20150429_282_283_282_52.avi	135708	25
42	0	0	0	1	TF_20150429_282_283_283_166.avi	120391	25
42	0	0	0	1	TF_20150429_282_283_283_52.avi	144130	25
42	0	0	0	1	TF_20150429_282_284_282_40.avi	130812	25
42	0	0	0	1	TF_20150429_282_284_284_40.avi	130715	25
42	0	0	0	1	TF_20150429_284_285_284_162.avi	133649	25
42	0	0	0	1	TF_20150429_284_285_284_41.avi	193872	25
42	0	0	0	1	TF_20150429_284_285_284_51.avi	128748	25
42	0	0	0	1	TF_20150429_284_285_285_41.avi	193908	25
42	0	0	0	1	TF_20150429_286_287_286_160.avi	109500	25
42	0	0	0	1	TF_20150429_286_287_286_164.avi	125544	25
42	0	0	0	1	TF_20150429_286_287_286_50.avi	226389	25
42	0	0	0	1	TF_20150429_286_287_287_160.avi	110940	25
42	0	0	0	1	TF_20150429_286_287_287_163.avi	109296	25
42	0	0	0	1	TF_20150429_286_287_287_164.avi	124223	25
42	0	0	0	1	TF_20150429_286_287_287_50.avi	225899	25
42	0	0	0	1	TF_20150429_286_287_287_54.avi	106991	25
42	0	0	0	1	TF_20150429_404_405_404_161.avi	114971	25
42	0	0	0	1	TF_20150429_404_405_404_165.avi	110064	25
42	0	0	0	1	TF_20150429_404_405_404_49.avi	104880	25
42	0	0	0	1	TF_20150429_404_405_404_53.avi	199188	25
42	0	0	0	1	TF_20150429_404_405_405_161.avi	96576	25
42	0	0	0	1	TF_20150429_404_405_405_165.avi	110963	25
42	0	0	0	1	TF_20150429_404_405_405_49.avi	105911	25
42	0	0	0	1	TF_20150429_404_405_405_53.avi	199355	25
42	0	0	0	1	TF_20150429_406_407_406_42.avi	178872	25
42	0	0	0	1	TF_20150429_406_407_406_55.avi	133620	25
42	0	0	0	1	TF_20150429_406_407_407_42.avi	179039	25
42	0	0	0	1	TF_20150429_406_407_407_55.avi	134964	25
42	1	0	0	0	TF_20150429_404_405_405_161.avi	96576	25
55	0	0	0	1	TF_20150429_282_283_282_166.avi	253536	25
55	0	0	0	1	TF_20150429_282_283_282_52.avi	135708	25
55	0	0	0	1	TF_20150429_282_283_283_166.avi	120391	25
55	0	0	0	1	TF_20150429_282_283_283_52.avi	144130	25
55	0	0	0	1	TF_20150429_282_284_282_40.avi	130812	25
55	0	0	0	1	TF_20150429_282_284_284_40.avi	130715	25
55	0	0	0	1	TF_20150429_284_285_284_162.avi	133649	25
55	0	0	0	1	TF_20150429_284_285_284_41.avi	193872	25
55	0	0	0	1	TF_20150429_284_285_284_51.avi	128748	25
55	0	0	0	1	TF_20150429_284_285_285_41.avi	193908	25
55	0	0	0	1	TF_20150429_286_287_286_160.avi	109500	25
55	0	0	0	1	TF_20150429_286_287_286_164.avi	125544	25
55	0	0	0	1	TF_20150429_286_287_286_50.avi	226389	25
55	0	0	0	1	TF_20150429_286_287_287_160.avi	110940	25
55	0	0	0	1	TF_20150429_286_287_287_163.avi	109296	25
55	0	0	0	1	TF_20150429_286_287_287_164.avi	124223	25
55	0	0	0	1	TF_20150429_286_287_287_50.avi	225899	25
55	0	0	0	1	TF_20150429_286_287_287_54.avi	106991	25
55	0	0	0	1	TF_20150429_404_405_404_161.avi	114971	25
55	0	0	0	1	TF_20150429_404_405_404_165.avi	110064	25
55	0	0	0	1	TF_20150429_404_405_404_49.avi	104880	25
55	0	0	0	1	TF_20150429_404_405_404_53.avi	199188	25
55	0	0	0	1	TF_20150429_404_405_405_161.avi	96576	25
55	0	0	0	1	TF_20150429_404_405_405_165.avi	110963	25
55	0	0	0	1	TF_20150429_404_405_405_49.avi	105911	25
55	0	0	0	1	TF_20150429_404_405_405_53.avi	199355	25
55	0	0	0	1	TF_20150429_406_407_406_42.avi	178872	25
55	0	0	0	1	TF_20150429_406_407_406_55.avi	133620	25
55	0	0	0	1	TF_20150429_406_407_407_42.avi	179039	25
55	0	0	0	1	TF_20150429_406_407_407_55.avi	134964	25
55	1	0	0	0	TF_20150429_404_405_405_161.avi	96576	25
