OpCode	ImagePtPair	Index	Lx	Ly	Rx	Ry
131	0	0	1477.1564	564.26966	370.04739	564.26966
131	0	1	1643.98104	594.60674	536.87204	594.60674
142	0	0	1477.1564	709.88764	288.15166	706.85393
142	0	1	1580.28436	555.16854	397.34597	561.23596
142	1	0	398.17062	958.65169	470.20853	884.64607
142	1	1	160.82464	989.74719	241.96209	908.1573
142	2	0	1289.09953	931.34831	488.34123	928.31461
142	2	1	533.83886	1019.32584	21.23223	958.65169
145	0	0	1446.82464	573.37079	269.95261	576.40449
145	0	1	1580.28436	679.55056	412.51185	685.61798
145	1	0	1031.27962	473.25843	800.75829	464.1573
145	1	1	700.66351	524.83146	436.77725	485.39326
145	2	0	627.8673	394.38202	794.69194	367.07865
145	2	1	806.82464	418.65169	958.48341	388.31461
145	3	0	867.48815	855.50562	363.98104	810
145	3	1	403.41232	867.64045	18.19905	806.96629
145	4	0	1002.82938	623.24157	935.53081	618.20225
145	4	1	1058.94313	611.10674	1028.04265	606.06742
145	5	0	0	516.75281	78.10427	447.90449
145	5	1	90.99526	546.33146	200.94787	498.7191
74	0	0	1480.18957	685.61798	285.11848	679.55056
74	0	1	1601.51659	682.58427	406.4455	673.48315
74	1	0	1167.77251	958.65169	1000.94787	952.58427
74	1	1	1173.83886	1046.62921	879.62085	1073.93258
74	2	0	1428.62559	937.41573	1185.97156	949.55056
74	2	1	1562.08531	901.01124	1355.82938	916.17978
83	0	0	1474.12322	673.48315	276.01896	673.48315
83	0	1	1598.48341	679.55056	397.34597	685.61798
83	1	0	899.52607	894.03371	620.59242	861.85955
83	1	1	677.34597	906.92697	412.06161	862.61798
83	2	0	619.66825	927.55618	341.10427	875.22472
83	2	1	848.67299	997.33146	497.3128	959.41011
83	3	0	1449.35071	917.48315	1117.3981	925.6573
83	3	1	1726.88626	999.39326	1335.78673	1033.35393
83	4	0	504.26066	826.68539	290.42654	770.89326
83	4	1	163.02844	843.37079	0	773.92697
83	5	0	1722.8436	780.34831	1579.75355	800.14045
83	5	1	1466.63033	803.40449	1334.06635	815.30899
94	0	0	1586.35071	558.20225	388.24645	558.20225
94	0	1	1483.22275	706.85393	279.05213	703.82022
94	1	0	920.85782	970.02809	455.30806	931.6573
94	1	1	688.81991	968.51124	206.58768	918.76404
94	2	0	377.03791	296.69663	463.64455	272.83146
94	2	1	270.87678	267.8764	357.48341	245.52809
94	3	0	499.26066	302.44382	635.01896	272.83146
94	3	1	437.83886	296.3764	573.59716	272.83146
94	4	0	266.41232	325.0618	450.19431	300.16292
94	4	1	201.19905	290.17416	397.11374	271.3427
94	5	0	1142.16114	532.61236	1267.37915	508.93258
94	5	1	1072.3981	518.96067	1201.40758	493.76404
94	6	0	1637.32227	615.79775	1830.52133	619.52247
94	6	1	1726.04265	660.54494	1919.24171	670.79213
94	7	0	1549.38863	814.46629	1361.01896	832.60112
94	7	1	1611.56872	970.70225	1291.25592	995.66292
94	8	0	1031.31754	913.90449	685.62085	897.97753
94	8	1	1249.70616	999.60674	900.21801	995.81461
95	0	0	1474.12322	685.61798	312.41706	682.58427
95	0	1	1601.51659	685.61798	430.7109	685.61798
95	1	0	1230.18957	580.88764	672.84834	528.19663
95	1	1	960.99526	473.94944	761.56872	428.8427
95	2	0	1342.48815	645.70787	807.37441	621.82584
95	2	1	1126.37441	578.20787	891.54502	542.19101
130	0	0	1507.48815	788.76404	172.891	822.13483
130	0	1	1650.04739	910.11236	312.41706	952.58427
130	1	0	1665.21327	891.91011	979.71564	946.51685
130	1	1	1853.27014	813.03371	1431.65877	882.80899
130	2	0	1498.38863	925.2809	1049.47867	1004.1573
130	2	1	1883.6019	846.40449	1322.46445	913.14607
130	3	0	432.56398	639.76404	662.49763	684.61236
130	3	1	473.73934	628.67416	703.4455	677.78652
144	0	0	1437.72512	882.80899	148.62559	922.24719
144	0	1	1610.61611	916.17978	336.68246	958.65169
144	1	0	990.72038	922	1007.30332	978.37079
144	1	1	971.00474	940.20225	982.27962	996.57303
144	2	0	1.51659	956.02809	38.67299	962.44382
144	2	1	149.38389	916.58989	167.58294	925.2809
144	3	0	145.59242	967.75281	45.49763	982.92135
144	3	1	497.44076	934.38202	360.94787	964.7191
144	4	0	799.42654	968.51124	752.47867	1013.25843
144	4	1	709.94787	958.65169	666.79147	996.57303
146	0	0	1461.99052	861.57303	175.92417	897.97753
146	0	1	1637.91469	901.01124	357.91469	946.51685
75	0	0	1465.0237	861.57303	181.99052	904.04494
75	0	1	1631.84834	901.01124	363.98104	934.38202
75	1	0	1736.49289	583.8764	1650.08057	634.91011
75	1	1	1839.62085	677.92135	1722.11848	744.88202
89	0	0	1458.95735	864.60674	163.79147	901.01124
89	0	1	1622.74882	894.94382	351.84834	934.38202
89	1	0	1824.45498	658.85955	1624.59242	715.23596
89	1	1	1655.35545	659.61798	1420.61137	715.99438
89	2	0	1648.53081	697.69663	1264.22275	756.58427
89	2	1	1867.67773	737.89326	1443.18009	799.81461
96	0	0	1431.65877	867.64045	145.59242	916.17978
96	0	1	1604.54976	901.01124	333.64929	946.51685
96	1	0	537.76777	774.24719	430.01896	810.12921
96	1	1	394.45024	767.42135	288.9763	802.54494
96	2	0	1717.53555	827.17416	1651.16114	904.03371
96	2	1	1610.61611	815.03933	1560.92417	906.30899
96	3	0	1083	736.14045	1047.1327	785.92697
96	3	1	904.80095	762.68539	843.15166	812.47191
96	4	0	473.17062	752.91011	395.39336	783.65169
96	4	1	305.58768	761.25281	209.61137	791.23596
96	5	0	1118.67299	734.92135	986.59716	780.61798
96	5	1	854.02844	703.82584	715.12796	754.07303
96	6	0	226.94787	849.82584	20.47393	872.71348
96	6	1	108.65403	761.08989	3.03318	787.76966
96	7	0	148.62559	623.24719	216.11374	662.11236
96	7	1	21.99052	666.47753	115.26066	700.03371
96	8	0	239.14692	340.85393	542.48815	401.88202
96	8	1	160.28436	317.3427	484.85782	390.50562
96	9	0	248.9763	399.54494	569.42654	462.64607
96	9	1	294.47393	413.95506	606.58294	471.74719
96	10	0	740.09479	1022.35955	333.64929	992.02247
96	10	1	1292.1327	955.61798	831.09005	1025.39326
129	0	0	1565.11848	810	251.75355	834.26966
129	0	1	1692.51185	797.86517	382.18009	837.30337
137	0	0	1510.52133	810	212.32227	834.26966
137	0	1	1643.98104	800.89888	342.74882	831.23596
137	1	0	1822.93839	825.16854	1904.83412	879.77528
137	1	1	1659.14692	797.86517	1768.34123	825.16854
143	0	0	1552.98578	806.96629	239.62085	834.26966
143	0	1	1677.34597	797.86517	373.08057	834.26966
143	1	0	316.66351	1070.89888	283.2654	1025.39326
143	1	1	356.85308	1004.91573	373.50237	954.85955
143	2	0	1570.71564	610.5618	1828.24645	617.05618
143	2	1	1386.45024	612.07865	1645.49763	611.74719
81	0	0	1513.5545	700.78652	188.05687	715.95506
81	0	1	1668.24645	816.06742	345.78199	837.30337
81	1	0	1631.84834	897.97753	916.01896	1019.32584
81	1	1	1088.90995	573.37079	451.94313	588.53933
85	0	0	1531.75355	810	221.4218	822.13483
85	0	1	1662.18009	810	351.84834	837.30337
85	1	0	1007.01422	925.2809	549.00474	913.14607
85	1	1	1003.98104	543.03371	679.43128	552.13483
98	0	0	1571.18483	803.93258	242.65403	834.26966
98	0	1	1701.61137	794.83146	373.08057	831.23596
98	1	0	1580.00948	954.10112	1166.98578	986.71348
98	1	1	1351.76303	1050.42135	963.76303	1067.10674
98	2	0	1461.11848	960.92697	1196.29384	974.85393
98	2	1	1223.01422	1004.91573	957.43128	1014.29213
98	3	0	1491.88626	993.53933	1218.94787	1020.49438
98	3	1	1243.16588	996.57303	1034.68246	1015.94382
98	4	0	1313.109	621.96067	1298.53555	627.23596
98	4	1	1214.53081	613.61798	1202.99052	612.82584
98	5	0	1704.64455	822.13483	1370.99526	870.67416
98	5	1	1841.13744	530.89888	1668.24645	552.13483
93	0	0	233.5545	861.57303	1568.15166	831.23596
93	0	1	348.81517	700.78652	1674.3128	670.44944
93	1	0	1471.09005	612.80899	1556.01896	609.77528
93	1	1	1832.03791	573.37079	1874.50237	570.33708
93	2	0	1095.46919	691.89326	1074.70142	690.86517
93	2	1	1012.81517	725.26404	954.1327	728.02809
138	0	0	1549.95261	664.38202	315.45024	676.51685
138	0	1	1680.37915	676.51685	439.81043	691.68539
138	1	0	652.87204	582.89326	368.10427	587.14045
138	1	1	739.31754	583.65169	471.99052	584.86517
149	0	0	1546.91943	679.55056	327.58294	691.68539
149	0	1	1674.3128	679.55056	451.94313	700.78652
149	1	0	1196.20853	667.96067	822.25118	676.96067
149	1	1	1298.5782	633.07303	981.49289	642.07303
149	2	0	928.70616	201.44944	991.74882	209.23596
149	2	1	1018.94313	234.0618	1088.81043	233.50562
149	3	0	66.72986	7.58427	144.07583	50.05618
149	3	1	0	25.78652	1.51659	99.35393
149	4	0	876.58768	494.49438	552.03791	506.62921
149	4	1	803.79147	191.1236	633.93365	194.1573
149	5	0	1628.81517	455.05618	1286.06635	464.1573
149	5	1	1425.59242	324.60674	1243.6019	324.60674
80	0	0	1543.88626	682.58427	321.51659	697.75281
80	0	1	1674.3128	691.68539	451.94313	700.78652
80	1	0	1269.59242	576.72472	1643.98104	586.97191
80	1	1	1314.33175	572.93258	1698.5782	584.69663
80	2	0	1234.01422	575.41011	1648.63033	584.17416
80	2	1	1265.86256	573.13483	1685.78673	584.17416
80	3	0	590.45498	593.93258	831.23697	599.17416
80	3	1	573.77251	594.69101	813.03791	597.6573
80	4	0	782.55924	988.98876	384.71564	982.92135
80	4	1	1119.24171	1028.42697	606.13744	1011.74157
80	5	0	797.28436	896.11236	399.01896	894.18539
80	5	1	700.98104	1018.2191	229.91943	995.81461
101	0	0	330.61611	697.75281	1546.91943	691.68539
101	0	1	458.00948	706.85393	1683.41232	691.68539
101	1	0	1610.8673	394	1270.11848	399.24157
101	1	1	1506.98104	378.07303	1178.36493	388.6236
101	2	0	303.31754	682.58427	882.65403	700.78652
101	2	1	670.33175	970.78652	1556.01896	949.55056
101	3	0	1082.8436	758.42697	1468.05687	737.19101
101	3	1	776.49289	655.2809	1101.04265	627.97753
101	4	0	727.96209	503.59551	864.45498	488.42697
101	4	1	1016.11374	567.30337	1131.37441	561.23596
101	5	0	688.53081	579.4382	1195.07109	576.40449
101	5	1	245.6872	579.4382	985.78199	573.37079
101	6	0	1209.91469	506.75843	1093.1327	500.16854
101	6	1	1297.87678	516.61798	1183.36967	510.78652
136	0	0	324.54976	679.55056	1552.98578	676.51685
136	0	1	451.94313	694.7191	1686.4455	676.51685
136	1	0	1443.32227	414.67978	1447.89573	415.10112
136	1	1	1576.0237	416.19663	1557.84834	411.30899
136	2	0	933.08531	260.06742	684.19905	254.82584
136	2	1	990.71564	245.6573	738.03791	234.34831
136	3	0	344.33175	608.7809	464.07583	609.77528
136	3	1	473.24171	476.81461	491.70616	496.00562
148	0	0	321.51659	688.65169	1556.01896	694.7191
148	0	1	451.94313	706.85393	1695.54502	688.65169
148	1	0	253.27014	688.43258	128.15166	713.7191
148	1	1	118.29384	742.2809	9.85782	756.94944
148	2	0	316.40284	629.1236	225.97156	635.38764
148	2	1	213.27488	541.90449	28.05687	544.3764
99	0	0	312.41706	694.7191	1549.95261	691.68539
99	0	1	436.77725	706.85393	1683.41232	688.65169
132	0	0	1543.88626	752.35955	233.5545	734.1573
132	0	1	1677.34597	746.29213	363.98104	737.19101
132	1	0	1090.45972	217.17416	897.2891	234.41573
132	1	1	1000.98104	214.89888	807.05213	232.89888
135	0	0	1553.14692	1039.04494	1104.37441	1072.41573
135	0	1	1752.5782	1038.28652	1246.17536	1069.38202
135	1	0	1767.58294	451.93258	1722.8436	452.29775
135	1	1	1803.98104	402.63483	1806.25592	398.44944
135	2	0	1149.57346	406.51685	1361.89573	421.68539
135	2	1	1537.81991	303.37079	1780.47393	291.23596
135	3	0	668.56398	540.75281	846.60664	562.55056
135	3	1	733.77725	539.23596	905.75355	551.17416
147	0	0	1549.95261	761.46067	251.75355	749.32584
147	0	1	1677.34597	761.46067	379.14692	764.49438
147	1	0	1432.13744	880.55056	1119.21327	896.41011
147	1	1	1320.66825	824.42697	1070.68246	840.28652
147	2	0	726.72038	670.16854	693.22749	668.88764
147	2	1	653.16588	639.83146	640.14692	619.58989
147	3	0	1177.83886	543	946.01422	561.82584
147	3	1	1227.12796	518.73034	1010.46919	539.83146
147	4	0	1431.65877	1052.69663	958.48341	1067.86517
147	4	1	1525.6872	946.51685	1140.47393	970.78652
147	5	0	1146.04265	928.72472	794.47867	943.92697
147	5	1	907.93839	993.94944	548.06161	994.29775
147	6	0	1337.63033	740.22472	1216.30332	758.42697
147	6	1	1277.33649	696.96629	1237.53555	697.75281
147	7	0	691.5782	746.72472	562.96209	742.83146
147	7	1	551.29384	723.97191	465.90047	663.19663
77	0	0	1540.85308	737.19101	260.85308	758.42697
77	0	1	1680.37915	740.22472	397.34597	758.42697
77	1	0	231.27962	681.96629	231.27962	688.64045
77	1	1	67.48815	651.62921	97.06161	662.09551
77	2	0	710.47867	125.89888	394.87204	166.99438
77	2	1	785.54976	93.28652	560.93839	128.31461
77	3	0	1126.53081	128.41573	929.95735	146.31461
77	3	1	1187.95261	126.14045	1043.70142	142.52247
77	4	0	626.63507	6.82584	485.47393	59.91573
77	4	1	795.7346	15.16854	661.3981	56.1236
77	5	0	996.2654	34.12921	844.95735	62.19101
77	5	1	1078.91943	25.78652	955.66825	50.81461
77	6	0	1461.37915	15.92697	1356.80095	12.89326
77	6	1	1576.63981	6.06742	1489.50237	0
77	7	0	67.48815	124.28652	93.27014	194.18539
77	7	1	433.74408	230.46629	327.58294	276.09551
91	0	0	1528.72038	752.35955	272.98578	761.46067
91	0	1	1668.24645	746.29213	412.51185	767.52809
91	1	0	1500.48815	972.30337	1755.45024	1029.18539
91	1	1	1574.04265	992.7809	1850.99526	1061.03933
91	2	0	1074.82938	998.84831	1135.50711	1019.32584
91	2	1	1159	988.98876	1217.40284	1014.77528
91	3	0	1219.66825	1032.97753	1319.81043	1065.58989
91	3	1	1058.15166	1024.63483	1156.01896	1042.07865
92	0	0	1531.75355	627.97753	263.88626	649.21348
92	0	1	1677.34597	749.32584	415.54502	767.52809
92	1	0	1069.19431	760.93258	1285.77725	784.44382
92	1	1	1001.70616	770.79213	1217.53081	788.99438
92	2	0	1121.88152	1021.60112	966.58768	1039.80337
92	2	1	1228.04265	1028.42697	1027.25118	1049.66292
92	3	0	725.82938	817.3764	954.88152	828.03371
92	3	1	769.81043	815.85955	995.07109	827.27528
92	4	0	727.1564	837.13483	947.3981	845.20787
92	4	1	796.16114	858.37079	1010.33649	870.23596
92	5	0	831.36967	920.68539	795.6019	930.27528
92	5	1	719.14218	918.41011	714.46445	918.14045
92	6	0	44.73934	930.3764	72.03791	901.26404
92	6	1	130.42654	913.69101	202.46445	886.85393
92	7	0	958.88152	1003.39888	968.44076	1029.94382
92	7	1	1162.86256	1017.05056	1132.99052	1031.46067
92	8	0	488.41232	787.94382	737.14692	793.89888
92	8	1	531.63507	767.46629	779.61137	771.90449
92	9	0	468.23697	779.52247	712.12322	783.58427
92	9	1	533.45024	764.35393	768.99526	770.69101
180	0	0	1480.18957	676.51685	279.05213	679.55056
180	0	1	1601.51659	685.61798	406.4455	688.65169
182	0	0	1471.09005	640.11236	285.11848	634.04494
182	0	1	1598.48341	631.01124	412.51185	637.07865
182	1	0	1337.63033	291.23596	788.62559	263.93258
182	1	1	912.98578	15.16854	236.58768	21.23596
69	0	0	1483.22275	682.58427	291.18483	676.51685
69	0	1	1610.61611	679.55056	415.54502	673.48315
69	1	0	487.12322	906.79775	510.77251	850.87079
69	1	1	606.93365	880.25281	629.82464	833.42697
69	2	0	1210.37915	545.30337	1417.23697	529.20787
69	2	1	1282.41706	554.40449	1490.79147	538.30899
87	0	0	1486.25592	667.41573	300.28436	658.31461
87	0	1	1610.61611	655.2809	424.64455	658.31461
87	1	0	267.99526	537.12921	284.36019	492.82022
87	1	1	94.34597	524.99438	132.70142	482.96067
87	2	0	1085.87678	749.32584	539.90521	725.05618
87	2	1	1431.65877	870.67416	800.75829	861.57303
87	3	0	1681.13744	545.83146	1396.37441	538.76966
87	3	1	1835.82938	624.70787	1533.62559	633.57303
87	4	0	1720.56872	788.10112	1192.28436	802.11236
87	4	1	1842.65403	744.87079	1422.80569	767.22472
87	5	0	1158.67299	782.69663	637.21327	766.69663
87	5	1	1431.65877	843.37079	883.65877	843.29775
87	6	0	628.40284	522.78652	667.66825	486.91573
87	6	1	529.06635	518.23596	555.44076	482.36517
87	7	0	1043.41232	549.10112	621.80095	521.79775
87	7	1	815.92417	588.53933	370.04739	549.10112
87	8	0	695.56398	388.13483	984.36493	360.99438
87	8	1	740.30332	391.92697	1027.58768	364.78652
87	9	0	765.32701	385.10112	1045.02844	354.92697
87	9	1	819.16588	385.85955	1100.38389	355.68539
87	10	0	774.42654	349.45506	1023.03791	320.79775
87	10	1	832.05687	354.00562	1078.39336	323.07303
87	11	0	829.0237	344.90449	1085.21801	316.24719
87	11	1	874.52133	341.11236	1129.95735	310.9382
87	12	0	868.03791	396.64045	1130.32227	366.20787
87	12	1	917.32701	395.1236	1176.5782	365.44944
87	13	0	841.19431	357.47191	1132.89573	326.30899
87	13	1	886.69194	353.67978	1179.90995	321.75843
87	14	0	964.03791	327.13483	1198.109	296.73034
87	14	1	1017.87678	326.3764	1248.1564	293.69663
87	15	0	1033.02844	357.20787	1293.07109	327.06742
87	15	1	1088.38389	363.27528	1355.25118	333.13483
87	16	0	1091.41706	326.11236	1338.56872	294.45506
87	16	1	1149.04739	329.90449	1400.74882	297.48876
87	17	0	1090.65877	292.74157	1347.66825	260.32584
87	17	1	1154.35545	291.98315	1418.94787	257.29213
87	18	0	1208.76303	328.39888	1489.5782	292.44944
87	18	1	1260.32701	326.88202	1551.75829	294.72472
87	19	0	1248.95261	300.33708	1510.81043	266.66292
87	19	1	1294.45024	302.61236	1557.82464	268.9382
87	20	0	1420.52607	288.25281	1752.67299	243.11798
87	20	1	1473.60664	276.11798	1820.91943	232.5
87	21	0	1360.62085	312.52247	1654.09479	272.69663
87	21	1	1403.08531	301.14607	1710.96682	264.35393
87	22	0	1309.05687	329.20787	1630.58768	291.6573
87	22	1	1351.52133	320.86517	1682.90995	282.55618
87	23	0	1291.61611	353.47753	1634.37915	321.23596
87	23	1	1331.80569	353.47753	1682.90995	319.7191
87	24	0	1325.73934	341.3427	1688.21801	306.06742
87	24	1	1368.20379	332.24157	1739.0237	296.96629
87	25	0	1540.33649	426.28652	1790.58768	402.38764
87	25	1	1466.0237	428.5618	1711.72512	405.42135
87	26	0	1473.60664	379.26404	1754.94787	344.74719
87	26	1	1531.99526	364.85393	1829.26066	333.37079
87	27	0	1778.19905	402.18539	1805.49763	473.92697
87	27	1	1893.45972	401.42697	1896.49289	473.92697
87	28	0	1590.14218	339.73034	1421.48815	305.07303
87	28	1	1647.01422	332.14607	1479.11848	308.10674
87	29	0	1728.15166	362.3427	1582.98104	352.65169
87	29	1	1773.64929	354	1636.06161	340.51685
90	0	0	1483.22275	679.55056	294.21801	676.51685
90	0	1	1604.54976	685.61798	415.54502	676.51685
90	1	0	1900.28436	799.57865	1303.58294	815.99438
90	1	1	1656.87204	795.02809	1170.12322	803.85955
90	2	0	856.29384	542.85955	596.29384	518.30337
90	2	1	748.61611	508.73034	499.99052	453.83708
90	3	0	828.50711	850.80337	139.38863	812.7191
90	3	1	1037.79621	1018.41573	354.74408	1003.08427
90	4	0	1055.54502	1076.96629	3.03318	676.51685
90	4	1	767.39336	712.92135	130.42654	1070.89888
90	5	0	575.9921	559.29213	9.09953	524.67416
90	5	1	799.43602	559.29213	278.04107	532.76404
90	6	0	1142.95735	727.93258	677.29858	695.42135
90	6	1	1556.98578	756.75281	868.38863	770.50562
90	7	0	1578.76777	789.75281	807.50711	791.75843
90	7	1	1915.45024	684.33146	1088.07583	700.74719
90	8	0	906.51185	76.60112	937.6019	51.57303
90	8	1	822.34123	52.33146	861.77251	24.26966
90	9	0	1081.79147	114.52247	1125.70616	82.66854
90	9	1	1168.23697	138.03371	1213.66825	104.66292
90	10	0	1206.15166	224.49438	1118.12322	197.19101
90	10	1	1090.891	234.35393	983.90521	204.77528
90	11	0	1018.61611	304.51685	785.73934	282.33146
90	11	1	1170.27488	284.03933	904.79147	260.33708
90	12	0	1255.81517	340.88764	1039.39336	315
90	12	1	1386.24171	346.95506	1136.45498	325.61798
90	13	0	1304.34597	286.2809	1214.55924	256.60112
90	13	1	1402.92417	272.62921	1288.11374	241.43258
90	14	0	1277.80569	364.39888	1122.04739	321.06742
90	14	1	1438.56398	352.26404	1255.50711	334.7191
90	15	0	1518.2891	359.57865	1291.16114	339.23596
90	15	1	1678.2891	390.67416	1420.07109	407.49438
90	16	0	1879.81043	324.79213	1540.31754	312.85955
90	16	1	1756.96682	320.24157	1359.8436	303
90	17	0	1419.77725	490.57865	1123.36493	482.30337
90	17	1	1576.74408	478.44382	1286.3981	465.61798
90	18	0	1615.92417	501.58427	1335.37441	494.06742
90	18	1	1781.99052	491.72472	1484	488
179	0	0	1495.35545	988.98876	194.12322	1028.42697
179	0	1	1583.31754	982.92135	285.11848	1028.42697
179	1	0	395.29858	918.96629	521.86256	951.47753
179	1	1	80.60664	964.47191	213.23697	971.19663
179	2	0	1594.22749	784.71348	1919.24171	879.85955
179	2	1	1443.32701	768.78652	1739.52607	847.24719
179	3	0	219.90521	824.37079	492.39336	857.3427
179	3	1	63.69668	854.70787	343.76777	874.02809
179	4	0	843.22275	797.86517	700.66351	849.4382
179	4	1	549.00474	861.57303	500.47393	885.8427
179	5	0	807.16588	382.29775	996.12322	432.1236
179	5	1	557.6872	326.93258	747.40284	382.82584
179	6	0	172.891	540.26404	382.90047	589.91573
179	6	1	29.57346	537.23034	231.24171	589.1573
184	0	0	1240.56872	782.69663	60.66351	785.73034
184	0	1	1437.72512	764.49438	272.98578	837.30337
67	0	0	1531.75355	891.91011	175.92417	934.38202
67	0	1	1634.88152	737.19101	303.31754	773.59551
67	1	0	1003.98104	312.47191	388.24645	361.01124
67	1	1	1583.31754	558.20225	967.58294	597.64045
79	0	0	1452.891	910.11236	178.95735	949.55056
79	0	1	1574.21801	931.34831	300.28436	976.85393
178	0	0	1504.45498	770.5618	245.6872	794.83146
178	0	1	1680.37915	791.79775	427.67773	828.20225
186	0	0	1471.09005	770.5618	206.25592	797.86517
186	0	1	1647.01422	794.83146	391.27962	822.13483
186	1	0	1003.98104	791.79775	809.85782	797.86517
186	1	1	1304.2654	806.96629	1116.20853	831.23596
186	2	0	1198.10427	700.78652	640	700.78652
186	2	1	630.90047	888.8764	130.42654	873.70787
186	3	0	655.16588	664.38202	609.66825	652.24719
186	3	1	876.58768	688.65169	867.48815	682.58427
186	4	0	958.48341	709.88764	649.09953	712.92135
186	4	1	1392.22749	637.07865	1131.37441	652.24719
186	5	0	1910.90047	236.62921	1741.04265	215.39326
186	5	1	1449.85782	391.34831	1364.92891	379.21348
186	6	0	1337.63033	276.06742	1340.66351	257.86517
186	6	1	1786.54028	106.17978	1750.14218	66.74157
76	0	0	1471.09005	776.62921	221.4218	794.83146
76	0	1	1647.01422	800.89888	403.41232	828.20225
76	1	0	658.96051	867.53933	209.79463	850.2809
76	1	1	483.54186	865.51685	31.84834	844.21348
76	2	0	954.47867	778.86517	746.36019	777.38202
76	2	1	1080.35545	834.98876	863.64297	834.01124
88	0	0	1477.1564	755.39326	224.45498	782.69663
88	0	1	1659.14692	779.66292	412.51185	806.96629
88	1	0	215.64929	568.82022	556.23223	558.06742
88	1	1	271.00474	556.68539	594.90521	539.86517
88	2	0	300.5782	600.67416	616.89573	580.82022
88	2	1	251.2891	604.46629	578.22275	586.12921
88	3	0	932.93365	467.88764	1328.93839	453.3764
88	3	1	963.2654	463.33708	1360.02844	453.3764
88	4	0	923.83412	483.05618	1331.21327	471.57865
88	4	1	948.85782	480.7809	1356.99526	467.78652
88	5	0	969.67299	471.07865	1354.44076	462.76404
88	5	1	990.90521	468.04494	1380.72828	454.16854
88	6	0	956.0237	477.65169	1354.44076	464.78652
88	6	1	973.71722	479.16854	1375.67299	464.78652
88	7	0	1128.38547	467.8427	1529.79463	452.40449
88	7	1	1158.21169	469.35955	1563.66509	454.93258
88	8	0	1032.84044	466.32584	1438.79937	452.91011
88	8	1	1057.61137	465.31461	1463.5703	451.39326
88	9	0	1063.1722	464.30337	1458.51501	448.35955
88	9	1	1091.98736	462.78652	1483.79147	450.88764
88	10	0	1258.24487	449.91011	1684.13112	435.1236
88	10	1	1293.63191	447.38202	1733.67299	431.07865
88	11	0	884.17062	484.57865	1273.42654	474.44944
88	11	1	899.33649	487.61236	1288.59242	473.69101
88	12	0	1005.49763	463.3427	1398.54502	449.42135
88	12	1	1032.79621	460.30899	1430.39336	446.38764
88	13	0	1154.12322	448.93258	1572.19431	432.73596
88	13	1	1185.21327	447.41573	1606.31754	431.2191
97	0	0	1474.12322	776.62921	227.48815	794.83146
97	0	1	1650.04739	800.89888	415.54502	825.16854
97	1	0	1512.58768	578.20787	1850.99526	584.14045
97	1	1	1489.83886	585.79213	1826.72986	587.93258
185	0	0	1549.95261	694.7191	306.35071	694.7191
185	0	1	1683.41232	688.65169	439.81043	703.82022
187	0	0	1549.95261	685.61798	321.51659	697.75281
187	0	1	1677.34597	691.68539	454.9763	706.85393
187	1	0	1461.99052	891.91011	788.62559	919.21348
187	1	1	1725.87678	424.7191	709.76303	439.88764
187	2	0	497.44076	543.03371	324.54976	540
187	2	1	166.82464	494.49438	0	506.62921
187	3	0	536.87204	582.47191	342.74882	561.23596
187	3	1	251.75355	494.49438	33.36493	500.5618
68	0	0	1556.01896	691.68539	324.54976	691.68539
68	0	1	1689.47867	700.78652	458.00948	709.88764
68	1	0	1279.08531	970.02809	1604.64455	1008.70787
68	1	1	1130.45972	1014.77528	1436.30332	1036.01124
68	2	0	1125.30806	1013.25843	1152.60664	1031.46067
68	2	1	1198.10427	876.74157	1283.03318	901.01124
68	3	0	661.23223	1070.89888	564.17062	1076.96629
68	3	1	949.38389	816.06742	861.4218	819.10112
68	4	0	497.44076	794.83146	218.38863	785.73034
68	4	1	191.09005	803.93258	36.3981	788.76404
68	5	0	269.95261	967.75281	473.17536	934.38202
68	5	1	406.4455	970.78652	612.70142	946.51685
68	6	0	570.23697	819.10112	661.23223	813.03371
68	6	1	809.85782	788.76404	903.88626	785.73034
68	7	0	1039.12796	623.90449	1001.83412	630.20787
68	7	1	820.73934	660.30899	828.94313	667.37079
68	8	0	1538.72512	528.51685	1810.80569	536.03371
68	8	1	1372.65877	558.85393	1643.22275	566.37079
68	9	0	1233.32701	775.89888	1524.92891	799.31461
68	9	1	1173.4218	793.3427	1474.12322	812.20787
68	10	0	1183.70616	909.27528	1448.75829	936.27528
68	10	1	1282.28436	875.90449	1560.22749	904.42135
68	11	0	1600.5545	523.93258	1893.45972	533.03371
68	11	1	1343.18009	508.44382	1538.5782	511.79775
68	12	0	1437.72512	885.8427	1571.18483	913.14607
68	12	1	1043.41232	913.14607	1122.27488	931.34831
68	13	0	1334.59716	1055.73034	1325.49763	1070.89888
68	13	1	1747.109	825.16854	1780.47393	855.50562
68	14	0	666.83886	979.12921	855.35545	973.82022
68	14	1	245.6872	1061.79775	470.14218	1016.29213
68	15	0	655.16588	925.2809	473.17536	919.21348
68	15	1	1176.87204	785.73034	1052.51185	810
68	16	0	518.67299	1007.19101	379.14692	970.78652
68	16	1	627.8673	901.01124	630.90047	891.91011
82	0	0	1574.21801	722.02247	309.38389	734.1573
82	0	1	1707.67773	573.37079	442.8436	591.57303
82	1	0	837.1564	715.95506	363.98104	694.7191
82	1	1	694.59716	703.82022	90.99526	688.65169
82	2	0	479.39336	538.48315	539.04581	533.23596
82	2	1	418.22433	528.8764	421.76303	523.62921
100	0	0	1543.88626	749.32584	285.11848	764.49438
100	0	1	1668.24645	746.29213	418.5782	764.49438
100	1	0	1246.63507	303.37079	988.81517	306.40449
100	1	1	1838.10427	846.40449	1580.28436	888.8764
100	2	0	1337.63033	357.97753	1182.93839	373.14607
100	2	1	1534.78673	512.69663	1543.88626	521.79775
100	3	0	1116.77251	572.79775	998.73934	589.41573
100	3	1	1194.87678	652.43258	1099.59242	672.08427
100	4	0	1204.73934	638.31461	917.43602	654.3427
100	4	1	1332.1327	717.19101	1110.04265	731.70225
100	5	0	1574.21801	552.13483	609.66825	573.37079
100	5	1	1082.8436	218.42697	336.68246	254.83146
100	6	0	1871.46919	712.92135	1313.36493	740.22472
100	6	1	1756.20853	649.21348	1070.7109	664.38202
100	7	0	1889.66825	482.35955	679.43128	515.73034
100	7	1	1337.63033	321.57303	245.6872	361.01124
100	8	0	661.23223	621.91011	6.06635	643.14607
100	8	1	928.15166	540	403.41232	536.96629
181	0	0	1537.81991	749.32584	254.78673	764.49438
181	0	1	1668.24645	749.32584	388.24645	767.52809
181	1	0	1040.37915	982.92135	470.14218	985.95506
181	1	1	894.78673	552.13483	94.02844	567.30337
181	2	0	1107.109	1073.93258	297.25118	1076.96629
181	2	1	809.85782	749.32584	3.03318	782.69663
183	0	0	1525.6872	712.92135	276.01896	740.22472
183	0	1	1659.14692	722.02247	412.51185	746.29213
183	1	0	703.69668	518.76404	342.74882	555.16854
183	1	1	515.63981	530.89888	206.25592	564.26966
183	2	0	339.71564	436.85393	376.11374	464.1573
183	2	1	94.02844	540	172.891	564.26966
183	3	0	1207.20379	500.5618	579.33649	521.79775
183	3	1	633.93365	503.59551	221.4218	530.89888
78	0	0	1531.75355	740.22472	269.95261	761.46067
78	0	1	1671.27962	743.25843	409.47867	767.52809
78	1	0	1527.41706	605.70225	1316.63981	623.63483
78	1	1	1374.24171	768.76404	1135.40758	749.53371
78	2	0	808.49763	694.23596	653.06635	694.06742
78	2	1	962.43128	693.47753	778.18483	710.75281
78	3	0	724.68246	545.49438	644.59716	551.79775
78	3	1	759.56398	616.78652	685.54502	641.29213
78	4	0	1317.891	564.60112	1210.43602	584.64607
78	4	1	1207.18009	576.73596	1105.03318	595.26404
78	5	0	1211.9763	469.35955	1091.29068	488.64045
78	5	1	1248.87994	526.49438	1125.16114	549.82022
78	6	0	1658.38863	465.02247	1483.41706	506.03371
78	6	1	1894.21801	470.33146	1603.98578	507.55056
78	7	0	1749.38389	325.24719	1608.70142	334.38764
78	7	1	1628.81517	414.74157	1491.16588	429.94944
78	8	0	1059.93365	198.90449	947.56398	215.6236
78	8	1	941.63981	213.31461	839.12796	234.58427
78	9	0	1259.24171	267.82022	1038.55924	282.36517
78	9	1	1410.90047	242.79213	1182.63507	251.26966
78	10	0	964.01896	328.65169	748.41706	348.20225
78	10	1	816.15166	305.89888	628.60664	330.75843
78	11	0	384.72038	120.58989	459.75355	168.61236
78	11	1	283.8673	108.45506	385.44076	164.0618
78	12	0	166.82464	199.24157	287.67773	253.91573
78	12	1	12.1327	178.76404	147.39336	244.81461
78	13	0	290.42654	205.30899	428.72038	249.36517
78	13	1	191.84834	184.07303	334.69194	237.23034
78	14	0	1770.61611	388.16292	1539.62085	401.81461
78	14	1	1600.75829	379.0618	1399.33649	387.40449
78	15	0	1438.7346	47.7809	1494.91943	37.16292
78	15	1	1321.95735	69.77528	1364.49289	63.70787
84	0	0	1540.85308	743.25843	282.08531	758.42697
84	0	1	1668.24645	743.25843	409.47867	767.52809
84	1	0	1390.85782	976.09551	1224.1564	1007.94944
84	1	1	1495.50237	968.51124	1342.45024	1008.70787
84	2	0	703.88152	998.84831	539.37915	999.60674
84	2	1	825.96682	1012.5	653.88152	1018.56742
84	3	0	692.8673	1030.70225	496.65877	1029.94382
84	3	1	856.65877	995.81461	640.7346	1001.88202
84	4	0	1525.48341	975.33708	1408.30806	1021.60112
84	4	1	1702.92417	982.92135	1578.92417	1036.01124
5	0	0	783.90047	736.26966	868.30806	679.99438
5	0	1	976.50711	755.98876	1026.79147	745.97753
8	0	0	1483.22275	679.55056	300.28436	676.51685
8	0	1	1610.61611	679.55056	427.67773	682.58427
8	1	0	1085.87678	743.25843	1088.90995	728.08989
8	1	1	1219.33649	600.67416	1243.6019	579.4382
8	2	0	1871.46919	864.60674	1577.25118	897.97753
8	2	1	1616.68246	1010.22472	1140.47393	1031.46067
8	3	0	1177.59242	345.13483	1465.0237	309.37079
8	3	1	1320.15166	273.8427	1642.46445	230.49438
8	4	0	718.86256	603.70787	906.91943	576.40449
8	4	1	409.47867	728.08989	594.50237	673.48315
8	5	0	735.75355	425.42697	1057.74882	386.02247
8	5	1	919.26066	376.88764	1247.32227	337.48315
8	6	0	923.81043	349.58427	1198.79147	310.17978
8	6	1	1139.16588	276.77528	1427.79621	237.37079
8	7	0	1492.32227	467.03371	1829.00474	442.10112
8	7	1	1543.88626	447.31461	1897.25118	426.93258
11	0	0	1449.85782	679.55056	291.18483	682.58427
11	0	1	1580.28436	691.68539	412.51185	691.68539
11	1	0	906.91943	791.79775	306.35071	734.1573
11	1	1	712.79621	230.5618	233.5545	215.39326
11	2	0	1173.83886	640.11236	649.09953	600.67416
11	2	1	1574.21801	934.38202	919.05213	985.95506
11	3	0	858.38863	403.48315	470.14218	379.21348
11	3	1	1298.19905	327.64045	970.61611	336.74157
11	4	0	1747.109	828.20225	1125.30806	822.13483
11	4	1	1322.46445	424.7191	749.19431	400.44944
11	5	0	1449.85782	1046.62921	1261.80095	1055.73034
11	5	1	1122.27488	831.23596	988.81517	810
11	6	0	426.4218	1039.04494	219.41232	959.39888
11	6	1	534.09953	970.02809	468.1327	922.99438
17	0	0	1481.92891	957.70787	1207.38389	979.80899
17	0	1	1833.01896	859.87079	1408.33175	882.73034
17	1	0	1741.04265	637.07865	1125.30806	646.17978
17	1	1	1789.57346	87.97753	1613.64929	145.61798
17	2	0	1352.79621	725.05618	982.74882	725.05618
17	2	1	812.891	943.48315	385.21327	910.11236
17	3	0	1070.7109	685.61798	676.3981	670.44944
17	3	1	1677.34597	570.33708	1210.23697	567.30337
13	0	0	1374.02844	843.37079	100.09479	864.60674
13	0	1	1577.25118	837.30337	315.45024	897.97753
13	1	0	1250.4455	783.49438	608.45972	799.25843
13	1	1	1418.02844	697.03371	827.60664	746.16854
13	2	0	1598.50237	753.91573	917.8436	803.05056
13	2	1	1277.74408	791.83708	562.96209	832.62921
13	3	0	1777.44076	694.7191	1452.891	767.52809
13	3	1	1222.36967	606.74157	994.88152	643.14607
14	0	0	1424.7619	881.55477	163.80952	908.87324
14	0	1	1638.09524	919.71731	373.33333	962.11268
X2	0	0	1437.72512	1019.32584	509.57346	1049.66292
X2	0	1	1604.54976	1022.35955	973.64929	1070.89888
X2	1	0	1550.90521	918.45506	1578.23697	1001.1236
X2	1	1	1727.58768	932.86517	1710.18009	1029.18539
X2	2	0	1623.50711	958.99438	1559.05213	1054.21348
X2	2	1	1889.66825	972.64607	1885.11848	1076.20787
X2	3	0	897.81991	928.31461	776.49289	976.85393
X2	3	1	1246.63507	982.92135	1140.47393	1052.69663
15	0	0	1549.95261	867.64045	272.98578	897.97753
15	0	1	1643.98104	864.60674	363.98104	894.94382
15	1	0	1186.16114	124.38202	1615.16588	77.35955
15	1	1	1307.48815	78.8764	1763.79147	22.75281
15	2	0	726.44076	348.83146	1051.00474	342.10112
15	2	1	606.63033	368.55056	928.16114	361.82022
15	3	0	379.14692	698.61798	289.66825	680.68539
15	3	1	174.40758	766.8764	54.59716	738.32584
15	4	0	1203.10427	253.2809	1362.35545	238.14607
15	4	1	1090.87678	324.57303	1227.37915	313.98876
16	0	0	1504.45498	870.67416	242.65403	891.91011
16	0	1	1601.51659	870.67416	336.68246	891.91011
16	1	0	1631.84834	816.06742	1298.19905	849.4382
16	1	1	1916.20853	845.61236	1653.08057	888.8764
X1	0	0	230.52133	800.89888	1483.22275	770.5618
X1	0	1	439.81043	846.40449	1692.51185	810
9	0	0	1572.62272	700.24938	309.67742	700.24938
9	0	1	1709.95792	705.63591	433.54839	721.79551
9	1	0	1257.55961	966.88279	859.01823	961.49626
9	1	1	1580.70126	1009.97506	1039.43899	1028.82793
9	2	0	1459.52314	460.54863	1271.02384	474.01496
9	2	1	1639.9439	608.6783	1394.89481	597.90524
9	3	0	1788.05049	579.05237	1545.69425	573.66584
9	3	1	1879.60729	557.50623	1470.29453	579.05237
9	4	0	908.32398	428.46384	1026.93829	428.17706
9	4	1	826.19215	468.18953	956.92426	471.94264
9	5	0	1248.07574	244.80299	1348.74334	233.87032
9	5	1	1294.52735	204.40399	1373.65217	192.12469
9	6	0	1164.59748	247.49626	1251.12763	246.66334
9	6	1	1056.88359	236.72319	1154.85835	233.19701
9	7	0	1279.10238	193.91521	1322.18794	199.30175
9	7	1	1120.2244	250.47382	1079.8317	253.16708
9	8	0	1594.1655	929.17706	859.01823	953.41646
9	8	1	950.57504	1036.90773	441.62693	1036.90773
9	9	0	565.4979	323.19202	764.76858	344.73815
9	9	1	150.79944	530.57357	363.53436	535.9601
12	0	0	1574.21801	697.75281	294.21801	709.88764
12	0	1	1707.67773	697.75281	430.7109	715.95506
12	1	0	1324.99052	493.44382	1551	496.27528
12	1	1	1499.3981	510.88764	1739.81517	509.16854
12	2	0	1128.3981	1013.25843	931.8673	1011.74157
12	2	1	1410.48341	925.2809	1273.09953	978.37079
37	0	0	1565.11848	679.55056	324.54976	688.65169
37	0	1	1689.47867	700.78652	454.9763	718.98876
37	1	0	1777.44076	1031.46067	967.58294	1055.73034
37	1	1	1280	1076.96629	339.71564	1067.86517
2	0	0	752.22749	1070.89888	1292.1327	1067.86517
2	0	1	903.88626	588.53933	1352.79621	555.16854
2	1	0	570.23697	728.08989	1143.50711	728.08989
2	1	1	991.84834	549.10112	1455.92417	533.93258
2	2	0	1308.50395	1020.33708	902.0316	1005.67416
2	2	1	1372.20063	1023.37079	962.18957	1004.66292
2	3	0	1087.20379	518.72472	1314.27014	512.69101
2	3	1	1396.58768	522.51685	1632.75355	514.96629
2	4	0	1199.07109	199.30337	1099.33649	206.29213
2	4	1	1297.64929	149.24719	1185.0237	147.89326
1	0	0	380.66351	573.03371	451.41706	588.6236
1	0	1	104.64455	542.69663	223.92891	562.07865
1	1	0	818.06161	447.14607	1078.63507	472.89888
1	1	1	906.0237	494.92697	1146.12322	516.12921
1	2	0	1127.91943	227.55618	1410.01896	229.07303
1	2	1	964.88626	224.52247	1231.06161	232.86517
1	3	0	1441.80569	125.89888	1818.38863	95.5618
1	3	1	1498.67773	122.86517	1867.67773	87.2191
1	4	0	956.20379	613.41573	940.54502	628.75281
1	4	1	823.50237	589.90449	747.18009	602.96629
1	5	0	1607.11848	905.5618	1390.55924	967.75281
1	5	1	1447.11848	1057.24719	1044.69668	1064.07303
10	0	0	1540.85308	715.95506	285.11848	712.92135
10	0	1	1674.3128	709.88764	418.5782	731.1236
10	1	0	1307.29858	448.98876	727.96209	455.05618
10	1	1	1801.70616	279.10112	912.98578	285.16854
10	2	0	573.27014	1064.83146	12.1327	1052.69663
10	2	1	858.38863	743.25843	458.00948	746.29213
10	3	0	1207.20379	54.60674	755.26066	75.8427
10	3	1	464.07583	297.30337	160.75829	315.50562
10	4	0	709.76303	139.55056	788.62559	169.88764
10	4	1	185.0237	51.57303	282.08531	127.41573
38	0	0	1540.85308	752.35955	260.85308	770.5618
38	0	1	1674.3128	743.25843	397.34597	782.69663
38	1	0	585.40284	624.94382	439.81043	637.07865
38	1	1	385.21327	485.39326	269.95261	515.73034
38	2	0	682.46445	970.78652	75.82938	995.05618
38	2	1	931.18483	1037.52809	454.9763	1043.59551
19	0	0	309.38389	758.42697	1522.65403	746.29213
19	0	1	436.77725	752.35955	1659.14692	737.19101
19	1	0	1495.35545	18.20225	1546.91943	36.40449
19	1	1	1255.7346	36.40449	1286.06635	37.92135
19	2	0	1169.8673	33.37079	1213.98578	19.7191
19	2	1	880.19905	89.49438	918.25118	57.64045
19	3	0	579.33649	403.48315	809.85782	376.17978
19	3	1	333.64929	303.37079	561.13744	263.93258
19	4	0	667.29858	1067.86517	1213.27014	1061.79775
19	4	1	166.82464	1028.42697	730.99526	979.88764
19	5	0	689.96682	875.06742	1232.109	844.32584
19	5	1	227.40758	724.89888	680.07109	756.34831
19	6	0	1002.82938	67.5	720.57504	39.86517
19	6	1	1247.75829	47.02247	937.44708	32.78652
19	7	0	188.05687	176.19663	6.06635	101.62921
19	7	1	401.89573	103.38764	222.93839	38.67978
19	8	0	749.19431	221.46067	973.64929	209.32584
19	8	1	1367.96209	282.13483	1671.27962	279.10112
19	9	0	870.52133	300.33708	1164.73934	294.26966
19	9	1	1016.11374	591.57303	1647.01422	576.40449
166	0	0	1471.09005	670.44944	300.28436	670.44944
166	0	1	1592.41706	670.44944	424.64455	670.44944
166	1	0	397.71564	382.58989	9.09953	361.01124
166	1	1	576.67299	378.79775	220.66351	352.64045
166	2	0	1190.07109	391.06742	1124.05213	363.23596
166	2	1	1085.42654	369.83146	1023.95735	345.03371
166	3	0	405.12322	242.03371	206.38389	230.03371
166	3	1	513.55924	232.17416	339.08531	217.89888
166	4	0	1883.6019	157.75281	1880.56872	94.04494
166	4	1	1313.36493	39.4382	1210.23697	12.13483
166	5	0	268.50237	397	62.18009	368.55056
166	5	1	469.45024	403.82584	267.67773	381.44382
166	6	0	1114.19905	739.61798	476.20853	776.62921
166	6	1	1023.96209	968.66292	209.2891	922.24719
166	7	0	1016.37915	473.10112	902.98578	455.61798
166	7	1	865.47867	498.88764	749.05213	473.0618
166	8	0	979.71564	397.41573	658.19905	391.34831
166	8	1	840.18957	342.80899	579.33649	294.26966
166	9	0	1734.9763	855.50562	955.45024	861.57303
166	9	1	1656.11374	697.75281	1173.83886	770.5618
52	0	0	1495.35545	658.31461	324.54976	646.17978
52	0	1	1616.68246	649.21348	439.81043	652.24719
52	1	0	548.4218	287.83146	153.93365	278.92697
52	1	1	333.82464	228.67416	48.53081	203.08427
52	2	0	709.93839	90.25281	421.61137	75.8427
52	2	1	886.62085	3.79213	636.96682	0
52	3	0	1549.95261	361.01124	1125.30806	330.67416
52	3	1	1613.64929	476.29213	1101.04265	458.08989
52	4	0	1349.76303	533.93258	585.40284	527.86517
52	4	1	1003.98104	354.94382	379.14692	339.77528
52	5	0	919.05213	288.20225	154.69194	285.16854
52	5	1	800.75829	69.77528	72.79621	63.70787
52	6	0	1628.81517	266.96629	1164.73934	245.73034
52	6	1	1565.11848	54.60674	1140.47393	39.4382
52	7	0	831.09005	206.29213	169.85782	194.1573
52	7	1	758.29384	30.33708	154.69194	24.26966
40	0	0	1468.05687	679.55056	272.98578	694.7191
40	0	1	1595.45024	688.65169	400.37915	700.78652
40	1	0	1086.17536	959.41011	898.89573	954.51124
40	1	1	1228.7346	985.95506	1000.50711	998.5
40	2	0	606.89573	489.68539	665.62559	475.44382
40	2	1	526.51659	469.20787	580.69668	458.75843
40	3	0	496.18483	476.03371	611.02844	464.82584
40	3	1	437.03791	467.69101	554.91469	455.72472
40	4	0	507.55924	601.17416	557.18957	583.14045
40	4	1	440.82938	587.52247	478.32701	572.52247
40	5	0	556.09005	560.97753	543.54028	559.62921
40	5	1	536.37441	563.25281	503.35071	542.94382
40	6	0	736.12322	494.33708	677.76303	482.55618
40	6	1	779.34597	518.60674	693.6872	518.20225
40	7	0	702.75829	577.00562	683.82938	563.70787
40	7	1	784.98104	611.47753	742.21801	599.35393
40	8	0	842.61137	596.30899	862.02844	588.73596
40	8	1	751.61611	587.96629	766.48341	574.32584
40	9	0	837.6019	725.98876	744.20379	641.31461
40	9	1	901.29858	717.64607	753.30332	658
40	10	0	946.79621	715.37079	746.47867	711.08989
40	10	1	1091.34597	749.97191	904.96209	752.80337
40	11	0	1025.37441	709.01685	910.27014	705.7809
40	11	1	1151.25118	663.51124	1046.00474	666.3427
40	12	0	1032.95735	605.87079	949.70142	599.60112
40	12	1	1133.05213	623.31461	1074.81991	624.62921
40	13	0	1140.63507	581.60112	1255.14218	576.96067
40	13	1	1065.56398	571.74157	1181.58768	564.82584
40	14	0	954.13744	596.73596	1082.25118	587.57865
40	14	1	882.85782	583.8427	1013.24645	574.68539
40	15	0	1635.92417	773.39326	1675.29384	796.31461
40	15	1	1519.90521	747.60674	1558.51659	777.35393
40	16	0	1769.99052	834.63483	1669.76303	968.39888
40	16	1	1876.15166	852.07865	1916.20853	994.94382
40	17	0	1704.01896	800.50562	1669.76303	873.59551
40	17	1	1775.29858	817.94944	1802.46445	898.6236
40	18	0	1495.83886	593.54494	1589.38389	597.64045
40	18	1	1404.8436	595.0618	1501.4218	597.64045
40	19	0	1807.01422	739.99438	1734.21801	769.30899
40	19	1	1686.4455	736.20225	1629.57346	760.96629
40	20	0	1623.63981	786.68539	1688.72038	819.10112
40	20	1	1710.08531	783.65169	1789.57346	818.3427
40	21	0	1216.41232	839.17416	964.54976	846.40449
40	21	1	1073.09479	835.38202	849.2891	834.26966
40	22	0	1538.70616	1054.97191	1273.64929	1078.48315
40	22	1	1581.17062	1025.39326	1369.19431	1061.79775
40	23	0	1676.58768	952.92697	1484.70142	990.50562
40	23	1	1800.18957	920.31461	1661.38389	970.02809
40	24	0	1915.45024	979.12921	1745.35071	1036.01124
40	24	1	1764.54976	1023.8764	1503.45498	1070.14045
40	25	0	1568.73934	742.10674	1711.46919	762.61798
40	25	1	1618.02844	776.99438	1783.50711	810.39888
41	0	0	1504.45498	937.41573	224.45498	916.17978
41	0	1	1634.88152	946.51685	342.74882	916.17978
41	1	0	1299.20379	1049.66292	922.80569	1056.48876
41	1	1	1247.63981	1032.2191	897.0237	1029.18539
41	2	0	1196.81991	673.85955	1200.22275	666.20787
41	2	1	1105.06635	661.72472	1102.40284	657.86517
41	3	0	1318.90521	679.16854	1288.18483	676.82584
41	3	1	1210.46919	690.54494	1166.85782	688.96067
41	4	0	1479.61611	620.84831	1537.41232	611.2809
41	4	1	1416.67773	642.8427	1441.109	635.55056
41	5	0	1622.17536	552.58989	1742.90995	531.64607
41	5	1	1526.63033	545.76404	1634.47393	529.37079
41	6	0	1722.27014	645.8764	1812.32227	636.26404
41	6	1	1623.69194	650.42697	1683.41232	638.53933
41	7	0	1671.27962	725.35393	1696.30332	725
41	7	1	1780.47393	714.73596	1820.66351	712.86517
41	8	0	1240.94787	802.63483	1031.14692	797.88202
41	8	1	1297.81991	977.07303	1009.1564	982.9382
41	9	0	1431.27962	854.96629	1178.25592	854.76404
41	9	1	1411.56398	752.57865	1216.17062	756.16854
41	10	0	1612.1327	723.3427	1460.82938	713.15169
41	10	1	1696.30332	809.04494	1471.4455	810.23034
41	11	0	1820.66351	866.51124	1564.98104	870.6236
41	11	1	1919.24171	822.52247	1765.17062	806.1573
41	12	0	1721.48341	563.67416	1911.65877	543.52247
41	12	1	1660.81991	538.64607	1858.5782	522.28652
160	0	0	1556.01896	797.86517	266.91943	819.10112
160	0	1	1686.4455	800.89888	394.3128	825.16854
160	1	0	1498.38863	779.66292	764.36019	834.26966
160	1	1	1167.77251	646.17978	130.42654	640.11236
160	2	0	1213.64929	554.24157	807.01422	556.2809
160	2	1	1433.5545	605.81461	927.58294	619.98876
160	3	0	1479.58768	211.3427	1590.56398	181.14045
160	3	1	1543.28436	212.85955	1651.98578	183.41573
160	4	0	1580.28436	709.88764	285.11848	752.35955
160	4	1	970.61611	764.49438	12.1327	782.69663
160	5	0	1204.17062	615.8427	879.62085	627.97753
160	5	1	922.08531	655.2809	588.43602	652.24719
160	6	0	430.7109	591.57303	139.52607	585.50562
160	6	1	197.1564	524.83146	3.03318	524.83146
160	7	0	1425.59242	670.44944	1067.67773	688.65169
160	7	1	1383.12796	773.59551	937.25118	794.83146
160	8	0	1806.25592	274.47753	1917.72512	239.75843
160	8	1	1675.82938	243.38202	1800.18957	203.35393
164	0	0	1537.81991	740.22472	291.18483	758.42697
164	0	1	1671.27962	740.22472	424.64455	764.49438
164	1	0	1067.67773	1064.83146	488.34123	1061.79775
164	1	1	1583.31754	946.51685	997.91469	976.85393
164	2	0	1650.04739	675.44382	1632.60664	776.06742
164	2	1	1733.45972	642.07303	1752.41706	758.6236
164	3	0	1746.35071	720.41011	1725.87678	802.3427
164	3	1	1828.24645	671.11236	1839.62085	803.10112
164	4	0	1692.51185	733.27528	1635.63981	792.61798
164	4	1	1788.81517	721.89888	1738.76777	766.07303
164	5	0	1466.59716	943.06742	1615.48815	981.40449
164	5	1	1541.66825	924.86517	1688.28436	974.57865
50	0	0	1480.18957	770.5618	230.52133	788.76404
50	0	1	1650.04739	794.83146	415.54502	819.10112
50	1	0	1451.66825	1002.64045	1248.65877	1023.8764
50	1	1	1659.44076	957.89326	1437.47393	991.26404
50	2	0	673.36493	412.58427	643.03318	403.48315
50	2	1	891.75355	351.91011	997.91469	348.8764
50	3	0	724.92891	949.55056	54.59716	931.34831
50	3	1	476.20853	876.74157	194.12322	837.30337
50	4	0	1255.94313	577.1236	1269.55924	572.57865
50	4	1	1447.03318	513.41573	1473.54028	507.35393
50	5	0	667.29858	828.20225	324.54976	806.96629
50	5	1	367.01422	855.50562	109.19431	834.26966
50	6	0	1240.56872	779.66292	955.45024	791.79775
50	6	1	925.11848	779.66292	697.63033	776.62921
161	0	0	871.2605	445.38462	769.84394	459.23077
161	0	1	1140.93637	186.92308	1083.31333	191.53846
165	0	0	1565.11848	682.58427	309.38389	694.7191
165	0	1	1701.61137	709.88764	439.81043	715.95506
165	1	0	1419.52607	976.85393	1252.70142	1010.22472
165	1	1	1774.40758	995.05618	1662.18009	1040.5618
165	2	0	1572.94787	852.79213	1488.75355	871.19663
165	2	1	1374.27488	807.28652	1258.99052	818.86517
165	3	0	1698.54028	931.72472	1588.61611	966.23596
165	3	1	1486.9763	914.2809	1339.89573	931.34831
165	4	0	1112.48815	734.85955	1316.96682	738.55056
165	4	1	1018.45972	720.44944	1216.87204	718.07303
165	5	0	451.94313	1034.49438	12.1327	1004.1573
165	5	1	897.81991	931.34831	497.44076	934.38202
165	6	0	1145.2891	518.13483	1506.99052	523.30899
165	6	1	1208.98578	540.88764	1579.78673	546.0618
165	7	0	876.88152	401.48315	1235.50711	404.55056
165	7	1	959.53555	419.68539	1325.74408	425.78652
165	8	0	1183.80095	507.75281	1478.20379	513.48315
165	8	1	1306.64455	538.08989	1597.25592	543.82022
165	9	0	1063.72038	603.6573	1476.87678	606.33708
165	9	1	886.27962	539.19101	1290.33649	542.62921
165	10	0	786.69194	482.96067	1183.24171	489.32584
165	10	1	658.54028	407.11798	1055.84834	415.75843
49	0	0	1574.21801	715.95506	315.45024	725.05618
49	0	1	1653.08057	546.06742	433.74408	570.33708
49	1	0	1622.74882	452.02247	1398.29384	470.22472
49	1	1	1892.70142	327.64045	1613.64929	294.26966
49	2	0	1370.99526	482.35955	1110.14218	500.5618
49	2	1	1046.4455	631.01124	885.6872	637.07865
49	3	0	1625.78199	348.8764	1370.99526	354.94382
49	3	1	1741.04265	3.03371	1307.29858	0
42	0	0	1534.78673	728.08989	260.85308	712.92135
42	0	1	1671.27962	728.08989	394.3128	712.92135
42	1	0	718.86256	931.34831	385.21327	916.17978
42	1	1	861.4218	758.42697	567.20379	791.79775
42	2	0	552.03791	934.38202	297.25118	943.48315
42	2	1	521.70616	776.62921	315.45024	770.5618
42	3	0	1011.83412	278.20787	1176.45972	292.14607
42	3	1	1071.73934	282	1237.88152	292.90449
42	4	0	1083.11374	335.08989	1257.59716	340.68539
42	4	1	1146.81043	281.24157	1319.77725	290.62921
42	5	0	1629.79621	414.30899	1647.23697	420.14045
42	5	1	1447.80569	394.58989	1417.47393	398.90449
42	6	0	339.71564	285.16854	439.81043	321.57303
42	6	1	955.45024	294.26966	997.91469	315.50562
55	0	0	1552.98578	743.25843	263.88626	688.65169
55	0	1	1680.37915	737.19101	400.37915	694.7191
55	1	0	1198.18009	1020.8427	1146.05213	1044.35393
55	1	1	1093.53555	989.74719	1015.62559	1011.74157
55	2	0	1119.24171	837.30337	1064.64455	825.16854
55	2	1	1067.67773	1037.52809	903.88626	1025.39326
55	3	0	703.69668	485.39326	630.90047	503.59551
55	3	1	967.58294	555.16854	879.62085	573.37079
55	4	0	1028.24645	1061.79775	312.41706	1061.79775
55	4	1	1634.88152	855.50562	888.72038	876.74157
55	5	0	1437.54502	1000.36517	1600.25118	1066.34831
55	5	1	1364.74882	987.47191	1491.81517	1034.49438
55	6	0	1088.7109	917.57865	1220.86256	942.41011
55	6	1	1018.18957	887.24157	1138.96682	904.48876
