OpCode	ImagePtPair	FilenameLeft	FrameLeft	FilenameRight	FrameRight	Time	Period	PeriodTime	X	Y	Z	sX	sY	sZ	RMS	Range	Direction	Family	Genus	Species	Code	Number	Stage	Activity	Comment	Attribute9	Attribute10
S10_D2	3	S10_D2_L1.1.MP4	41967	S10_D2_R1.1.MP4	41827	23.33832	Timeseabed	16.16837	197.67089000000001	185.0434	-2509.50248	1.39819	1.3952	9.27876	4.26559	2524.06765	6.07304	NA	NA	NA	NA	0	NA	NA	Vis	NA	NA
S10_D3	25	S10_D3_L1.1.MP4	33343	S10_D3_R1.1.MP4	33399	18.54241	Timeseabed	15.6295	524.5933	371.5972	-3884.47348	3.40368	3.08751	21.96237	3.06686	3937.31086	8.89911	NA	NA	NA	NA	0	NA	NA	Vis	NA	NA
S10_D4	1	S10_D4_L1.1.MP4	5042	S10_D4_R1.1.MP4	4810	2.80391		-1	-453.09991	-315.35324	-4406.47187	3.50327	2.88494	28.32279	0.71316	4440.91675	7.20554	NA	NA	NA	NA	0	NA	NA	Vis	NA	NA
S10_D5	1	S10_D5_L1.1.MP4	4024	S10_D5_R.1.MP4	3724	2.23779	Timeseabed	0	879.85445	226.95225	-4186.83532	5.58584	2.58994	25.77343	0.5854	4284.30171	12.13333	NA	NA	NA	NA	0	NA	NA	Vis	NA	NA
S11_D1	2	S11_D1_L1.1.MP4	9083	S11_D1_R1.1.MP4	10843	5.05116	Timeseabed	0.06451	-171.3528	414.13327	-5452.16645	2.90545	4.65738	42.73766	3.09386	5470.55638	3.98164	NA	NA	NA	NA	0	NA	NA	Vis	NA	NA
S11_D3	1	S11_D3_L3.1.MP4	15222	S11_D3_R3.1.MP4	14625	8.46512	Timeseabed	0	-31.91384	-142.53437	-1689.94025	0.84592	0.88457	4.3413	0.27613	1696.24073	5.60916	NA	NA	NA	NA	0	NA	NA	Vis	NA	NA
S12_D1	41	S12_D1_L1.1.MP4	44147	S12_D1_R1.1.MP4	44087	24.55064	Timeseabed	21.35244	107.09398	1682.28589	-4937.42399	2.48436	12.36602	35.10327	0.54867	5217.25125	18.42509	NA	NA	NA	NA	0	NA	NA	Vis	NA	NA
S12_D2	38	S12_D2_L2.1.MP4	54099	S12_D2_R2.1.MP4	53989	30.08506	Timeseabed	27.82391	-790.40338	-48.44141	-4781.03754	5.72783	2.31385	33.13576	0.31735	4846.17416	9.43331	NA	NA	NA	NA	0	NA	NA	Vis	NA	NA
S12_D3	42	S12_D3_L3.1.MP4	53709	S12_D3_R3.1.MP4	53861	29.86817	Timeseabed	28.39559	-305.98091	43.87093	-2213.68977	1.41933	1.10549	7.24593	0.67963	2235.16696	7.87638	NA	NA	NA	NA	0	NA	NA	Vis	NA	NA
S13_D1	10	S13_D1_L1.1.MP4	28000	S13_D1_R1.1.MP4	27572	15.57111	Timeseabed	7.26615	-507.31028	256.64543	-2493.18655	2.1172	1.53308	9.17554	1.24516	2557.18787	12.79545	NA	NA	NA	NA	0	NA	NA	Vis	NA	NA
S13_D2	24	S13_D2_L2.1.MP4	41619	S13_D2_R2.1.MP4	41416	23.14479	Timeseabed	19.05125	1177.62098	-939.58888	-3130.68825	5.19276	4.41989	14.2822	0.53261	3474.30962	25.77595	NA	NA	NA	NA	0	NA	NA	Vis	NA	NA
S13_D3	3	S13_D3_L3.1.MP4	6093	S13_D3_R3.1.MP4	5685	3.38838	Timeseabed	0.15794	229.26014	-173.63538	-5215.65292	3.03055	2.71293	39.44911	1.22811	5223.57587	3.46823	NA	NA	NA	NA	0	NA	NA	Vis	NA	NA
S14_D1	5	S14_D1_L1.1.MP4	14159	S14_D1_R1.1.MP4	13743	7.87398	Timeseabed	4.43443	-163.22876	-570.01948	-4814.06643	2.56106	4.20329	33.64575	0.41163	4850.44343	7.78464	NA	NA	NA	NA	0	NA	NA	Vis	NA	NA
S14_D2	7	S14_D2_L2.1.MP4	5303	S14_D2_R2.1.MP4	5100	2.94906	Timeseabed	1.10666	649.23675	216.93403	-4445.25429	4.56809	2.86421	28.71911	0.93308	4497.64988	8.50812	NA	NA	NA	NA	0	NA	NA	Vis	NA	NA
S14_D3	12	S14_D3_L3.1.MP4	20735	S14_D3_R3.1.MP4	20664	11.53096	Timeseabed	9.13134	1641.85442	474.78524	-3916.52837	8.87782	3.36801	22.05382	3.49591	4273.2074	23.45177	NA	NA	NA	NA	0	NA	NA	Vis	NA	NA
S15_D1	8	S15_D1_L1.MP4	41972	S15_D1_R1.MP4	41878	23.3411	Timeseabed	17.77276	-475.9495	-97.15275	-3516.89427	2.84802	1.75056	17.95303	2.3831	3550.28335	7.89019	NA	NA	NA	NA	0	NA	NA	Vis	NA	NA
S15_D2_Repeat	2	S15_D2_Repeat_L2.1.MP4	3871	S15_D2_Repeat_R2.1.MP4	2788	2.15271	Timeseabed	0.39095	2268.2543	709.69026	-5119.63537	15.85855	5.85557	37.17887	15.4293	5644.40468	24.78892	NA	NA	NA	NA	0	NA	NA	Vis	NA	NA
S15_D3	18	S15_D3_L1.MP4	10698	S15_D3_R1.MP4	10668	5.94928	Timeseabed	2.84506	2017.44069	132.56911	-4719.80186	13.31886	2.69809	32.22077	0.48933	5134.60525	23.14657	NA	NA	NA	NA	0	NA	NA	Vis	NA	NA
S16_D1	61	S16_D1_L2.MP4	12580	S16_D1_R2.MP4	12650	42.14877	Timeseabed	36.32796	159.35531	1274.55775	-4268.10254	2.26919	8.26245	26.36815	0.84217	4457.1954	16.32623	NA	NA	NA	NA	0	NA	NA	Vis	NA	NA
S16_D2	3	S16_D2_L1.MP4	3481	S16_D2_R1.MP4	3563	1.93582	Timeseabed	0.34312	990.30053	132.34943	-4143.12875	6.03798	2.24114	25.10256	3.64824	4261.89246	13.50322	NA	NA	NA	NA	0	NA	NA	Vis	NA	NA
S16_D3	37	S16_D3_L1.MP4	54413	S16_D3_R1.MP4	53568	30.25967	Timeseabed	27.57477	-742.19047	75.30502	-5509.40783	6.3336	2.82952	44.15277	11.20793	5559.68454	7.67916	NA	NA	NA	NA	0	NA	NA	Vis	NA	NA
S17_D1	15	S17_D1_L1.1.MP4	33755	S17_D1_R1.1.MP4	33684	18.77153	Timeseabed	15.8614	-856.4389	-263.15096	-2799.30579	3.50148	1.61148	11.39201	0.54753	2939.19188	18.0374	NA	NA	NA	NA	0	NA	NA	Vis	NA	NA
S17_D2	22	S17_D2_L2.1.MP4	55564	S17_D2_R2.1.MP4	55895	30.89976	Timeseabed	29.37101	268.68925	542.96228	-2249.16164	1.37907	2.17348	7.47998	0.43814	2329.31965	14.37032	NA	NA	NA	NA	0	NA	NA	Vis	NA	NA
S17_D3	1	S17_D3_L3.1.MP4	4302	S17_D3_R3.1.MP4	4013	2.39239	Timeseabed	0.35925	-242.96436	88.21569	-6386.72211	3.73231	3.36182	58.6471	0.4175	6391.95064	2.20028	NA	NA	NA	NA	0	NA	NA	Vis	NA	NA
S18_D1	31	S18_D1_L1.1.MP4	58628	S18_D1_R1.1.MP4	57771	32.60368	Timeseabed	27.96015	642.39511	-758.07591	-6623.42918	6.74011	7.73378	63.25967	2.54201	6697.54915	8.62818	NA	NA	NA	NA	0	NA	NA	Vis	NA	NA
S18_D2	45	S18_D2_L1.1.MP4	55389	S18_D2_R2.1.MP4	55515	30.80244	Timeseabed	29.39881	-1106.98006	-193.54701	-4268.77299	6.78533	2.33105	26.25426	0.67551	4414.21433	14.77087	NA	NA	NA	NA	0	NA	NA	Vis	NA	NA
S18_D3	11	S18_D3_L1.1.MP4	18646	S18_D3_R3.1.MP4	18695	10.36925	Timeseabed	0.58225	-1232.21252	1420.37475	-5292.71413	9.18235	11.45175	39.5128	0.87839	5616.81716	18.8808	NA	NA	NA	NA	0	NA	NA	Vis	NA	NA
S19_D1_Repeat	25	S19_D1_Repeat_L1.1.MP4	10882	S19_D1_Repeat_R1.1.MP4	11268	6.0516	Timeseabed	4.19586	1237.57089	51.62026	-3901.46689	6.95968	1.99539	22.28591	0.76485	4093.37151	17.59795	NA	NA	NA	NA	0	NA	NA	Vis	NA	NA
S19_D2	2	S19_D2_L2.1.MP4	8110	S19_D2_R2.1.MP4	8231	4.51006	Timeseabed	0.84918	-436.17192	85.2346	-6057.33179	4.69323	3.11716	52.9116	1.37322	6073.61336	4.14232	NA	NA	NA	NA	0	NA	NA	Vis	NA	NA
S19_D3_Repeat	2	S19_D3_Repeat_L3.1.MP4	6722	S19_D3_Repeat_R3.1.MP4	6811	3.73818	Timeseabed	0.37426	674.13083	-778.35642	-7571.76066	8.12922	8.58384	83.20259	7.94919	7641.45605	8.14951	NA	NA	NA	NA	0	NA	NA	Vis	NA	NA
S1_D1	19	S1_D1_L1.1.MP4	47199	S1_D1_R1.1.MP4	47332	26.24789	Timeseabed	25.32085	-211.07027	-388.28636	-10696.83369	5.98165	7.06525	163.99192	34.18856	10705.95945	2.74792	NA	NA	NA	NA	0	NA	NA	Vis	NA	NA
S1_D2	1	S1_D2_L2.1.MP4	4104	S1_D2_R2.1.MP4	4274	2.28228	Timeseabed	0.21966	592.56447	259.33643	-1702.97028	1.57867	1.06561	4.34219	0.22067	1821.6739	20.65639	NA	NA	NA	NA	0	NA	NA	Vis	NA	NA
S1_D3	39	S1_D3_L3.1.MP4	49288	S1_D3_R3.1.MP4	49385	27.4096	TimeSeaBed	24.37101	-1174.77001	450.57203	-2793.80999	4.6768	2.35519	11.3583	8.14528	3064.06168	24.00787	NA	NA	NA	NA	0	NA	NA	Vis	NA	NA
S20_D1	8	S20_D1_L1.1.MP4	5690	S20_D1_R1.1.MP4	6131	3.16427	Timeseabed	1.62663	-2289.29224	-263.62012	-5501.5849	17.19978	3.24337	42.69512	1.17063	5964.71214	22.74179	NA	NA	NA	NA	0	NA	NA	Vis	NA	NA
S20_D2	32	S20_D2_L2.1.MP4	52011	S20_D2_R2.1.MP4	52378	28.9239	Timeseabed	26.16558	-1151.23378	1317.68464	-4085.13628	6.55297	8.10096	23.4584	2.6802	4444.09388	22.50894	NA	NA	NA	NA	0	NA	NA	Vis	NA	NA
S20_D3_Repeat	11	S20_D3_Repeat_L3.1.MP4	21996	S20_D3_Repeat_R3.1.MP4	24723	12.23222	Timeseabed	9.28094	-913.38498	-303.4858	-4759.08094	6.4903	3.01489	32.96518	0.31238	4855.43275	11.50296	NA	NA	NA	NA	0	NA	NA	Vis	NA	NA
S21_D1	5	S21_D1_L1.1.MP4	35426	S21_D1_R1.1.MP4	35289	19.70079	Timeseabed	17.41406	-74.47338	-479.79895	-4208.85776	2.07831	3.27743	25.79837	0.08686	4236.772	7.36296	NA	NA	NA	NA	0	NA	NA	Vis	NA	NA
S21_D2	1	S21_D2_L2.1.MP4	57799	S21_D2_R2.1.MP4	57634	32.14267	Timeseabed	30.04223	1130.03159	-72.69962	-4859.95706	8.04762	2.38761	34.42405	357.03056	4990.1342	13.18965	NA	NA	NA	NA	0	NA	NA	Vis	NA	NA
S21_D3	1	S21_D3_L3.1.MP4	3344	S21_D3_R3.1.MP4	3748	1.85964	Timeseabed	0.0178	2743.57216	-771.95494	-7067.8196	27.04979	8.28816	71.58908	6.05419	7620.83831	21.99615	NA	NA	NA	NA	0	NA	NA	Vis	NA	NA
S22_D1	44	S22_D1_L1.1.MP4	56947	S22_D1_R1.1.MP4	57503	31.66886	Timeseabed	29.45999	1638.86967	-490.65784	-3882.85828	9.01633	3.2786	22.01777	0.04691	4243.02101	23.81019	NA	NA	NA	NA	0	NA	NA	Vis	NA	NA
S22_D2	1	S22_D2_L2.1.MP4	5007	S22_D2_R2.1.MP4	5250	2.78445	Timeseabed	0.07174	1919.38618	-163.40253	-4974.18367	13.29048	2.5425	35.61427	1.83173	5334.1585	21.2135	NA	NA	NA	NA	0	NA	NA	Vis	NA	NA
S22_D3	6	S22_D3_L3.1.MP4	6817	S22_D3_R3.1.MP4	6748	3.79101	Timeseabed	0.90312	614.7828	230.47304	-6450.91968	6.43546	4.15371	60.41145	0.93052	6484.24556	5.64813	NA	NA	NA	NA	0	NA	NA	Vis	NA	NA
S23_D1	1	S23_D1_L1.1.MP4	18277	S23_D1_R1.1.MP4	18155	10.16404	Timeseabed	0.44823	2008.35535	-451.0678	-4626.11255	13.41737	3.56905	31.74565	0.90386	5063.3853	24.10717	NA	NA	NA	NA	0	NA	NA	Vis	NA	NA
S23_D2	20	S23_D2_L2.1.MP4	36064	S23_D2_R2.1.MP4	36453	20.05559	Timeseabed	17.23333	2603.20834	-156.20853	-5426.94835	19.15369	2.71561	41.61964	2.66799	6021.03505	25.69781	NA	NA	NA	NA	0	NA	NA	Vis	NA	NA
S23_D3	16	S23_D3_L3.1.MP4	56114	S23_D3_R3.1.MP4	56147	31.20562	Timeseabed	28.05636	159.45924	116.13229	-4539.85293	2.41956	2.33679	30.12795	0.51363	4544.13672	2.42361	NA	NA	NA	NA	0	NA	NA	Vis	NA	NA
S24_D1	14	S24_D1_L1.1.MP4	51504	S24_D1_R1.1.MP4	51449	28.64195	Timeseabed	27.64095	-1090.58253	-715.26245	-5407.84189	8.53985	6.00231	42.00597	0.69719	5562.88815	13.62843	NA	NA	NA	NA	0	NA	NA	Vis	NA	NA
S24_D2	1	S24_D2_L1.1.MP4	5052	S24_D2_R2.1.MP4	5563	2.80947	Timeseabed	0.15849	-1500.75004	-535.8828	-4395.45946	9.15869	3.61983	27.53166	5.4046	4675.41281	20.20636	NA	NA	NA	NA	0	NA	NA	Vis	NA	NA
S24_D3	32	S24_D3_L3.1.MP4	46510	S24_D3_R3.1.MP4	46548	25.86473	Timeseabed	23.25768	-966.68588	1732.04332	-6615.77611	9.38172	17.48843	62.43253	21.35651	6906.73216	15.96643	NA	NA	NA	NA	0	NA	NA	Vis	NA	NA
S25_D1	31	S25_D1_L1.2.MP4	16315	S25_D1_R1.2.MP4	17178	44.22585	Timeseabed	30.53606	-511.75714	-351.84652	-5305.88227	4.57757	3.60559	40.96458	5.59393	5342.10426	6.80006	NA	NA	NA	NA	0	NA	NA	Vis	NA	NA
S25_D2	27	S25_D2_L2.1.MP4	62682	S25_D2_R2.1.MP4	62914	34.85816	Timeseabed	30.24077	-63.11073	-446.34894	-8639.90139	4.19021	6.3658	107.09179	6.13761	8651.65339	3.37112	NA	NA	NA	NA	0	NA	NA	Vis	NA	NA
S25_D3	17	S25_D3_L3.1.MP4	37393	S25_S3_R3.1.MP4	37233	20.79466	Timeseabed	17.99909	-412.83145	-711.58087	-5321.38901	3.96702	5.68431	40.81905	5.77292	5384.60381	9.20791	NA	NA	NA	NA	0	NA	NA	Vis	NA	NA
S26_D1	25	S26_D1_L1.1.MP4	58062	S26_D1_R1.1.MP4	58707	32.28892	Timeseabed	29.91044	2741.36813	-258.19549	-5839.65215	21.88056	3.18503	48.34577	6.64213	6456.26063	25.32828	NA	NA	NA	NA	0	NA	NA	Vis	NA	NA
S26_D2	11	S26_D2_L2.1.MP4	45741	S26_D2_R2.1.MP4	46690	25.43708	Timeseabed	23.06193	497.29216	-512.70273	-5007.52202	4.24193	3.97596	36.42556	0.20666	5058.20525	8.79781	NA	NA	NA	NA	0	NA	NA	Vis	NA	NA
S26_D3	24	S26_D3_L3.1.MP4	59902	S26_D3_R3.1.MP4	59316	33.31217	Timeseabed	30.15902	86.17427	-973.49434	-4353.0027	2.1571	6.37586	27.50734	0.38007	4461.36187	12.77891	NA	NA	NA	NA	0	NA	NA	Vis	NA	NA
S27_D1	4	S27_D1_L1.1.MP4	24294	S27_D1_R1.1.MP4	24219	13.51016	First Appearance	12.34344	390.7877	-506.2739	-5180.30461	3.75659	4.32283	38.90039	2.60998	5219.63449	7.32584	NA	NA	NA	NA	0	NA	NA	Vis	NA	NA
S27_D2	13	S27_D2_L2.1.MP4	57905	S27_D2_R2.1.MP4	57973	32.20161	Timeseabed	29.42773	-494.87868	808.8934	-7831.06127	6.55748	10.55917	87.85588	4.06665	7888.2656	6.4610900000000004	NA	NA	NA	NA	0	NA	NA	Vis	NA	NA
S27_D3	11	S27_D3_L3.1.MP4	55417	S27_D3_R3.1.MP4	59298	30.81801	Timeseabed	28.45732	-1701.5845	-49.19684	-6354.97947	15.44285	3.0585	58.32458	11.8852	6579.02532	15.00338	NA	NA	NA	NA	0	NA	NA	Vis	NA	NA
S2_D1	10	S2_D1_L1.2.MP4	835	S2_D1_R1.2.MP4	269	35.61725	Timeseabed	28.11253	319.05867	311.14139	-4501.93026	2.95946	3.3186	29.43819	12.07593	4523.93451	5.07697	NA	NA	NA	NA	0	NA	NA	Vis	NA	NA
S2_D2	2	S2_D2_L2.1.MP4	6753	S2_D2_R2.1.MP4	7537	3.75542	Timeseabed	0.37204	973.84326	-234.31623	-5328.04316	7.6931	2.8974	41.22367	3.30576	5421.37609	10.85392	NA	NA	NA	NA	0	NA	NA	Vis	NA	NA
S30_D1	28	S30_D1_L1.1.MP4	55101	S30_D1_R1.1.MP4	54409	30.64228	Timeseabed	28.46065	-1066.28419	-170.52088	-6541.03188	10.28676	3.47309	61.90864	4.28894	6629.5654	9.39258	NA	NA	NA	NA	0	NA	NA	Vis	NA	NA
S31_D1	7	S31_D1_L1.1.MP4	27175	S31_D1_R1.1.MP4	27218	15.11232	Timeseabed	13.31775	339.62655	-264.8754	-4350.34983	2.95218	2.5545	27.58322	1.23042	4371.61855	5.94975	NA	NA	NA	NA	0	NA	NA	Vis	NA	NA
S31_D3	31	S31_D3_L3.1.MP4	34685	S31_D3_R3.1.MP4	34463	19.28871	Timeseabed	14.79756	1340.54734	1740.88841	-5642.3109	10.82726	14.8799	45.61768	4.33842	6055.0336	20.65577	NA	NA	NA	NA	0	NA	NA	Vis	NA	NA
S32_D1	8	S32_D1_L1.1.MP4	34506	S32_D1_R1.1.MP4	35623	19.18917	Timeseabed	13.95728	28.43424	414.49914	-5712.05851	2.74788	4.59899	47.06786	2.89354	5727.14854	3.80164	NA	NA	NA	NA	0	NA	NA	Vis	NA	NA
S32_D3	14	S32_D3_L3.1.MP4	31816	S32_D3_R3.1.MP4	29835	17.69323	Timeseabed	14.43942	-651.98328	-22.71844	-8675.90269	8.99097	4.16554	108.72556	2.16552	8700.39573	4.3056	NA	NA	NA	NA	0	NA	NA	Vis	NA	NA
S33_D1	5	S33_D1_L1.1.MP4	5026	S33_D1_R1.1.MP4	5078	2.79501	Timeseabed	0.75131	1021.60915	-445.20335	-5110.80934	7.70984	3.72752	38.06946	3.48957	5230.89508	12.63703	NA	NA	NA	NA	0	NA	NA	Vis	NA	NA
S33_D2	2	S33_D2_L2.1.MP4	5900	S33_D2_R3.1.MP4	5897	3.28106	Timeseabed	0.38316	800.90494	-1102.30544	-6225.90548	7.61901	9.48384	56.23413	13.65401	6373.25859	13.09608	NA	NA	NA	NA	0	NA	NA	Vis	NA	NA
S34_D1	9	S34_D1_L1.1.MP4	20656	S34_D1_R1.1.MP4	21005	11.48703	Timeseabed	10.33533	1196.8565	-133.46462	-6161.43574	10.77465	3.08012	55.00768	5.10943	6278.02267	11.1199	NA	NA	NA	NA	0	NA	NA	Vis	NA	NA
S34_D2	14	S34_D2_L2.1.MP4	20476	S34_D2_R2.1.MP4	20480	11.38693	Timeseabed	8.88109	1585.72766	-373.23637	-4819.48281	10.92631	3.14036	33.88438	0.93095	5087.362	18.90605	NA	NA	NA	NA	0	NA	NA	Vis	NA	NA
S35_D1	21	S35_D1_L1.1.MP4	54606	S35_D1_R1.1.MP4	54629	30.367	Timeseabed	28.60135	2423.53568	1239.61272	-5240.7297	17.75853	9.90559	39.52662	3.34929	5905.54085	27.23222	NA	NA	NA	NA	0	NA	NA	Vis	NA	NA
S35_D2	1	S35_D2_L2.1.MP4	5464	S35_D2_R2.1.MP4	5507	3.03859	Timeseabed	1.1923	-683.65066	-607.74579	-5632.97637	6.0395200000000004	5.54896	46.07752	4.13194	5706.76405	9.2987	NA	NA	NA	NA	0	NA	NA	Vis	NA	NA
S35_D3	7	S35_D3_L3.1.MP4	16448	S35_D3_R3.1.MP4	16379	9.14692	Timeseabed	6.51262	-534.24413	518.66518	-5843.91837	5.17245	5.42941	49.22464	0.76976	5891.16392	7.01555	NA	NA	NA	NA	0	NA	NA	Vis	NA	NA
S36_D1	17	S36_D1_L1.2.MP4	16844	S36_D1_R1.2.MP4	16725	44.52003	Timeseabed	29.94047	2791.01799	72.84444	-7170.5772	28.03549	3.97837	73.80798	13.03036	7694.95063	21.26756	NA	NA	NA	NA	0	NA	NA	Vis	NA	NA
S36_D2	1	S36_D2_L2.1.MP4	9207	S36_D2_R2.1.MP4	7112	5.12012	Timeseabed	1.55544	1883.83698	31.0154	-4145.5617	10.89662	2.10475	24.861	15.69435	4553.62334	24.44207	NA	NA	NA	NA	0	NA	NA	Vis	NA	NA
S36_D3	5	S36_D3_L3.1.MP4	7180	S36_D3_R3.1.MP4	6325	3.99288	Timeseabed	1.33522	-441.4038	19.3923	-2810.60153	2.17347	1.37376	11.62509	0.99968	2845.11764	8.92542	NA	NA	NA	NA	0	NA	NA	Vis	NA	NA
S37_D1	23	S37_D1_L1.1.MP4	55394	S37_D1_R1.1.MP4	55446	30.80522	Timeseabed	29.584	1280.22816	-561.94868	-6433.26944	11.89571	5.7224	59.78686	5.88216	6583.44333	12.41008	NA	NA	NA	NA	0	NA	NA	Vis	NA	NA
S37_D3	2	S37_D3_L3.1.MP4	28710	S37_D3_R3.1.MP4	28511	15.96595	Timeseabed	8.88165	964.60588	-565.87804	-3942.27586	5.70275	3.61347	22.97752	2.1849	4097.83131	16.08646	NA	NA	NA	NA	0	NA	NA	Vis	NA	NA
S38_D2	14	S38_D2_L2.1.MP4	58186	S38_D2_R2.1.MP4	58062	32.35788	Timeseabed	30.28303	170.11985	-316.76244	-4525.57488	2.44314	2.97478	29.9654	1.05144	4539.83559	4.64186	NA	NA	NA	NA	0	NA	NA	Vis	NA	NA
S38_D3	14	S38_D3_L3.1.MP4	56081	S38_D3_R3.1.MP4	56120	31.18727	Timeseabed	29.83314	1004.98257	-313.12919	-2671.16831	3.97466	1.73086	10.69463	0.43187	2871.09386	21.65599	NA	NA	NA	NA	0	NA	NA	Vis	NA	NA
S39_D1	27	S39_D1_L1.1.MP4	45562	S39_D1_R1.1.MP4	45648	25.33753	Timeseabed	24.11798	722.32035	1059.1019	-6151.25057	6.89004	10.53548	54.51865	7.64717	6283.41684	11.128	NA	NA	NA	NA	0	NA	NA	Vis	NA	NA
S39_D2	25	S39_D2_L2.1.MP4	56134	S39_D2_R2.1.MP4	56149	31.21674	Timeseabed	28.19706	1452.68315	-315.11193	-4559.5209	9.5087	2.75089	30.37373	2.08163	4795.70794	18.27193	NA	NA	NA	NA	0	NA	NA	Vis	NA	NA
S3_D1	2	S3_D1_L1.1.MP4	8203	S3_D1_R1.1.MP4	8416	4.56178	Timeseabed	0.35202	-766.01125	592.95978	-4433.99088	5.12923	4.66081	28.33218	1.07172	4538.57352	11.86542	NA	NA	NA	NA	0	NA	NA	Vis	NA	NA
S3_D3	6	S3_D3_L3.1.MP4	18377	S3_D3_R3.1.MP4	18751	10.21965	Timeseabed	5.65009	-633.71728	540.79303	-3016.55119	2.96019	2.89745	13.15319	0.24852	3129.47851	14.93847	NA	NA	NA	NA	0	NA	NA	Vis	NA	NA
S40_D2	1	S40_D2_L2.1.MP4	12651	S40_D2_R2.1.MP4	12651	7.03536	Timeseabed	3.48181	-63.58408	336.02469	-4200.55	2.06032	2.90964	25.78284	1.22567	4214.44846	4.54411	NA	NA	NA	NA	0	NA	NA	Vis	NA	NA
S40_D3	8	S40_D3_L3.1.MP4	52794	S40_D3_R3.1.MP4	52994	29.35933	Timeseabed	27.68099	-796.53736	1714.07681	-5971.71731	7.1199	15.16445	50.69583	2.67363	6263.70008	17.12749	NA	NA	NA	NA	0	NA	NA	Vis	NA	NA
S41_D1	15	S41_D1_L1.1.MP4	22479	S41_D1_R1.1.MP4	23041	12.50082	Timeseabed	6.52374	-1151.45108	-493.41702	-5605.95985	9.34535	4.3227	45.32371	2.5445	5744.22195	12.92798	NA	NA	NA	NA	0	NA	NA	Vis	NA	NA
S41_D2	13	S41_D2_L2.1.MP4	3026	S41_D2_R2.1.MP4	2628	1.68279	Timeseabed	0.42487	2376.52863	-788.88995	-4883.63792	15.77848	5.59735	33.82094	2.46691	5488.18322	27.2951	NA	NA	NA	NA	0	NA	NA	Vis	NA	NA
S41_D3	26	S41_D3_L3.1.MP4	55126	S41_D3_R3.1.MP4	55039	30.65618	Timeseabed	27.60647	-18.86293	-142.9759	-4968.48275	2.39098	2.4956	35.67906	5.03466	4970.5753	2.57296	NA	NA	NA	NA	0	NA	NA	Vis	NA	NA
S42_D1	15	S42_D1_L1.MP4	38390	S42_D1_R1.MP4	38559	21.34911	Timeseabed	19.89321	233.38992	61.5238	-4459.92844	2.59679	2.32488	28.89958	4.0832	4466.45472	2.9953	NA	NA	NA	NA	0	NA	NA	Vis	NA	NA
S42_D2	10	S42_D2_L1.MP4	52929	S42_D2_R1.MP4	52857	29.43441	Timeseabed	27.59368	688.49035	-367.85378	-2969.93618	3.17767	2.06803	13.04106	0.50916	3070.80711	14.94963	NA	NA	NA	NA	0	NA	NA	Vis	NA	NA
S42_D3	9	S42_D3_L1.MP4	43577	S42_D3_R1.MP4	43574	24.23365	Timeseabed	22.71325	434.31694	-186.70714	-3341.71813	2.60733	1.84113	16.50511	2.20125	3374.99197	8.09715	NA	NA	NA	NA	0	NA	NA	Vis	NA	NA
S43_D1	23	S43_D1_L2.MP4	8520	S43_D1_R2.MP4	8521	39.89096	Timeseabed	30.08227	222.06295	-644.36111	-5883.3094	3.37175	5.48363	50.04247	7.43698	5922.65503	7.47939	NA	NA	NA	NA	0	NA	NA	Vis	NA	NA
S43_D3	10	S43_D3_L1.MP4	35558	S43_D3_R1.MP4	34646	19.7742	Timeseabed	9.86819	919.4301	-547.2499	-2564.59377	3.54246	2.34702	9.91634	0.10682	2778.84425	22.91979	NA	NA	NA	NA	0	NA	NA	Vis	NA	NA
S44_D2	4	S44_D2_L1.MP4	8287	S44_D2_R1.MP4	9572	4.60849	Timeseabed	1.45812	351.58331	-590.01479	-5066.29622	3.49906	4.69968	37.32461	3.28383	5112.63979	8.1212	NA	NA	NA	NA	0	NA	NA	Vis	NA	NA
S45_D2	1	S45_D2_L1.MP4	6754	S45_D2_R1.MP4	7542	3.75597	Timeseabed	1.12946	2315.62567	262.14752	-4618.647	14.34956	2.86344	29.9854	2.24476	5173.27205	26.73578	NA	NA	NA	NA	0	NA	NA	Vis	NA	NA
S45_D3	12	S45_D3_L1.MP4	31931	S45_D3_R1.MP4	33958	17.75718	Timeseabed	16.78899	-49.37871	-553.84679	-6880.02257	3.32173	5.57062	68.13485	6.29295	6902.45573	5.53303	NA	NA	NA	NA	0	NA	NA	Vis	NA	NA
S46_D1	14	S46_D1_L1.MP4	42066	S46_D1_R1.MP4	41571	23.39337	Timeseabed	20.24745	-563.01189	-638.05268	-6270.0762	5.76276	5.83829	56.73044	9.59829	6327.55475	8.33777	NA	NA	NA	NA	0	NA	NA	Vis	NA	NA
S46_D3	29	S46_D3_L1.MP4	59282	S46_D3_R1.MP4	57366	32.96738	Timeseabed	29.35432	-915.71107	117.92136	-6597.18701	9.05723	3.40092	62.97777	2.13635	6661.47946	7.95319	NA	NA	NA	NA	0	NA	NA	Vis	NA	NA
S47_D2	25	S47_D2_L1.MP4	52771	S47_D2_R1.MP4	52214	29.34654	Timeseabed	26.55653	1301.65644	-327.7697	-2778.59578	4.96897	1.80091	11.16642	4.13095	3085.8284	25.87431	NA	NA	NA	NA	0	NA	NA	Vis	NA	NA
S48_D1	8	S48_D1_L1.MP4	11791	S48_D1_R1.MP4	11665	6.55711	Timeseabed	4.92826	-791.87237	-183.30653	-3649.67307	4.31346	1.92678	19.17347	1.04992	3739.08768	12.67252	NA	NA	NA	NA	0	NA	NA	Vis	NA	NA
S48_D2	2	S48_D2_L1.MP4	6145	S48_D2_R1.MP4	4157	3.4173	Timeseabed	1.16672	379.9545	87.69493	-6452.91005	4.60692	3.33754	60.02457	7.43935	6464.68127	3.39538	NA	NA	NA	NA	0	NA	NA	Vis	NA	NA
S48_D3	9	S48_D3_L1.MP4	61798	S48_D3_R1.MP4	62031	34.36655	Timeseabed	31.21897	18.64954	654.40053	-2154.15646	1.05797	2.38492	6.81314	8.49718	2251.43908	15.98942	NA	NA	NA	NA	0	NA	NA	Vis	NA	NA
S49_D2	6	S49_D2_L1.MP4	53105	S49_D2_R1.MP4	53128	29.53228	Timeseabed	26.99975	-191.58487	-867.09682	-4109.68845	2.26205	5.33095	24.6797	1.23068	4204.53337	12.64495	NA	NA	NA	NA	0	NA	NA	Vis	NA	NA
S4_D1	22	S4_D1_L1.1.MP4	60205	S4_D1_R1.1.MP4	60595	33.48067	Timeseabed	27.82724	1154.29181	653.58001	-4865.12333	8.2892	5.45017	34.67449	8.50666	5042.71568	15.01945	NA	NA	NA	NA	0	NA	NA	Vis	NA	NA
S4_D2	23	S4_D2_L2.1.MP4	45330	S4_D2_R2.1.MP4	45258	25.20852	Timeseabed	18.93002	2851.6949	-1829.67893	-8708.93342	34.61908	22.23533	108.15787	14.04177	9344.80659	21.45458	NA	NA	NA	NA	0	NA	NA	Vis	NA	NA
S4_D3	1	S4_D3_L3.1.MP4	15332	S4_D3_R3.1.MP4	16229	8.5263	Timeseabed	0.13069	329.13361	-399.33578	-5682.23998	3.81204	3.91723	47.43959	4.08002	5705.7558	5.74781	NA	NA	NA	NA	0	NA	NA	Vis	NA	NA
S50_D1	21	S50_D1_L1.MP4	59102	S50_D1_R1.MP4	59989	32.86728	Timeseabed	30.46043	-964.02145	1424.52664	-4363.75226	6.07307	9.40253	27.1841	0.85043	4690.51674	20.86259	NA	NA	NA	NA	0	NA	NA	Vis	NA	NA
S50_D3	1	S50_D3_L1.MP4	1931	S50_D3_R1.MP4	2876	1.07385	Timeseabed	0.08675	-537.67309	-94.56233	-4945.27292	4.41406	2.45619	35.57736	0.26751	4975.31493	6.31999	NA	NA	NA	NA	0	NA	NA	Vis	NA	NA
S51_D1	20	S51_D1_L1.MP4	47290	S51_D1_R1.MP4	51132	26.29849	Timeseabed	20.02556	-466.53587	-481.10838	-4427.77106	3.55394	3.38562	28.38355	0.62431	4478.20026	9.28559	NA	NA	NA	NA	0	NA	NA	Vis	NA	NA
S5_D1	2	S5_D1_L1.1.MP4	16618	S5_D1_R1.1.MP4	16983	9.24145	Timeseabed	5.77521	2792.1904	-175.70989	-5731.89964	22.45356	2.97238	47.52942	6.8238	6378.23445	26.04679	NA	NA	NA	NA	0	NA	NA	Vis	NA	NA
S5_D2	1	S5_D2_L2.1.MP4	7174	S5_D2_R2.1.MP4	6682	3.98954	Timeseabed	0	462.23923	456.22217	-6330.92652	5.07975	5.45433	57.69922	1.22992	6364.15229	5.59164	NA	NA	NA	NA	0	NA	NA	Vis	NA	NA
S5_D3	14	S5_D3_L3.1.MP4	54976	S5_D3_R3.1.MP4	54651	30.57276	Timeseabed	28.22987	-3316.06234	-33.88938	-7517.95417	34.98719	3.72811	81.01953	7.04005	8216.8761	23.81812	NA	NA	NA	NA	0	NA	NA	Vis	NA	NA
S6_D1	1	S6_D1_L1.1.MP4	19583	S6_D1_R1.1.MP4	20012	10.890319999999999	Timeseabed	1.86965	2172.66591	-99.59043	-4983.25154	15.14075	2.45403	35.85672	4.62773	5437.20437	23.63753	NA	NA	NA	NA	0	NA	NA	Vis	NA	NA
S6_D3	5	S6_D3_L3.1.MP4	9587	S6_D3_R3.1.MP4	10004	5.33144	Timeseabed	3.33889	-97.63117	-100.23313	-5762.78332	2.86846	2.8467	47.88012	4.15407	5764.48178	2.01916	NA	NA	NA	NA	0	NA	NA	Vis	NA	NA
S7_D2	1	S7_D2_L2.1.MP4	3161	S7_D2_R2.1.MP4	3374	1.75787	Timeseabed	0	-2212.4787	-373.65524	-7253.55008	22.51164	4.83628	75.29479	7.25278	7592.67206	17.25759	NA	NA	NA	NA	0	NA	NA	Vis	NA	NA
S7_D3	9	S7_D3_L3.1.MP4	22102	S7_D3_R3.1.MP4	22735	12.29117	Timeseabed	10.38371	1987.73434	-240.15756	-3471.28002	9.43641	1.96317	17.31057	0.42363	4007.31187	30.02963	NA	NA	NA	NA	0	NA	NA	Vis	NA	NA
S8_D1	1	S8_D1_L1.1.MP4	7804	S8_D1_R1.1.MP4	6925	4.33989	Timeseabed	1.91024	156.45194	-165.24026	-3345.02401	1.78316	1.74273	16.59863	6.83676	3352.75516	4.41337	NA	NA	NA	NA	0	NA	NA	Vis	NA	NA
S8_D3	9	S8_D3_L3.1.MP4	5499	S8_D3_R3.1.MP4	4586	3.05806	Timeseabed	0.10566	443.11726	994.06192	-5366.86165	4.21303	8.61719	41.4742	6.81218	5476.10409	10.7477	NA	NA	NA	NA	0	NA	NA	Vis	NA	NA
S9_D1	21	S9_D1_L1.1.MP4	52599	S9_D1_R1.1.MP4	51000	29.25089	Timeseabed	25.31696	296.39016	74.11015	-3806.99727	2.43837	1.94809	21.21907	2.89506	3819.23653	4.48958	NA	NA	NA	NA	0	NA	NA	Vis	NA	NA
S9_D2	8	S9_D2_L1.1.MP4	49184	S9_D2_R1.1.MP4	49168	27.35177	Timeseabed	21.33131	904.51148	282.46781	-3720.00857	5.09042	2.4155	20.50977	11.01478	3838.80096	14.22829	NA	NA	NA	NA	0	NA	NA	Vis	NA	NA
S9_D3	4	S9_D3_L1.1.MP4	33890	S9_D3_R1.1.MP4	33324	18.84661	Timeseabed	15.17016	2189.29444	-309.86481	-4440.90747	13.47205	2.63037	28.39494	1.27452	4960.91579	26.61021	NA	NA	NA	NA	0	NA	NA	Vis	NA	NA
S9_D4	21	S9_D4_L1.1.MP4	51637	S9_D4_R1.1.MP4	51668	28.71591	Timeseabed	27.46522	1681.11884	-135.17859	-3405.94396	7.82901	1.72845	16.68949	0.57445	3800.64311	26.3539	NA	NA	NA	NA	0	NA	NA	Vis	NA	NA
S9_D5	4	S9_D5_L1.1.MP4	15674	S9_D5_R1.1.MP4	15293	8.71649	Timeseabed	6.94916	-1118.47914	431.68073	-4745.68004	7.66152	4.10837	32.4554	3.70882	4894.77506	13.89888	NA	NA	NA	NA	0	NA	NA	Vis	NA	NA
