OpCode	Camera	MovieSeqIndex	StartTimeOffset	Format	Filename	Frames	Rate
S10_D2	0	0	0.00000	0	S10_D2_L1.1.MP4	63212	29.97003
S10_D2	0	0	0.00000	0	S10_D2_L1.2.MP4	17342	29.97003
S10_D2	1	0	0.00000	0	S10_D2_R1.1.MP4	63212	29.97003
S10_D2	1	0	0.00000	0	S10_D2_R1.2.MP4	18167	29.97003
S10_D3	0	0	0.00000	0	S10_D3_L1.1.MP4	63212	29.97003
S10_D3	0	0	0.00000	0	S10_D3_L1.2.MP4	13202	29.97003
S10_D3	1	0	0.00000	0	S10_D3_R1.1.MP4	63212	29.97003
S10_D3	1	0	0.00000	0	S10_D3_R1.2.MP4	13667	29.97003
S10_D4	0	0	0.00000	0	S10_D4_L1.1.MP4	63212	29.97003
S10_D4	0	0	0.00000	0	S10_D4_L1.2.MP4	22382	29.97003
S10_D4	1	0	0.00000	0	S10_D4_R1.1.MP4	63212	29.97003
S10_D4	1	0	0.00000	0	S10_D4_R1.2.MP4	23072	29.97003
S10_D5	0	0	0.00000	0	S10_D5_L1.1.MP4	63212	29.97003
S10_D5	0	0	0.00000	0	S10_D5_L1.2.MP4	27437	29.97003
S10_D5	1	0	0.00000	0	S10_D5_R.1.MP4	63212	29.97003
S10_D5	1	0	0.00000	0	S10_D5_R.2.MP4	27167	29.97003
S11_D1	0	0	0.00000	0	S11_D1_L1.1.MP4	63212	29.97003
S11_D1	0	0	0.00000	0	S11_D1_L1.2.MP4	48257	29.97003
S11_D1	1	0	0.00000	0	S11_D1_R1.1.MP4	63212	29.97003
S11_D1	1	0	0.00000	0	S11_D1_R1.2.MP4	50057	29.97003
S11_D2	0	0	0.00000	0	S11_D2_L2.1.MP4	63212	29.97003
S11_D2	0	0	0.00000	0	S11_D2_L2.2.MP4	43202	29.97003
S11_D2	1	0	0.00000	0	S11_D2_R2.1.MP4	63212	29.97003
S11_D2	1	0	0.00000	0	S11_D2_R2.2.MP4	44042	29.97003
S11_D3	0	0	0.00000	0	S11_D3_L3.1.MP4	63212	29.97003
S11_D3	0	0	0.00000	0	S11_D3_L3.2.MP4	42047	29.97003
S11_D3	1	0	0.00000	0	S11_D3_R3.1.MP4	63212	29.97003
S11_D3	1	0	0.00000	0	S11_D3_R3.2.MP4	41912	29.97003
S12_D1	0	0	0.00000	0	S12_D1_L1.1.MP4	63212	29.97003
S12_D1	0	0	0.00000	0	S12_D1_L1.2.MP4	36242	29.97003
S12_D1	1	0	0.00000	0	S12_D1_R1.1.MP4	63212	29.97003
S12_D1	1	0	0.00000	0	S12_D1_R1.2.MP4	36737	29.97003
S12_D2	0	0	0.00000	0	S12_D2_L2.1.MP4	63212	29.97003
S12_D2	0	0	0.00000	0	S12_D2_L2.2.MP4	42212	29.97003
S12_D2	1	0	0.00000	0	S12_D2_R2.1.MP4	63212	29.97003
S12_D2	1	0	0.00000	0	S12_D2_R2.2.MP4	42632	29.97003
S12_D3	0	0	0.00000	0	S12_D3_L3.1.MP4	63212	29.97003
S12_D3	1	0	0.00000	0	S12_D3_R3.1.MP4	63212	29.97003
S12_D3	1	0	0.00000	0	S12_D3_R3.2.MP4	45767	29.97003
S13_D1	0	0	0.00000	0	S13_D1_L1.1.MP4	63212	29.97003
S13_D1	0	0	0.00000	0	S13_D1_L1.2.MP4	22937	29.97003
S13_D1	1	0	0.00000	0	S13_D1_R1.1.MP4	63212	29.97003
S13_D1	1	0	0.00000	0	S13_D1_R1.2.MP4	23132	29.97003
S13_D2	0	0	0.00000	0	S13_D2_L2.1.MP4	63212	29.97003
S13_D2	0	0	0.00000	0	S13_D2_L2.2.MP4	54107	29.97003
S13_D2	1	0	0.00000	0	S13_D2_R2.1.MP4	63212	29.97003
S13_D2	1	0	0.00000	0	S13_D2_R2.2.MP4	54407	29.97003
S13_D3	0	0	0.00000	0	S13_D3_L3.1.MP4	63212	29.97003
S13_D3	0	0	0.00000	0	S13_D3_L3.2.MP4	63212	29.97003
S13_D3	0	0	0.00000	0	S13_D3_L3.3.MP4	13022	29.97003
S13_D3	1	0	0.00000	0	S13_D3_R3.1.MP4	63212	29.97003
S13_D3	1	0	0.00000	0	S13_D3_R3.2.MP4	63212	29.97003
S13_D3	1	0	0.00000	0	S13_D3_R3.3.MP4	13187	29.97003
S14_D1	0	0	0.00000	0	S14_D1_L1.1.MP4	63212	29.97003
S14_D1	0	0	0.00000	0	S14_D1_L1.2.MP4	63212	29.97003
S14_D1	0	0	0.00000	0	S14_D1_L1.3.MP4	61457	29.97003
S14_D1	1	0	0.00000	0	S14_D1_R1.1.MP4	63212	29.97003
S14_D1	1	0	0.00000	0	S14_D1_R1.2.MP4	63212	29.97003
S14_D1	1	0	0.00000	0	S14_D1_R1.3.MP4	60932	29.97003
S14_D2	0	0	0.00000	0	S14_D2_L2.1.MP4	63212	29.97003
S14_D2	0	0	0.00000	0	S14_D2_L2.2.MP4	63212	29.97003
S14_D2	1	0	0.00000	0	S14_D2_R2.1.MP4	63212	29.97003
S14_D2	1	0	0.00000	0	S14_D2_R2.2.MP4	63212	29.97003
S14_D3	0	0	0.00000	0	S14_D3_L3.1.MP4	63212	29.97003
S14_D3	0	0	0.00000	0	S14_D3_L3.2.MP4	63212	29.97003
S14_D3	0	0	0.00000	0	S14_D3_L3.3.MP4	63212	29.97003
S14_D3	1	0	0.00000	0	S14_D3_R3.1.MP4	63212	29.97003
S14_D3	1	0	0.00000	0	S14_D3_R3.2.MP4	63212	29.97003
S14_D3	1	0	0.00000	0	S14_D3_R3.3.MP4	63212	29.97003
S15_D1	0	0	0.00000	0	S15_D1_L1.MP4	63212	29.97003
S15_D1	0	0	0.00000	0	S15_D1_L2.MP4	40292	29.97003
S15_D1	1	0	0.00000	0	S15_D1_R1.MP4	63212	29.97003
S15_D1	1	0	0.00000	0	S15_D1_R2.MP4	41027	29.97003
S15_D2_Repeat	0	0	0.00000	0	S15_D2_Repeat_L2.1.MP4	63212	29.97003
S15_D2_Repeat	0	0	0.00000	0	S15_D2_Repeat_L2.2.MP4	35447	29.97003
S15_D2_Repeat	1	0	0.00000	0	S15_D2_Repeat_R2.1.MP4	63212	29.97003
S15_D2_Repeat	1	0	0.00000	0	S15_D2_Repeat_R2.2.MP4	34562	29.97003
S15_D3	0	0	0.00000	0	S15_D3_L1.MP4	63212	29.97003
S15_D3	0	0	0.00000	0	S15_D3_L2.MP4	33347	29.97003
S15_D3	1	0	0.00000	0	S15_D3_R1.MP4	63212	29.97003
S15_D3	1	0	0.00000	0	S15_D3_R2.MP4	32267	29.97003
S16_D1	0	0	0.00000	0	S16_D1_L1.MP4	63212	29.97003
S16_D1	0	0	0.00000	0	S16_D1_L2.MP4	50207	29.97003
S16_D1	1	0	0.00000	0	S16_D1_R1.MP4	63212	29.97003
S16_D1	1	0	0.00000	0	S16_D1_R2.MP4	50282	29.97003
S16_D2	0	0	0.00000	0	S16_D2_L1.MP4	63212	29.97003
S16_D2	0	0	0.00000	0	S16_D2_L2.MP4	32492	29.97003
S16_D2	1	0	0.00000	0	S16_D2_R1.MP4	63212	29.97003
S16_D2	1	0	0.00000	0	S16_D3_L2.MP4	33572	29.97003
S16_D3	0	0	0.00000	0	S16_D3_L1.MP4	63212	29.97003
S16_D3	0	0	0.00000	0	S16_D3_L2.MP4	33572	29.97003
S16_D3	1	0	0.00000	0	S16_D3_R1.MP4	63212	29.97003
S16_D3	1	0	0.00000	0	S16_D3_R2.MP4	32912	29.97003
S17_D1	0	0	0.00000	0	S17_D1_L1.1.MP4	63212	29.97003
S17_D1	0	0	0.00000	0	S17_D1_L1.2.MP4	58832	29.97003
S17_D1	1	0	0.00000	0	S17_D1_R1.1.MP4	63212	29.97003
S17_D1	1	0	0.00000	0	S17_D1_R1.2.MP4	57797	29.97003
S17_D2	0	0	0.00000	0	S17_D2_L2.1.MP4	63212	29.97003
S17_D2	0	0	0.00000	0	S17_D2_L2.2.MP4	34187	29.97003
S17_D2	1	0	0.00000	0	S17_D2_R2.1.MP4	63212	29.97003
S17_D2	1	0	0.00000	0	S17_D2_R2.2.MP4	34247	29.97003
S17_D3	0	0	0.00000	0	S17_D3_L3.1.MP4	63212	29.97003
S17_D3	1	0	0.00000	0	S17_D3_R3.1.MP4	63212	29.97003
S17_D3	1	0	0.00000	0	S17_D3_R3.2.MP4	13862	29.97003
S18_D1	0	0	0.00000	0	S18_D1_L1.1.MP4	63212	29.97003
S18_D1	0	0	0.00000	0	S18_D1_L1.2.MP4	41807	29.97003
S18_D1	1	0	0.00000	0	S18_D1_R1.1.MP4	63212	29.97003
S18_D1	1	0	0.00000	0	S18_D1_R1.2.MP4	40502	29.97003
S18_D2	0	0	0.00000	0	S18_D2_L1.1.MP4	63212	29.97003
S18_D2	0	0	0.00000	0	S18_D2_L1.2.MP4	6632	29.97003
S18_D2	1	0	0.00000	0	S18_D2_R2.1.MP4	63212	29.97003
S18_D2	1	0	0.00000	0	S18_D2_R2.2.MP4	7127	29.97003
S18_D3	0	0	0.00000	0	S18_D3_L1.1.MP4	63212	29.97003
S18_D3	0	0	0.00000	0	S18_D3_L1.2.MP4	22277	29.97003
S18_D3	1	0	0.00000	0	S18_D3_R3.1.MP4	63212	29.97003
S18_D3	1	0	0.00000	0	S18_D3_R3.2.MP4	22127	29.97003
S19_D1_Repeat	0	0	0.00000	0	S19_D1_Repeat_L1.1.MP4	63212	29.97003
S19_D1_Repeat	0	0	0.00000	0	S19_D1_Repeat_L1.2.MP4	19967	29.97003
S19_D1_Repeat	1	0	0.00000	0	S19_D1_Repeat_R1.1.MP4	63212	29.97003
S19_D1_Repeat	1	0	0.00000	0	S19_D1_Repeat_R1.2.MP4	20867	29.97003
S19_D2	0	0	0.00000	0	S19_D2_L2.1.MP4	63212	29.97003
S19_D2	0	0	0.00000	0	S19_D2_L2.2.MP4	15722	29.97003
S19_D2	1	0	0.00000	0	S19_D2_R2.1.MP4	63212	29.97003
S19_D2	1	0	0.00000	0	S19_D2_R2.2.MP4	16337	29.97003
S19_D3_Repeat	0	0	0.00000	0	S19_D3_Repeat_L3.1.MP4	63212	29.97003
S19_D3_Repeat	0	0	0.00000	0	S19_D3_Repeat_L3.2.MP4	27707	29.97003
S19_D3_Repeat	1	0	0.00000	0	S19_D3_Repeat_R3.1.MP4	63212	29.97003
S19_D3_Repeat	1	0	0.00000	0	S19_D3_Repeat_R3.2.MP4	28217	29.97003
S1_D1	0	0	0.00000	0	S1_D1_L1.1.MP4	63212	29.97003
S1_D1	0	0	0.00000	0	S1_D1_L1.2.MP4	63212	29.97003
S1_D1	1	0	0.00000	0	S1_D1_R1.1.MP4	63212	29.97003
S1_D1	1	0	0.00000	0	S1_D1_R1.2.MP4	63212	29.97003
S1_D2	0	0	0.00000	0	S1_D2_L2.1.MP4	63212	29.97003
S1_D2	0	0	0.00000	0	S1_D2_L2.2.MP4	63212	29.97003
S1_D2	1	0	0.00000	0	S1_D2_R2.1.MP4	63212	29.97003
S1_D2	1	0	0.00000	0	S1_D2_R2.2.MP4	63212	29.97003
S1_D3	0	0	0.00000	0	S1_D3_L3.1.MP4	63212	29.97003
S1_D3	0	0	0.00000	0	S1_D3_L3.2.MP4	63212	29.97003
S1_D3	1	0	0.00000	0	S1_D3_R3.1.MP4	63212	29.97003
S1_D3	1	0	0.00000	0	S1_D3_R3.2.MP4	63212	29.97003
S20_D1	0	0	0.00000	0	S20_D1_L1.1.MP4	63212	29.97003
S20_D1	0	0	0.00000	0	S20_D1_L1.2.MP4	9677	29.97003
S20_D1	1	0	0.00000	0	S20_D1_R1.1.MP4	63212	29.97003
S20_D1	1	0	0.00000	0	S20_D1_R1.2.MP4	10472	29.97003
S20_D2	0	0	0.00000	0	S20_D2_L2.1.MP4	63212	29.97003
S20_D2	0	0	0.00000	0	S20_D2_L2.2.MP4	9707	29.97003
S20_D2	1	0	0.00000	0	S20_D2_R2.1.MP4	63212	29.97003
S20_D2	1	0	0.00000	0	S20_D2_R2.2.MP4	10502	29.97003
S20_D3_Repeat	0	0	0.00000	0	S20_D3_Repeat_L3.1.MP4	63212	29.97003
S20_D3_Repeat	0	0	0.00000	0	S20_D3_Repeat_L3.2.MP4	34787	29.97003
S20_D3_Repeat	1	0	0.00000	0	S20_D3_Repeat_R3.1.MP4	63212	29.97003
S20_D3_Repeat	1	0	0.00000	0	S20_D3_Repeat_R3.2.MP4	37547	29.97003
S21_D1	0	0	0.00000	0	S21_D1_L1.1.MP4	63212	29.97003
S21_D1	0	0	0.00000	0	S21_D1_L1.2.MP4	10487	29.97003
S21_D1	1	0	0.00000	0	S21_D1_R1.1.MP4	63212	29.97003
S21_D1	1	0	0.00000	0	S21_D1_R1.2.MP4	10022	29.97003
S21_D2	0	0	0.00000	0	S21_D2_L2.1.MP4	63212	29.97003
S21_D2	0	0	0.00000	0	S21_D2_L2.2.MP4	13862	29.97003
S21_D2	1	0	0.00000	0	S21_D2_R2.1.MP4	63212	29.97003
S21_D2	1	0	0.00000	0	S21_D2_R2.2.MP4	13697	29.97003
S21_D3	0	0	0.00000	0	S21_D3_L3.1.MP4	63212	29.97003
S21_D3	0	0	0.00000	0	S21_D3_L3.2.MP4	17717	29.97003
S21_D3	1	0	0.00000	0	S21_D3_R3.1.MP4	63212	29.97003
S21_D3	1	0	0.00000	0	S21_D3_R3.2.MP4	18182	29.97003
S22_D1	0	0	0.00000	0	S22_D1_L1.1.MP4	63212	29.97003
S22_D1	0	0	0.00000	0	S22_D1_L1.2.MP4	19142	29.97003
S22_D1	1	0	0.00000	0	S22_D1_R1.1.MP4	63212	29.97003
S22_D1	1	0	0.00000	0	S22_D1_R1.2.MP4	19502	29.97003
S22_D2	0	0	0.00000	0	S22_D2_L2.1.MP4	63212	29.97003
S22_D2	0	0	0.00000	0	S22_D2_L2.2.MP4	20792	29.97003
S22_D2	1	0	0.00000	0	S22_D2_R2.1.MP4	63212	29.97003
S22_D2	1	0	0.00000	0	S22_D2_R2.2.MP4	20837	29.97003
S22_D3	0	0	0.00000	0	S22_D3_L3.1.MP4	63212	29.97003
S22_D3	0	0	0.00000	0	S22_D3_L3.2.MP4	21977	29.97003
S22_D3	1	0	0.00000	0	S22_D3_R3.1.MP4	63212	29.97003
S22_D3	1	0	0.00000	0	S22_D3_R3.2.MP4	21767	29.97003
S23_D1	0	0	0.00000	0	S23_D1_L1.1.MP4	63212	29.97003
S23_D1	0	0	0.00000	0	S23_D1_L1.2.MP4	36647	29.97003
S23_D1	1	0	0.00000	0	S23_D1_R1.1.MP4	63212	29.97003
S23_D1	1	0	0.00000	0	S23_D1_R1.2.MP4	37052	29.97003
S23_D2	0	0	0.00000	0	S23_D2_L2.1.MP4	63212	29.97003
S23_D2	0	0	0.00000	0	S23_D2_L2.2.MP4	22847	29.97003
S23_D2	1	0	0.00000	0	S23_D2_R2.1.MP4	63212	29.97003
S23_D2	1	0	0.00000	0	S23_D2_R2.2.MP4	23642	29.97003
S23_D3	0	0	0.00000	0	S23_D3_L3.1.MP4	63212	29.97003
S23_D3	0	0	0.00000	0	S23_D3_L3.2.MP4	24572	29.97003
S23_D3	1	0	0.00000	0	S23_D3_R3.1.MP4	63212	29.97003
S23_D3	1	0	0.00000	0	S23_D3_R3.2.MP4	25067	29.97003
S24_D1	0	0	0.00000	0	S24_D1_L1.1.MP4	63212	29.97003
S24_D1	0	0	0.00000	0	S24_D1_L1.2.MP4	22982	29.97003
S24_D1	1	0	0.00000	0	S24_D1_R1.1.MP4	63212	29.97003
S24_D1	1	0	0.00000	0	S24_D1_R1.2.MP4	23432	29.97003
S24_D2	0	0	0.00000	0	S24_D2_L1.1.MP4	63212	29.97003
S24_D2	0	0	0.00000	0	S24_D2_L1.2.MP4	26027	29.97003
S24_D2	1	0	0.00000	0	S24_D2_R2.1.MP4	63212	29.97003
S24_D2	1	0	0.00000	0	S24_D2_R2.2.MP4	26942	29.97003
S24_D3	0	0	0.00000	0	S24_D3_L3.1.MP4	63212	29.97003
S24_D3	0	0	0.00000	0	S24_D3_L3.2.MP4	24827	29.97003
S24_D3	1	0	0.00000	0	S24_D3_R3.1.MP4	63212	29.97003
S24_D3	1	0	0.00000	0	S24_D3_R3.2.MP4	25412	29.97003
S25_D1	0	0	0.00000	0	S25_D1_L1.1.MP4	63212	29.97003
S25_D1	0	0	0.00000	0	S25_D1_L1.2.MP4	61877	29.97003
S25_D1	1	0	0.00000	0	S25_D1_R1.1.MP4	63212	29.97003
S25_D1	1	0	0.00000	0	S25_D1_R1.2.MP4	63077	29.97003
S25_D2	0	0	0.00000	0	S25_D2_L2.1.MP4	63212	29.97003
S25_D2	0	0	0.00000	0	S25_D2_L2.2.MP4	42902	29.97003
S25_D2	1	0	0.00000	0	S25_D2_R2.1.MP4	63212	29.97003
S25_D2	1	0	0.00000	0	S25_D2_R2.2.MP4	43007	29.97003
S25_D3	0	0	0.00000	0	S25_D3_L3.1.MP4	63212	29.97003
S25_D3	0	0	0.00000	0	S26_D3_L3.2.MP4	28067	29.97003
S25_D3	1	0	0.00000	0	S25_S3_R3.1.MP4	63212	29.97003
S25_D3	1	0	0.00000	0	S25_S3_R3.2.MP4	38042	29.97003
S26_D1	0	0	0.00000	0	S26_D1_L1.1.MP4	63212	29.97003
S26_D1	0	0	0.00000	0	S26_D1_L1.2.MP4	25232	29.97003
S26_D1	1	0	0.00000	0	S26_D1_R1.1.MP4	63212	29.97003
S26_D1	1	0	0.00000	0	S26_D1_R1.2.MP4	26042	29.97003
S26_D2	0	0	0.00000	0	S26_D2_L2.1.MP4	63212	29.97003
S26_D2	0	0	0.00000	0	S26_D2_L2.2.MP4	25112	29.97003
S26_D2	1	0	0.00000	0	S26_D2_R2.1.MP4	63212	29.97003
S26_D2	1	0	0.00000	0	S26_D2_R2.2.MP4	26552	29.97003
S26_D3	0	0	0.00000	0	S26_D3_L3.1.MP4	63212	29.97003
S26_D3	0	0	0.00000	0	S26_D3_L3.2.MP4	28067	29.97003
S26_D3	1	0	0.00000	0	S26_D3_R3.1.MP4	63212	29.97003
S26_D3	1	0	0.00000	0	S26_D3_R3.2.MP4	28022	29.97003
S27_D1	0	0	0.00000	0	S27_D1_L1.1.MP4	63212	29.97003
S27_D1	0	0	0.00000	0	S27_D1_L1.2.MP4	32102	29.97003
S27_D1	1	0	0.00000	0	S27_D1_R1.1.MP4	63212	29.97003
S27_D1	1	0	0.00000	0	S27_D1_R1.2.MP4	31772	29.97003
S27_D2	0	0	0.00000	0	S27_D2_L2.1.MP4	63212	29.97003
S27_D2	0	0	0.00000	0	S27_D2_L2.2.MP4	33107	29.97003
S27_D2	1	0	0.00000	0	S27_D2_R2.1.MP4	63212	29.97003
S27_D2	1	0	0.00000	0	S27_D2_R2.2.MP4	33032	29.97003
S27_D3	0	0	0.00000	0	S27_D3_L3.1.MP4	63212	29.97003
S27_D3	0	0	0.00000	0	S27_D3_L3.2.MP4	31427	29.97003
S27_D3	1	0	0.00000	0	S27_D3_R3.1.MP4	63212	29.97003
S27_D3	1	0	0.00000	0	S27_D3_R3.2.MP4	35207	29.97003
S28_D1	0	0	0.00000	0	S28_D1_L1.1.MP4	63212	29.97003
S28_D1	0	0	0.00000	0	S28_D1_L1.2.MP4	52172	29.97003
S28_D1	1	0	0.00000	0	S28_D1_R1.1.MP4	63212	29.97003
S28_D1	1	0	0.00000	0	S28_D1_R1.2.MP4	50747	29.97003
S28_D2	0	0	0.00000	0	S28_D2_L2.1.MP4	63212	29.97003
S28_D2	0	0	0.00000	0	S28_D2_L2.2.MP4	17402	29.97003
S28_D2	1	0	0.00000	0	S28_D2_R2.1.MP4	63212	29.97003
S28_D2	1	0	0.00000	0	S28_D2_R2.2.MP4	16697	29.97003
S28_D3	0	0	0.00000	0	S28_D3_L3.1.MP4	63212	29.97003
S28_D3	0	0	0.00000	0	S28_D3_L3.2.MP4	18602	29.97003
S28_D3	1	0	0.00000	0	S28_D3_R3.1.MP4	63212	29.97003
S28_D3	1	0	0.00000	0	S28_D3_R3.2.MP4	18647	29.97003
S2_D1	0	0	0.00000	0	S2_D1_L1.1.MP4	63212	29.97003
S2_D1	0	0	0.00000	0	S2_D1_L1.2.MP4	63212	29.97003
S2_D1	0	0	0.00000	0	S2_D1_L1.3.MP4	63212	29.97003
S2_D1	0	0	0.00000	0	S2_D1_L1.4.MP4	63212	29.97003
S2_D1	0	0	0.00000	0	S2_D1_L1.5.MP4	63212	29.97003
S2_D1	0	0	0.00000	0	S2_D1_L1.6.MP4	63212	29.97003
S2_D1	0	0	0.00000	0	S2_D1_L1.7.MP4	63212	29.97003
S2_D1	0	0	0.00000	0	S2_D1_L1.8.MP4	28217	29.97003
S2_D1	1	0	0.00000	0	S2_D1_R1.1.MP4	63212	29.97003
S2_D1	1	0	0.00000	0	S2_D1_R1.2.MP4	63212	29.97003
S2_D1	1	0	0.00000	0	S2_D1_R1.3.MP4	63212	29.97003
S2_D1	1	0	0.00000	0	S2_D1_R1.4.MP4	63212	29.97003
S2_D1	1	0	0.00000	0	S2_D1_R1.5.MP4	63212	29.97003
S2_D1	1	0	0.00000	0	S2_D1_R1.6.MP4	63212	29.97003
S2_D1	1	0	0.00000	0	S2_D1_R1.7.MP4	63212	29.97003
S2_D1	1	0	0.00000	0	S2_D1_R1.8.MP4	28232	29.97003
S2_D2	0	0	0.00000	0	S2_D2_L2.1.MP4	63212	29.97003
S2_D2	0	0	0.00000	0	S2_D2_L2.10.MP4	63212	29.97003
S2_D2	0	0	0.00000	0	S2_D2_L2.11.MP4	20537	29.97003
S2_D2	0	0	0.00000	0	S2_D2_L2.2.MP4	63212	29.97003
S2_D2	0	0	0.00000	0	S2_D2_L2.3.MP4	63212	29.97003
S2_D2	0	0	0.00000	0	S2_D2_L2.4.MP4	63212	29.97003
S2_D2	0	0	0.00000	0	S2_D2_L2.5.MP4	10967	29.97003
S2_D2	0	0	0.00000	0	S2_D2_L2.6.MP4	63212	29.97003
S2_D2	0	0	0.00000	0	S2_D2_L2.7.MP4	63212	29.97003
S2_D2	0	0	0.00000	0	S2_D2_L2.8.MP4	63212	29.97003
S2_D2	0	0	0.00000	0	S2_D2_L2.9.MP4	63212	29.97003
S2_D2	1	0	0.00000	0	S2_D2_R2.1.MP4	63212	29.97003
S2_D2	1	0	0.00000	0	S2_D2_R2.2.MP4	63212	29.97003
S2_D2	1	0	0.00000	0	S2_D2_R2.3.MP4	63212	29.97003
S2_D2	1	0	0.00000	0	S2_D2_R2.4.MP4	63212	29.97003
S2_D2	1	0	0.00000	0	S2_D2_R2.5.MP4	63212	29.97003
S2_D3	0	0	0.00000	0	S2_D3_L3.1.MP4	63212	29.97003
S2_D3	0	0	0.00000	0	S2_D3_L3.2.MP4	63212	29.97003
S2_D3	0	0	0.00000	0	S2_D3_L3.3.MP4	63212	29.97003
S2_D3	0	0	0.00000	0	S2_D3_L3.4.MP4	63212	29.97003
S2_D3	0	0	0.00000	0	S2_D3_L3.5.MP4	63212	29.97003
S2_D3	0	0	0.00000	0	S2_D3_L3.6.MP4	63212	29.97003
S2_D3	0	0	0.00000	0	S2_D3_L3.7.MP4	63212	29.97003
S2_D3	0	0	0.00000	0	S2_D3_L3.8.MP4	28232	29.97003
S2_D3	1	0	0.00000	0	S2_D3_R3.1.MP4	63212	29.97003
S2_D3	1	0	0.00000	0	S2_D3_R3.2.MP4	63212	29.97003
S2_D3	1	0	0.00000	0	S2_D3_R3.3.MP4	63212	29.97003
S2_D3	1	0	0.00000	0	S2_D3_R3.4.MP4	63212	29.97003
S2_D3	1	0	0.00000	0	S2_D3_R3.5.MP4	63212	29.97003
S2_D3	1	0	0.00000	0	S2_D3_R3.6.MP4	63212	29.97003
S2_D3	1	0	0.00000	0	S2_D3_R3.7.MP4	63212	29.97003
S2_D3	1	0	0.00000	0	S2_D3_R3.8.MP4	28247	29.97003
S30_D1	0	0	0.00000	0	S30_D1_L1.1.MP4	63212	29.97003
S30_D1	0	0	0.00000	0	S30_D1_L1.2.MP4	23357	29.97003
S30_D1	1	0	0.00000	0	S30_D1_R1.1.MP4	63212	29.97003
S30_D1	1	0	0.00000	0	S30_D1_R1.2.MP4	23057	29.97003
S30_D2	0	0	0.00000	0	S30_D2_L2.1.MP4	63212	29.97003
S30_D2	0	0	0.00000	0	S30_D2_L2.2.MP4	21992	29.97003
S30_D2	1	0	0.00000	0	S30_D2_R2.1.MP4	63212	29.97003
S30_D2	1	0	0.00000	0	S30_D2_R2.2.MP4	21512	29.97003
S30_D3	0	0	0.00000	0	S30_D3_L3.1.MP4	63212	29.97003
S30_D3	0	0	0.00000	0	S30_D3_L3.2.MP4	28232	29.97003
S30_D3	1	0	0.00000	0	S30_D3_R3.1.MP4	63212	29.97003
S30_D3	1	0	0.00000	0	S30_D3_R3.2.MP4	28502	29.97003
S31_D1	0	0	0.00000	0	S31_D1_L1.1.MP4	63212	29.97003
S31_D1	0	0	0.00000	0	S31_D1_L1.2.MP4	22427	29.97003
S31_D1	1	0	0.00000	0	S31_D1_R1.1.MP4	63212	29.97003
S31_D2	0	0	0.00000	0	S31_D2_L2.1.MP4	63212	29.97003
S31_D2	0	0	0.00000	0	S31_D2_L2.2.MP4	24452	29.97003
S31_D2	1	0	0.00000	0	S31_D2_R2.1.MP4	63212	29.97003
S31_D2	1	0	0.00000	0	S31_D2_R2.2.MP4	25067	29.97003
S31_D3	0	0	0.00000	0	S31_D3_L3.1.MP4	63212	29.97003
S31_D3	0	0	0.00000	0	S31_D3_L3.2.MP4	24767	29.97003
S31_D3	1	0	0.00000	0	S31_D3_R3.1.MP4	63212	29.97003
S31_D3	1	0	0.00000	0	S31_D3_R3.2.MP4	25037	29.97003
S32_D1	0	0	0.00000	0	S32_D1_L1.1.MP4	63212	29.97003
S32_D1	0	0	0.00000	0	S32_D1_L1.2.MP4	38387	29.97003
S32_D1	1	0	0.00000	0	S32_D1_R1.1.MP4	63212	29.97003
S32_D1	1	0	0.00000	0	S32_D1_R1.2.MP4	40052	29.97003
S32_D2	0	0	0.00000	0	S32_D2_L2.1.MP4	63212	29.97003
S32_D2	0	0	0.00000	0	S32_D2_L2.2.MP4	45572	29.97003
S32_D2	1	0	0.00000	0	S32_D2_R2.1.MP4	63212	29.97003
S32_D2	1	0	0.00000	0	S32_D2_R2.2.MP4	45137	29.97003
S32_D3	0	0	0.00000	0	S32_D3_L3.1.MP4	63212	29.97003
S32_D3	0	0	0.00000	0	S32_D3_L3.2.MP4	21272	29.97003
S32_D3	1	0	0.00000	0	S32_D3_R3.1.MP4	63212	29.97003
S32_D3	1	0	0.00000	0	S32_D3_R3.2.MP4	19832	29.97003
S33_D1	0	0	0.00000	0	S33_D1_L1.1.MP4	63212	29.97003
S33_D1	0	0	0.00000	0	S33_D1_L1.2.MP4	28847	29.97003
S33_D1	1	0	0.00000	0	S33_D1_R1.1.MP4	63212	29.97003
S33_D1	1	0	0.00000	0	S33_D1_R1.2.MP4	29717	29.97003
S33_D2	0	0	0.00000	0	S33_D2_L2.1.MP4	63212	29.97003
S33_D2	0	0	0.00000	0	S33_D2_L2.2.MP4	29927	29.97003
S33_D2	1	0	0.00000	0	S33_D2_R3.1.MP4	63212	29.97003
S33_D2	1	0	0.00000	0	S33_D2_R3.2.MP4	30392	29.97003
S33_D3	0	0	0.00000	0	S33_D3_L3.1.MP4	63212	29.97003
S33_D3	0	0	0.00000	0	S33_D3_L3.2.MP4	29237	29.97003
S33_D3	1	0	0.00000	0	S33_D3_R3.1.MP4	63212	29.97003
S33_D3	1	0	0.00000	0	S33_D3_R3.2.MP4	29732	29.97003
S34_D1	0	0	0.00000	0	S34_D1_L1.1.MP4	63212	29.97003
S34_D1	0	0	0.00000	0	S34_D1_L1.2.MP4	25772	29.97003
S34_D1	1	0	0.00000	0	S34_D1_R1.1.MP4	63212	29.97003
S34_D1	1	0	0.00000	0	S34_D1_R1.2.MP4	27077	29.97003
S34_D2	0	0	0.00000	0	S34_D2_L2.1.MP4	63212	29.97003
S34_D2	0	0	0.00000	0	S34_D2_L2.2.MP4	28052	29.97003
S34_D2	1	0	0.00000	0	S34_D2_R2.1.MP4	63212	29.97003
S34_D2	1	0	0.00000	0	S34_D2_R2.2.MP4	28322	29.97003
S34_D3	0	0	0.00000	0	S34_D3_L3.1.MP4	63212	29.97003
S34_D3	0	0	0.00000	0	S34_D3_L3.2.MP4	27962	29.97003
S34_D3	1	0	0.00000	0	S34_D3_R3.1.MP4	63212	29.97003
S34_D3	1	0	0.00000	0	S34_D3_R3.2.MP4	28457	29.97003
S35_D1	0	0	0.00000	0	S35_D1_L1.1.MP4	63212	29.97003
S35_D1	0	0	0.00000	0	S35_D1_L1.2.MP4	22532	29.97003
S35_D1	1	0	0.00000	0	S35_D1_R1.1.MP4	63212	29.97003
S35_D1	1	0	0.00000	0	S35_D1_R1.2.MP4	22697	29.97003
S35_D2	0	0	0.00000	0	S35_D2_L2.1.MP4	63212	29.97003
S35_D2	0	0	0.00000	0	S35_D2_L2.2.MP4	24467	29.97003
S35_D2	1	0	0.00000	0	S35_D2_R2.1.MP4	63212	29.97003
S35_D2	1	0	0.00000	0	S35_D2_R2.2.MP4	24917	29.97003
S35_D3	0	0	0.00000	0	S35_D3_L3.1.MP4	63212	29.97003
S35_D3	0	0	0.00000	0	S35_D3_L3.2.MP4	27602	29.97003
S35_D3	1	0	0.00000	0	S35_D3_R3.1.MP4	63212	29.97003
S35_D3	1	0	0.00000	0	S35_D3_R3.2.MP4	27917	29.97003
S36_D1	0	0	0.00000	0	S36_D1_L1.1.MP4	63212	29.97003
S36_D1	0	0	0.00000	0	S36_D1_L1.2.MP4	59627	29.97003
S36_D1	1	0	0.00000	0	S36_D1_R1.1.MP4	63212	29.97003
S36_D1	1	0	0.00000	0	S36_D1_R1.2.MP4	59852	29.97003
S36_D2	0	0	0.00000	0	S36_D2_L2.1.MP4	63212	29.97003
S36_D2	0	0	0.00000	0	S36_D2_L2.2.MP4	41222	29.97003
S36_D2	1	0	0.00000	0	S36_D2_R2.1.MP4	63212	29.97003
S36_D2	1	0	0.00000	0	S36_D2_R2.2.MP4	39887	29.97003
S36_D3	0	0	0.00000	0	S36_D3_L3.1.MP4	63212	29.97003
S36_D3	0	0	0.00000	0	S36_D3_L3.2.MP4	44807	29.97003
S36_D3	1	0	0.00000	0	S36_D3_R3.1.MP4	63212	29.97003
S36_D3	1	0	0.00000	0	S36_D3_R3.2.MP4	44102	29.97003
S37_D1	0	0	0.00000	0	S37_D1_L1.1.MP4	63212	29.97003
S37_D1	0	0	0.00000	0	S37_D1_L1.2.MP4	58442	29.97003
S37_D1	1	0	0.00000	0	S37_D1_R1.1.MP4	63212	29.97003
S37_D1	1	0	0.00000	0	S37_D1_R1.2.MP4	59147	29.97003
S37_D3	0	0	0.00000	0	S37_D3_L3.1.MP4	63212	29.97003
S37_D3	0	0	0.00000	0	S37_D3_L3.2.MP4	63212	29.97003
S37_D3	1	0	0.00000	0	S37_D3_R3.1.MP4	63212	29.97003
S37_D3	1	0	0.00000	0	S37_D3_R3.2.MP4	63212	29.97003
S38_D1	0	0	0.00000	0	S38_D1_L1.1.MP4	63212	29.97003
S38_D1	0	0	0.00000	0	S38_D1_L1.2.MP4	45617	29.97003
S38_D1	1	0	0.00000	0	S38_D1_R1.1.MP4	63212	29.97003
S38_D1	1	0	0.00000	0	S38_D1_R1.2.MP4	45002	29.97003
S38_D2	0	0	0.00000	0	S38_D2_L2.1.MP4	63212	29.97003
S38_D2	0	0	0.00000	0	S38_D2_L2.2.MP4	40307	29.97003
S38_D2	1	0	0.00000	0	S38_D2_R2.1.MP4	63212	29.97003
S38_D2	1	0	0.00000	0	S38_D2_R2.2.MP4	40532	29.97003
S38_D3	0	0	0.00000	0	S38_D3_L3.1.MP4	63212	29.97003
S38_D3	0	0	0.00000	0	S38_D3_L3.2.MP4	35297	29.97003
S38_D3	1	0	0.00000	0	S38_D3_R3.1.MP4	63212	29.97003
S38_D3	1	0	0.00000	0	S38_D3_R3.2.MP4	35807	29.97003
S39_D1	0	0	0.00000	0	S39_D1_L1.1.MP4	63212	29.97003
S39_D1	0	0	0.00000	0	S39_D1_L1.2.MP4	35897	29.97003
S39_D1	1	0	0.00000	0	S39_D1_R1.1.MP4	63212	29.97003
S39_D1	1	0	0.00000	0	S39_D1_R1.2.MP4	36377	29.97003
S39_D2	0	0	0.00000	0	S39_D2_L2.1.MP4	63212	29.97003
S39_D2	0	0	0.00000	0	S39_D2_L2.2.MP4	35207	29.97003
S39_D2	1	0	0.00000	0	S39_D2_R2.1.MP4	63212	29.97003
S39_D2	1	0	0.00000	0	S39_D2_R2.2.MP4	35702	29.97003
S39_D3	0	0	0.00000	0	S39_D3_L3.1.MP4	63212	29.97003
S39_D3	0	0	0.00000	0	S39_D3_L3.2.MP4	31652	29.97003
S39_D3	1	0	0.00000	0	S39_D3_R3.1.MP4	63212	29.97003
S39_D3	1	0	0.00000	0	S39_D3_R3.2.MP4	32057	29.97003
S3_D1	0	0	0.00000	0	S3_D1_L1.1.MP4	63212	29.97003
S3_D1	0	0	0.00000	0	S3_D1_L1.2.MP4	63212	29.97003
S3_D1	0	0	0.00000	0	S3_D1_L1.3.MP4	63212	29.97003
S3_D1	0	0	0.00000	0	S3_D1_L1.4.MP4	7037	29.97003
S3_D1	1	0	0.00000	0	S3_D1_R1.1.MP4	63212	29.97003
S3_D1	1	0	0.00000	0	S3_D1_R1.2.MP4	63212	29.97003
S3_D1	1	0	0.00000	0	S3_D1_R1.3.MP4	63212	29.97003
S3_D1	1	0	0.00000	0	S3_D1_R1.4.MP4	7757	29.97003
S3_D2	0	0	0.00000	0	S3_D2_L2.1.MP4	63212	29.97003
S3_D2	0	0	0.00000	0	S3_D2_L2.2.MP4	63212	29.97003
S3_D2	0	0	0.00000	0	S3_D2_L2.3.MP4	63212	29.97003
S3_D2	0	0	0.00000	0	S3_D2_L2.4.MP4	5657	29.97003
S3_D2	1	0	0.00000	0	S3_D2_R2.1.MP4	63212	29.97003
S3_D2	1	0	0.00000	0	S3_D2_R2.2.MP4	63212	29.97003
S3_D2	1	0	0.00000	0	S3_D2_R2.3.MP4	63212	29.97003
S3_D2	1	0	0.00000	0	S3_D2_R2.4.MP4	5267	29.97003
S3_D3	0	0	0.00000	0	S3_D3_L3.1.MP4	63212	29.97003
S3_D3	0	0	0.00000	0	S3_D3_L3.2.MP4	63212	29.97003
S3_D3	0	0	0.00000	0	S3_D3_L3.3.MP4	63212	29.97003
S3_D3	0	0	0.00000	0	S3_D3_L3.4.MP4	2312	29.97003
S3_D3	1	0	0.00000	0	S3_D3_R3.1.MP4	63212	29.97003
S3_D3	1	0	0.00000	0	S3_D3_R3.2.MP4	63212	29.97003
S3_D3	1	0	0.00000	0	S3_D3_R3.3.MP4	63212	29.97003
S3_D3	1	0	0.00000	0	S3_D3_R3.4.MP4	2957	29.97003
S40_D1	0	0	0.00000	0	S40_D1_L1.1.MP4	63212	29.97003
S40_D1	0	0	0.00000	0	S40_D1_L1.2.MP4	39887	29.97003
S40_D1	1	0	0.00000	0	S40_D1_R1.1.MP4	63212	29.97003
S40_D1	1	0	0.00000	0	S40_D1_R1.2.MP4	40352	29.97003
S40_D2	0	0	0.00000	0	S40_D2_L2.1.MP4	63212	29.97003
S40_D2	0	0	0.00000	0	S40_D2_L2.2.MP4	25442	29.97003
S40_D2	1	0	0.00000	0	S40_D2_R2.1.MP4	63212	29.97003
S40_D2	1	0	0.00000	0	S40_D2_R2.2.MP4	25547	29.97003
S40_D3	0	0	0.00000	0	S40_D3_L3.1.MP4	63212	29.97003
S40_D3	0	0	0.00000	0	S40_D3_L3.2.MP4	22742	29.97003
S40_D3	1	0	0.00000	0	S40_D3_R3.1.MP4	63212	29.97003
S40_D3	1	0	0.00000	0	S40_D3_R3.2.MP4	22982	29.97003
S41_D1	0	0	0.00000	0	S41_D1_L1.1.MP4	63212	29.97003
S41_D1	0	0	0.00000	0	S41_D1_L1.2.MP4	20387	29.97003
S41_D1	1	0	0.00000	0	S41_D1_R1.1.MP4	63212	29.97003
S41_D1	1	0	0.00000	0	S41_D1_R1.2.MP4	20927	29.97003
S41_D2	0	0	0.00000	0	S41_D2_L2.1.MP4	63212	29.97003
S41_D2	0	0	0.00000	0	S41_D2_L2.2.MP4	18077	29.97003
S41_D2	1	0	0.00000	0	S41_D2_R2.1.MP4	63212	29.97003
S41_D2	1	0	0.00000	0	S41_D2_R2.2.MP4	18407	29.97003
S41_D3	0	0	0.00000	0	S41_D3_L3.1.MP4	63212	29.97003
S41_D3	0	0	0.00000	0	S41_D3_L3.2.MP4	18092	29.97003
S41_D3	1	0	0.00000	0	S41_D3_R3.1.MP4	63212	29.97003
S41_D3	1	0	0.00000	0	S41_D3_R3.2.MP4	17972	29.97003
S42_D1	0	0	0.00000	0	S42_D1_L1.MP4	63212	29.97003
S42_D1	0	0	0.00000	0	S42_D1_L2.MP4	52697	29.97003
S42_D1	1	0	0.00000	0	S42_D1_R1.MP4	63212	29.97003
S42_D1	1	0	0.00000	0	S42_D1_R2.MP4	52922	29.97003
S42_D2	0	0	0.00000	0	S42_D2_L1.MP4	63212	29.97003
S42_D2	0	0	0.00000	0	S42_D2_L2.MP4	51707	29.97003
S42_D2	1	0	0.00000	0	S42_D2_R1.MP4	63212	29.97003
S42_D2	1	0	0.00000	0	S42_D2_R2.MP4	51932	29.97003
S42_D3	0	0	0.00000	0	S42_D3_L1.MP4	63212	29.97003
S42_D3	0	0	0.00000	0	S42_D3_L2.MP4	49127	29.97003
S42_D3	1	0	0.00000	0	S42_D3_R1.MP4	63212	29.97003
S42_D3	1	0	0.00000	0	S42_D3_R2.MP4	49307	29.97003
S43_D1	0	0	0.00000	0	S43_D1_L1.MP4	63212	29.97003
S43_D1	0	0	0.00000	0	S43_D1_L2.MP4	43367	29.97003
S43_D1	1	0	0.00000	0	S43_D1_R1.MP4	63212	29.97003
S43_D1	1	0	0.00000	0	S43_D1_R2.MP4	43547	29.97003
S43_D3	0	0	0.00000	0	S43_D3_L1.MP4	63212	29.97003
S43_D3	0	0	0.00000	0	S43_D3_L2.MP4	23507	29.97003
S43_D3	1	0	0.00000	0	S43_D3_R1.MP4	63212	29.97003
S43_D3	1	0	0.00000	0	S43_D3_R2.MP4	22847	29.97003
S44_D1	0	0	0.00000	0	S44_D1_L1.MP4	63212	29.97003
S44_D1	0	0	0.00000	0	S44_D1_L2.MP4	29012	29.97003
S44_D1	1	0	0.00000	0	S44_D1_R1.MP4	63212	29.97003
S44_D1	1	0	0.00000	0	S44_D1_R2.MP4	29417	29.97003
S44_D2	0	0	0.00000	0	S44_D2_L1.MP4	63212	29.97003
S44_D2	0	0	0.00000	0	S44_D2_L2.MP4	21707	29.97003
S44_D2	1	0	0.00000	0	S44_D2_R1.MP4	63212	29.97003
S44_D2	1	0	0.00000	0	S44_D2_R2.MP4	23192	29.97003
S44_D3	0	0	0.00000	0	S44_D3_L1.MP4	63212	29.97003
S44_D3	0	0	0.00000	0	S44_D3_L2.MP4	18032	29.97003
S44_D3	1	0	0.00000	0	S44_D3_R1.MP4	63212	29.97003
S44_D3	1	0	0.00000	0	S44_D3_R2.MP4	19757	29.97003
S45_D1	0	0	0.00000	0	S45_D1_L1.MP4	63212	29.97003
S45_D1	0	0	0.00000	0	S45_D1_L2.MP4	38267	29.97003
S45_D1	1	0	0.00000	0	S45_D1_R1.MP4	63212	29.97003
S45_D1	1	0	0.00000	0	S45_D1_R2.MP4	38702	29.97003
S45_D2	0	0	0.00000	0	S45_D2_L1.MP4	63212	29.97003
S45_D2	0	0	0.00000	0	S45_D2_L2.MP4	31292	29.97003
S45_D2	1	0	0.00000	0	S45_D2_R1.MP4	63212	29.97003
S45_D2	1	0	0.00000	0	S45_D2_R2.MP4	32357	29.97003
S45_D3	0	0	0.00000	0	S45_D3_L1.MP4	63212	29.97003
S45_D3	0	0	0.00000	0	S45_D3_L2.MP4	29357	29.97003
S45_D3	1	0	0.00000	0	S45_D3_R1.MP4	63212	29.97003
S45_D3	1	0	0.00000	0	S45_D3_R2.MP4	31637	29.97003
S46_D1	0	0	0.00000	0	S46_D1_L1.MP4	63212	29.97003
S46_D1	0	0	0.00000	0	S46_D1_L2.MP4	37742	29.97003
S46_D1	1	0	0.00000	0	S46_D1_R1.MP4	63212	29.97003
S46_D1	1	0	0.00000	0	S46_D1_R2.MP4	37427	29.97003
S46_D2	0	0	0.00000	0	S46_D2_L1.MP4	63212	29.97003
S46_D2	0	0	0.00000	0	S46_D2_L2.MP4	40277	29.97003
S46_D2	1	0	0.00000	0	S46_D2_R1.MP4	63212	29.97003
S46_D2	1	0	0.00000	0	S46_D2_R2.MP4	39077	29.97003
S46_D3	0	0	0.00000	0	S46_D3_L1.MP4	63212	29.97003
S46_D3	0	0	0.00000	0	S46_D3_L2.MP4	42557	29.97003
S46_D3	1	0	0.00000	0	S46_D3_R1.MP4	63212	29.97003
S46_D3	1	0	0.00000	0	S46_D3_R2.MP4	40247	29.97003
S47_D1	0	0	0.00000	0	S47_D1_L1.MP4	63212	29.97003
S47_D1	0	0	0.00000	0	S47_D1_L2.MP4	39107	29.97003
S47_D1	1	0	0.00000	0	S47_D1_R1.MP4	63212	29.97003
S47_D1	1	0	0.00000	0	S47_D1_R2.MP4	39017	29.97003
S47_D2	0	0	0.00000	0	S47_D2_L1.MP4	63212	29.97003
S47_D2	0	0	0.00000	0	S47_D2_L2.MP4	42377	29.97003
S47_D2	1	0	0.00000	0	S47_D2_R1.MP4	63212	29.97003
S47_D2	1	0	0.00000	0	S47_D2_R2.MP4	41852	29.97003
S47_D3	0	0	0.00000	0	S47_D3_L1.MP4	63212	29.97003
S47_D3	0	0	0.00000	0	S47_D3_L2.MP4	45272	29.97003
S47_D3	1	0	0.00000	0	S47_D3_R1.MP4	63212	29.97003
S47_D3	1	0	0.00000	0	S47_D3_R2.MP4	45077	29.97003
S48_D1	0	0	0.00000	0	S48_D1_L1.MP4	63212	29.97003
S48_D1	0	0	0.00000	0	S48_D1_L2.MP4	11192	29.97003
S48_D1	1	0	0.00000	0	S48_D1_R1.MP4	63212	29.97003
S48_D1	1	0	0.00000	0	S48_D1_R2.MP4	11282	29.97003
S48_D2	0	0	0.00000	0	S48_D2_L1.MP4	63212	29.97003
S48_D2	0	0	0.00000	0	S48_D2_L2.MP4	13637	29.97003
S48_D2	1	0	0.00000	0	S48_D2_R1.MP4	63212	29.97003
S48_D2	1	0	0.00000	0	S48_D2_R2.MP4	11717	29.97003
S48_D3	0	0	0.00000	0	S48_D3_L1.MP4	63212	29.97003
S48_D3	0	0	0.00000	0	S48_D3_L2.MP4	16787	29.97003
S48_D3	1	0	0.00000	0	S48_D3_R1.MP4	63212	29.97003
S48_D3	1	0	0.00000	0	S48_D3_R2.MP4	16922	29.97003
S49_D1	0	0	0.00000	0	S49_D1_L1.MP4	63212	29.97003
S49_D1	0	0	0.00000	0	S49_D1_L2.MP4	21482	29.97003
S49_D1	1	0	0.00000	0	S49_D1_R1.MP4	63212	29.97003
S49_D1	1	0	0.00000	0	S49_D1_R2.MP4	21842	29.97003
S49_D2	0	0	0.00000	0	S49_D2_L1.MP4	63212	29.97003
S49_D2	0	0	0.00000	0	S49_D2_L2.MP4	22097	29.97003
S49_D2	1	0	0.00000	0	S49_D2_R1.MP4	63212	29.97003
S49_D2	1	0	0.00000	0	S49_D2_R2.MP4	21767	29.97003
S49_D3	0	0	0.00000	0	S49_D3_L1.MP4	63212	29.97003
S49_D3	0	0	0.00000	0	S49_D3_L2.MP4	25187	29.97003
S49_D3	1	0	0.00000	0	S49_D3_R1.MP4	63212	29.97003
S49_D3	1	0	0.00000	0	S49_D3_R2.MP4	25922	29.97003
S4_D1	0	0	0.00000	0	S4_D1_L1.1.MP4	63212	29.97003
S4_D1	0	0	0.00000	0	S4_D1_L1.2.MP4	46772	29.97003
S4_D1	1	0	0.00000	0	S4_D1_R1.1.MP4	63212	29.97003
S4_D1	1	0	0.00000	0	S4_D1_R1.2.MP4	47732	29.97003
S4_D2	0	0	0.00000	0	S4_D2_L2.1.MP4	63212	29.97003
S4_D2	0	0	0.00000	0	S4_D2_L2.2.MP4	55097	29.97003
S4_D2	1	0	0.00000	0	S4_D2_R2.1.MP4	63212	29.97003
S4_D2	1	0	0.00000	0	S4_D2_R2.2.MP4	55262	29.97003
S4_D3	0	0	0.00000	0	S4_D3_L3.1.MP4	63212	29.97003
S4_D3	0	0	0.00000	0	S4_D3_L3.2.MP4	63212	29.97003
S4_D3	0	0	0.00000	0	S4_D3_L3.3.MP4	3977	29.97003
S4_D3	1	0	0.00000	0	S4_D3_R3.1.MP4	63212	29.97003
S4_D3	1	0	0.00000	0	S4_D3_R3.2.MP4	63212	29.97003
S4_D3	1	0	0.00000	0	S4_D3_R3.3.MP4	4982	29.97003
S50_D1	0	0	0.00000	0	S50_D1_L1.MP4	63212	29.97003
S50_D1	0	0	0.00000	0	S50_D1_L2.MP4	63212	29.97003
S50_D1	0	0	0.00000	0	S50_D1_L3.MP4	46442	29.97003
S50_D1	1	0	0.00000	0	S50_D1_R1.MP4	63212	29.97003
S50_D1	1	0	0.00000	0	S50_D1_R2.MP4	63212	29.97003
S50_D1	1	0	0.00000	0	S50_D1_R3.MP4	47627	29.97003
S50_D2	0	0	0.00000	0	S50_D2_L1.MP4	63212	29.97003
S50_D2	0	0	0.00000	0	S50_D2_L2.MP4	63212	29.97003
S50_D2	0	0	0.00000	0	S50_D2_L3.MP4	47402	29.97003
S50_D2	1	0	0.00000	0	S50_D2_R1.MP4	63212	29.97003
S50_D2	1	0	0.00000	0	S50_D2_R2.MP4	63212	29.97003
S50_D2	1	0	0.00000	0	S50_D2_R3.MP4	48152	29.97003
S50_D3	0	0	0.00000	0	S50_D3_L1.MP4	63212	29.97003
S50_D3	0	0	0.00000	0	S50_D3_L2.MP4	63212	29.97003
S50_D3	0	0	0.00000	0	S50_D3_L3.MP4	48842	29.97003
S50_D3	1	0	0.00000	0	S50_D3_R1.MP4	63212	29.97003
S50_D3	1	0	0.00000	0	S50_D3_R2.MP4	63212	29.97003
S50_D3	1	0	0.00000	0	S50_D3_R3.MP4	63212	29.97003
S51_D1	0	0	0.00000	0	S51_D1_L1.MP4	63212	29.97003
S51_D1	0	0	0.00000	0	S51_D1_L2.MP4	16202	29.97003
S51_D1	1	0	0.00000	0	S51_D1_R1.MP4	63212	29.97003
S51_D1	1	0	0.00000	0	S51_D1_R2.MP4	20507	29.97003
S51_D2	0	0	0.00000	0	S51_D2_L1.MP4	63212	29.97003
S51_D2	0	0	0.00000	0	S51_D2_L2.MP4	10247	29.97003
S51_D2	1	0	0.00000	0	S51_D2_R1.MP4	63212	29.97003
S51_D2	1	0	0.00000	0	S51_D2_R2.MP4	10277	29.97003
S51_D3	0	0	0.00000	0	S51_D3_L1.MP4	63212	29.97003
S51_D3	0	0	0.00000	0	S51_D3_L2.MP4	6437	29.97003
S51_D3	1	0	0.00000	0	S51_D3_R1.MP4	63212	29.97003
S51_D3	1	0	0.00000	0	S51_D3_R2.MP4	6722	29.97003
S5_D1	0	0	0.00000	0	S5_D1_L1.1.MP4	63212	29.97003
S5_D1	0	0	0.00000	0	S5_D1_L1.2.MP4	63212	29.97003
S5_D1	0	0	0.00000	0	S5_D1_L1.3.MP4	7682	29.97003
S5_D1	1	0	0.00000	0	S5_D1_R1.1.MP4	63212	29.97003
S5_D1	1	0	0.00000	0	S5_D1_R1.2.MP4	63212	29.97003
S5_D1	1	0	0.00000	0	S5_D1_R1.3.MP4	9002	29.97003
S5_D2	0	0	0.00000	0	S5_D2_L2.1.MP4	63212	29.97003
S5_D2	0	0	0.00000	0	S5_D2_L2.2.MP4	63212	29.97003
S5_D2	0	0	0.00000	0	S5_D2_L2.3.MP4	4337	29.97003
S5_D2	1	0	0.00000	0	S5_D2_R2.1.MP4	63212	29.97003
S5_D2	1	0	0.00000	0	S5_D2_R2.2.MP4	63212	29.97003
S5_D2	1	0	0.00000	0	S5_D2_R2.3.MP4	4877	29.97003
S5_D3	0	0	0.00000	0	S5_D3_L3.1.MP4	63212	29.97003
S5_D3	0	0	0.00000	0	S5_D3_L3.2.MP4	59492	29.97003
S5_D3	1	0	0.00000	0	S5_D3_R3.1.MP4	63212	29.97003
S5_D3	1	0	0.00000	0	S5_D3_R3.2.MP4	57437	29.97003
S6_D1	0	0	0.00000	0	S6_D1_L1.1.MP4	63212	29.97003
S6_D1	0	0	0.00000	0	S6_D1_L1.2.MP4	55037	29.97003
S6_D1	1	0	0.00000	0	S6_D1_R1.1.MP4	63212	29.97003
S6_D1	1	0	0.00000	0	S6_D1_R1.2.MP4	55307	29.97003
S6_D2	0	0	0.00000	0	S6_D2_L2.1.MP4	63212	29.97003
S6_D2	0	0	0.00000	0	S6_D2_L2.2.MP4	44042	29.97003
S6_D2	1	0	0.00000	0	S6_D2_R2.1.MP4	63212	29.97003
S6_D2	1	0	0.00000	0	S6_D2_R2.2.MP4	43142	29.97003
S6_D3	0	0	0.00000	0	S6_D3_L3.1.MP4	63212	29.97003
S6_D3	0	0	0.00000	0	S6_D3_L3.2.MP4	22607	29.97003
S6_D3	1	0	0.00000	0	S6_D3_R3.1.MP4	63212	29.97003
S6_D3	1	0	0.00000	0	S6_D3_R3.2.MP4	23432	29.97003
S7_D1	0	0	0.00000	0	S7_D1_L1.1.MP4	63212	29.97003
S7_D1	0	0	0.00000	0	S7_D1_L1.2.MP4	45062	29.97003
S7_D2	0	0	0.00000	0	S7_D2_L2.1.MP4	63212	29.97003
S7_D2	0	0	0.00000	0	S7_D2_L2.2.MP4	42107	29.97003
S7_D2	1	0	0.00000	0	S7_D2_R2.1.MP4	63212	29.97003
S7_D2	1	0	0.00000	0	S7_D2_R2.2.MP4	41987	29.97003
S7_D3	0	0	0.00000	0	S7_D3_L3.1.MP4	63212	29.97003
S7_D3	0	0	0.00000	0	S7_D3_L3.2.MP4	40397	29.97003
S7_D3	1	0	0.00000	0	S7_D3_R3.1.MP4	63212	29.97003
S7_D3	1	0	0.00000	0	S7_D3_R3.2.MP4	40847	29.97003
S8_D1	0	0	0.00000	0	S8_D1_L1.1.MP4	63212	29.97003
S8_D1	0	0	0.00000	0	S8_D1_L1.2.MP4	37352	29.97003
S8_D1	1	0	0.00000	0	S8_D1_R1.1.MP4	63212	29.97003
S8_D1	1	0	0.00000	0	S8_D1_R1.2.MP4	37472	29.97003
S8_D2	0	0	0.00000	0	S8_D2_L2.1.MP4	63212	29.97003
S8_D2	0	0	0.00000	0	S8_D2_L2.2.MP4	34562	29.97003
S8_D2	1	0	0.00000	0	S8_D2_R2.1.MP4	63212	29.97003
S8_D2	1	0	0.00000	0	S8_D2_R2.2.MP4	33407	29.97003
S8_D3	0	0	0.00000	0	S8_D3_L3.1.MP4	63212	29.97003
S8_D3	0	0	0.00000	0	S8_D3_L3.2.MP4	34007	29.97003
S8_D3	1	0	0.00000	0	S8_D3_R3.1.MP4	63212	29.97003
S8_D3	1	0	0.00000	0	S8_D3_R3.2.MP4	33857	29.97003
S9_D1	0	0	0.00000	0	S9_D1_L1.1.MP4	63212	29.97003
S9_D1	0	0	0.00000	0	S9_D1_L1.2.MP4	21362	29.97003
S9_D1	1	0	0.00000	0	S9_D1_R1.1.MP4	63212	29.97003
S9_D1	1	0	0.00000	0	S9_D1_R1.2.MP4	20537	29.97003
S9_D2	0	0	0.00000	0	S9_D2_L1.1.MP4	63212	29.97003
S9_D2	0	0	0.00000	0	S9_D2_L1.2.MP4	39797	29.97003
S9_D2	1	0	0.00000	0	S9_D2_R1.1.MP4	63212	29.97003
S9_D2	1	0	0.00000	0	S9_D2_R1.2.MP4	40397	29.97003
S9_D3	0	0	0.00000	0	S9_D3_L1.1.MP4	63212	29.97003
S9_D3	0	0	0.00000	0	S9_D3_L1.2.MP4	37367	29.97003
S9_D3	1	0	0.00000	0	S9_D3_R1.1.MP4	63212	29.97003
S9_D3	1	0	0.00000	0	S9_D3_R1.2.MP4	36902	29.97003
S9_D4	0	0	0.00000	0	S9_D4_L1.1.MP4	63212	29.97003
S9_D4	0	0	0.00000	0	S9_D4_L1.2.MP4	42257	29.97003
S9_D4	1	0	0.00000	0	S9_D4_R1.1.MP4	63212	29.97003
S9_D4	1	0	0.00000	0	S9_D4_R1.2.MP4	42947	29.97003
S9_D5	0	0	0.00000	0	S9_D5_L1.1.MP4	63212	29.97003
S9_D5	0	0	0.00000	0	S9_D5_L1.2.MP4	46607	29.97003
S9_D5	1	0	0.00000	0	S9_D5_R1.1.MP4	63212	29.97003
S9_D5	1	0	0.00000	0	S9_D5_R1.2.MP4	47027	29.97003
