OpCode	ImagePtPair	Index	Lx	Ly	Rx	Ry
PPH_01	0	0	696.30535	1001.41791	598.90871	952.05224
PPH_01	0	1	851.43652	993.35821	765.12067	959.10448
PPH_01	1	0	600.60756	977.23881	553.57817	919.81343
PPH_01	1	1	756.74607	949.02985	695.61385	917.79851
PPH_01	2	0	1607.72298	830.14925	1535.19412	898.65672
PPH_01	2	1	1837.39769	767.68657	1768.89822	856.34328
PPH_01	3	0	1139.05561	636.35821	1074.83631	646.26866
PPH_01	3	1	1298.21616	509.41791	1232.98951	524.36567
PPH_01	4	0	560.08395	951.04478	410.99685	866.41791
PPH_01	4	1	761.55299	844.25373	614.48059	795.89552
PPH_01	5	0	1312.21721	956.08209	1154.90136	985.29851
PPH_01	5	1	1505.62749	949.02985	1329.17209	1012.50000
PPH_01	6	0	1139.96013	1012.50000	1060.12172	1038.69403
PPH_01	6	1	1268.90031	1011.49254	1206.18678	1053.80597
PPH_01	7	0	991.22770	1019.55224	880.41973	1005.44776
PPH_01	7	1	1287.38720	975.22388	1148.37356	1013.50746
PPH_01	8	0	1480.79748	1013.50746	1313.57817	1061.86567
PPH_01	8	1	1770.91291	949.02985	1652.04617	1047.76119
PPH_01	9	0	912.65477	860.37313	348.54145	773.73134
PPH_01	9	1	1901.86779	924.85075	1031.52151	942.98507
PPH_01	10	0	1732.63379	791.86567	1869.63274	896.64179
PPH_01	10	1	1329.69570	866.41791	1357.90136	928.88060
PPH_02	0	0	1577.50262	605.97015	1541.23820	660.23881
PPH_02	0	1	1712.48688	572.72388	1749.75866	614.90299
PPH_02	1	0	901.17524	869.44030	782.24764	846.26866
PPH_02	1	1	1085.51941	816.04478	958.53305	825.11194
PPH_02	2	0	1364.87723	479.31343	1359.30430	509.96269
PPH_02	2	1	1113.04092	478.30597	1109.48269	496.86567
PPH_02	3	0	1029.50682	949.02985	785.72928	932.91045
PPH_02	3	1	866.31689	826.11940	691.03882	791.86567
PPH_02	4	0	362.64428	596.41791	255.86569	529.92537
PPH_02	4	1	201.46905	560.14925	86.63169	489.62687
PPH_02	5	0	1110.09444	556.11940	1075.84470	564.17910
PPH_02	5	1	1315.59286	540.00000	1273.28437	570.22388
PPH_02	6	0	1055.95908	302.23881	1106.19412	318.00000
PPH_02	6	1	920.97482	294.17910	977.25393	305.91045
PPH_02	7	0	880.41973	360.67164	1015.40399	370.74627
PPH_02	7	1	1597.64953	298.20896	1778.97167	330.44776
PPH_02	8	0	729.31794	322.38806	862.28751	310.29851
PPH_02	8	1	981.15425	286.11940	1110.09444	290.14925
PPH_02	9	0	1194.71144	509.77612	846.16999	489.62687
PPH_02	9	1	1476.76810	513.80597	1184.63799	521.86567
PPH_02	10	0	1133.05561	413.21642	1153.80588	428.22388
PPH_02	10	1	1325.45855	357.80597	1376.42917	378.85821
PPH_02	11	0	1164.29696	355.30597	1127.08395	367.57463
PPH_02	11	1	926.56348	337.17164	916.54879	339.36567
PPH_02	12	0	704.84155	465.02985	657.48269	446.77612
PPH_02	12	1	931.49423	445.88806	908.31165	446.77612
PPH_02	13	0	1096.13431	247.83582	1265.89297	273.82090
PPH_02	13	1	949.06191	254.88806	1113.78384	272.81343
PPH_02	14	0	1031.52151	588.35821	1019.43337	596.41791
PPH_02	14	1	1311.56348	441.26866	1363.94544	483.58209
PPH_03	0	0	1849.48583	39.29104	1817.25079	114.85075
PPH_03	0	1	1448.56243	51.38060	1400.20986	112.83582
PPH_03	1	0	803.86149	29.21642	794.37775	58.43284
PPH_03	1	1	553.03253	34.25373	548.58552	48.35821
PPH_03	2	0	410.99685	155.14925	431.73347	153.13433
PPH_03	2	1	109.80063	151.11940	205.08080	138.02239
PPH_03	3	0	453.30535	267.98507	286.08604	239.77612
PPH_03	3	1	90.66107	261.94030	26.19098	209.55224
PPH_03	4	0	1736.66317	276.02985	1583.54669	364.20896
PPH_03	4	1	1542.24554	300.20896	1406.25393	377.30597
PPH_03	5	0	1372.00420	274.02985	1190.68206	332.46269
PPH_03	5	1	1527.13536	282.08955	1361.93075	356.64179
PPH_03	6	0	1054.07765	226.67910	1038.98216	270.70896
PPH_03	6	1	1257.56139	296.19403	1255.56139	356.34328
PPH_03	7	0	950.85414	419.69403	425.09969	396.94030
PPH_03	7	1	524.74711	265.55224	171.24869	239.77612
PPH_03	8	0	797.11333	76.56716	840.92235	104.77612
PPH_03	8	1	531.17419	61.45522	611.24764	87.64925
PPH_03	9	0	518.29066	278.05970	362.64428	262.94776
PPH_03	9	1	627.08395	137.01493	435.17314	139.02985
PPH_03	10	0	412.00420	235.74627	344.51207	213.58209
PPH_03	10	1	99.72718	234.73881	63.46275	186.38060
PPH_03	11	0	678.95068	326.41791	601.38510	330.44776
PPH_03	11	1	540.94439	235.74627	502.66527	233.73134
PPH_03	12	0	1088.84890	377.35075	814.94229	399.96269
PPH_03	12	1	920.62225	278.61940	675.92865	287.12687
PPH_03	13	0	1575.48793	574.25373	1039.58027	618.58209
PPH_03	13	1	1259.18153	713.28358	735.36201	717.31343
PPH_03	14	0	1833.36831	255.89552	1732.63379	350.59701
PPH_03	14	1	1511.01784	270.00000	1432.44491	344.55224
PPH_03	15	0	1237.01994	495.67164	828.03778	521.86567
PPH_03	15	1	991.22770	370.74627	612.46590	386.86567
PPH_03	16	0	281.04932	291.02239	248.81427	256.90299
PPH_03	16	1	53.38930	290.01493	43.31584	238.76866
PPH_03	17	0	636.67996	213.58209	658.79748	223.65672
PPH_03	17	1	498.67366	219.62687	536.90871	221.64179
PPH_03	18	0	406.96747	169.25373	16.11752	137.01493
PPH_03	18	1	985.18363	10.07463	554.03987	22.16418
PPH_03	19	0	829.09864	303.97015	899.34942	332.90299
PPH_03	19	1	649.79119	299.94030	729.10808	317.79104
PPH_03	20	0	474.45960	147.08955	563.10598	159.17910
PPH_03	20	1	250.82896	148.09701	376.74711	147.08955
PPH_03	21	0	590.17943	189.40299	556.99580	194.44030
PPH_03	21	1	457.20986	154.14179	423.01889	149.10448
PPH_04	0	0	701.11228	284.10448	539.93704	286.11940
PPH_04	0	1	179.30745	128.95522	153.11647	175.29851
PPH_04	1	0	1595.63484	332.46269	1188.66737	302.23881
PPH_04	1	1	1817.25079	171.26866	1353.87198	118.88060
PPH_04	2	0	1561.38510	300.22388	1547.28227	284.10448
PPH_04	2	1	1770.91291	284.10448	1821.28017	253.88060
PPH_04	3	0	1625.85519	400.97015	1436.47429	378.80597
PPH_04	3	1	1787.03043	368.73134	1631.89927	342.53731
PPH_04	4	0	1192.69675	624.62687	914.66946	610.52239
PPH_04	4	1	1504.97377	681.04478	1192.69675	660.89552
PPH_04	5	0	1343.79853	378.80597	1220.90241	364.70149
PPH_04	5	1	1577.50262	253.88060	1521.09129	227.68657
PPH_04	6	0	1069.80063	560.14925	1009.35992	558.13433
PPH_04	6	1	1241.04932	501.71642	1196.72613	499.70149
PPH_04	7	0	239.74816	628.65672	207.51312	622.61194
PPH_04	7	1	558.06925	519.85075	499.64323	519.85075
PPH_04	8	0	809.90556	769.70149	562.09864	741.49254
PPH_04	8	1	961.00735	717.31343	735.36201	701.19403
PPH_04	9	0	1639.95803	574.25373	1551.31165	564.17910
PPH_04	9	1	1865.60336	423.13433	1843.44176	400.97015
PPH_04	10	0	1230.97587	346.56716	1267.24029	338.50746
PPH_04	10	1	1466.69465	306.26866	1551.31165	284.10448
PPH_04	11	0	1235.76180	730.35075	1089.21826	726.97015
PPH_04	11	1	1382.83421	616.50746	1313.85624	610.10448
PPH_04	12	0	958.99265	632.68657	737.37671	614.55224
PPH_04	12	1	1212.84365	558.13433	1063.75656	550.07463
PPH_04	13	0	132.96957	392.91045	181.32214	405.00000
PPH_04	13	1	447.26128	415.07463	469.42288	427.16418
PPH_04	14	0	494.60651	242.44030	723.03253	270.82836
PPH_04	14	1	309.25498	304.90299	560.84995	335.30597
PPH_04	15	0	445.24659	255.89552	717.22980	284.10448
PPH_04	15	1	1460.65058	167.23881	1722.56034	155.14925
PPH_04	16	0	983.53305	431.13433	1116.41658	439.96269
PPH_04	16	1	1567.42917	554.96269	1685.56663	545.74627
PPH_04	17	0	689.02413	350.59701	400.92340	344.55224
PPH_04	17	1	993.24239	276.04478	751.47954	267.98507
PPH_04	18	0	1230.97587	711.26866	737.37671	683.05970
PPH_04	18	1	1474.75341	592.38806	1037.56558	566.19403
PPH_05	0	0	1035.43022	348.90299	824.70094	348.93284
PPH_05	0	1	1128.10598	390.20896	904.28122	387.21642
PPH_05	1	0	1191.92130	439.79851	911.98111	436.25373
PPH_05	1	1	779.91710	462.97015	493.93284	459.42537
PPH_05	2	0	805.34942	331.06716	608.28437	342.53731
PPH_05	2	1	1050.13431	288.75373	793.63589	284.10448
PPH_05	3	0	652.75971	636.67164	381.78384	637.02239
PPH_05	3	1	463.37880	432.15672	253.85100	442.58209
PPH_05	4	0	1246.33368	455.31343	1119.39244	451.99254
PPH_05	4	1	1037.81322	452.29104	859.49738	448.97015
PPH_05	5	0	1017.41868	874.47761	582.24554	866.41791
PPH_05	5	1	630.59811	529.92537	241.76285	529.92537
PPH_05	6	0	773.97377	561.22388	775.12802	569.92537
PPH_05	6	1	643.01889	515.88806	667.34208	524.58955
PPH_05	7	0	1001.30115	608.50746	741.40609	616.56716
PPH_05	7	1	1686.29591	779.77612	1537.20881	787.83582
PPH_05	8	0	1424.38615	920.82090	951.35677	936.94030
PPH_05	8	1	1643.98741	965.14925	1202.18573	986.30597
PPH_05	9	0	1200.53200	693.51493	1061.74187	695.14925
PPH_05	9	1	1003.09234	589.74627	846.40084	592.02985
PPH_05	10	0	953.37041	564.17910	1010.71668	570.44030
PPH_05	10	1	855.65792	493.65672	905.95278	501.93284
PPH_05	11	0	876.39035	656.86567	16.11752	576.26866
PPH_05	11	1	1267.24029	537.98507	449.27597	481.56716
PPH_05	12	0	983.40189	500.45522	810.34313	502.89552
PPH_05	12	1	1247.32634	579.03731	1053.11333	579.46269
PPH_05	13	0	1637.94334	542.01493	1337.75446	544.02985
PPH_05	13	1	1335.73977	431.19403	1047.63903	417.08955
PPH_06	0	0	1021.44806	471.49254	676.93599	467.46269
PPH_06	0	1	813.93494	312.31343	483.52571	302.23881
PPH_06	1	0	785.72928	294.17910	384.80588	274.02985
PPH_06	1	1	402.93809	288.13433	56.41133	237.76119
PPH_06	2	0	751.47954	284.10448	550.01049	282.08955
PPH_06	2	1	1039.58027	344.55224	840.12592	378.80597
PPH_06	3	0	730.52676	617.92537	644.93075	609.95522
PPH_06	3	1	950.12802	659.23134	805.09864	669.39552
PPH_06	4	0	1428.85519	95.70896	1127.27387	139.02985
PPH_06	4	1	1016.85100	47.35075	747.50472	67.50000
PPH_06	5	0	923.73033	543.22388	558.06925	531.94030
PPH_06	5	1	601.37985	514.00746	328.39454	471.49254
PPH_06	6	0	1380.06296	775.74627	1182.62329	864.40299
PPH_06	6	1	1158.44701	747.53731	1003.31584	795.89552
PPH_06	7	0	1001.30115	560.14925	445.24659	537.98507
PPH_06	7	1	580.23085	558.13433	2.01469	471.49254
PPH_06	8	0	1235.00525	390.89552	1148.37356	443.28358
PPH_06	8	1	1051.66842	459.40299	981.15425	499.70149
PPH_06	9	0	273.99790	529.92537	12.08814	451.34328
PPH_06	9	1	1297.46065	566.19403	1011.37461	614.55224
PPH_06	10	0	1617.79643	537.98507	1476.76810	644.77612
PPH_06	10	1	1899.85310	540.00000	1766.88353	691.11940
PPH_06	11	0	1100.02099	437.23881	1013.38930	485.59701
PPH_06	11	1	910.64008	493.65672	852.21406	523.88060
PPH_06	12	0	1372.00420	453.35821	1384.09234	535.97015
PPH_06	12	1	1182.62329	471.49254	1178.59391	535.97015
PPH_06	13	0	1400.20986	300.22388	904.59601	342.53731
PPH_06	13	1	1015.40399	398.95522	634.62749	405.00000
PPH_07	0	0	1053.73662	1042.72388	933.00525	1058.33955
PPH_07	0	1	903.64218	1027.10821	779.38510	1018.54478
PPH_07	1	0	918.97377	953.05970	824.12067	951.04478
PPH_07	1	1	771.90136	978.24627	662.94544	951.04478
PPH_07	2	0	951.07765	791.11940	298.67786	750.10821
PPH_07	2	1	567.78279	696.41791	26.19098	634.75373
PPH_07	3	0	744.25813	808.52985	389.51941	766.16045
PPH_07	3	1	498.46590	669.50000	191.07240	618.56716
PPH_07	4	0	362.64428	510.51493	337.32109	480.05597
PPH_07	4	1	159.66422	402.71642	198.30745	373.76866
PPH_07	5	0	1024.10808	895.39179	1029.84365	915.12687
PPH_07	5	1	901.71563	918.05970	908.96222	924.19403
PPH_07	6	0	1160.22560	876.56343	783.32109	871.72015
PPH_07	6	1	1015.67156	851.88060	638.76705	827.89552
PPH_07	7	0	840.77440	828.13433	544.97377	801.29851
PPH_07	7	1	468.05666	854.32836	235.71878	784.17164
PPH_07	8	0	481.14795	815.52239	322.85414	759.43284
PPH_07	8	1	171.89297	708.73134	53.38930	629.47015
PPH_07	9	0	917.87828	866.41791	860.28227	869.44030
PPH_07	9	1	750.65897	848.28358	694.07030	835.18657
PPH_08	0	0	1089.94753	660.89552	1027.49213	697.16418
PPH_08	0	1	1206.79958	590.37313	1172.54984	648.80597
PPH_08	1	0	1390.13641	552.08955	1418.34208	646.79104
PPH_08	1	1	1230.97587	523.88060	1245.07870	594.40299
PPH_08	2	0	1720.54565	638.38806	1616.78909	768.09701
PPH_08	2	1	1853.51522	565.85075	1791.05981	706.64179
PPH_08	3	0	841.05771	574.73881	850.75656	585.40672
PPH_08	3	1	1001.72928	581.79104	1011.42812	618.65299
PPH_08	4	0	1198.74082	608.50746	894.52256	636.71642
PPH_08	4	1	1382.07765	405.00000	1174.56453	457.38806
PPH_08	5	0	590.30430	652.83582	334.43861	598.43284
PPH_08	5	1	259.89507	650.82090	46.33788	554.10448
PPH_08	6	0	1617.79643	642.96269	1345.75656	738.77612
PPH_08	6	1	1876.68416	680.74254	1629.32424	834.98881
PPH_08	7	0	1105.64428	940.97015	618.13012	931.57090
PPH_08	7	1	827.11333	950.03731	397.01784	892.78358
PPH_08	8	0	1521.17733	919.75000	1155.10808	987.31343
PPH_08	8	1	1293.01364	846.70896	969.75656	903.69403
PPH_08	9	0	392.43861	811.58209	258.88772	726.98507
PPH_08	9	1	282.13431	885.63060	148.07975	772.82463
PPH_08	10	0	1657.08290	669.02612	1523.10598	791.20896
PPH_08	10	1	1847.47114	588.93284	1722.05666	726.73134
PPH_08	11	0	453.10913	687.67537	127.42917	601.02239
PPH_08	11	1	725.09234	680.11940	269.46485	622.17910
PPH_08	12	0	577.02833	584.54478	412.62015	544.04104
PPH_08	12	1	773.96432	495.38433	552.13746	475.53358
PPH_08	13	0	109.80063	574.11940	179.30745	500.58955
PPH_08	13	1	371.71039	511.65672	405.96013	467.34328
PPH_08	14	0	957.49633	405.97761	958.18783	438.79104
PPH_08	14	1	1181.12697	383.81343	1178.79643	440.80597
PPH_08	15	0	1136.28541	737.46269	969.06611	773.73134
PPH_08	15	1	533.89297	564.17910	398.90871	535.97015
PPH_08	16	0	1576.78174	716.22761	1406.80378	825.40299
PPH_08	16	1	1729.89822	675.92910	1598.70304	809.78731
PPH_09	0	0	398.54669	769.94776	129.44386	741.33955
PPH_09	0	1	574.83211	831.90672	297.16684	791.71269
PPH_09	1	0	605.55404	797.59701	302.80063	771.39925
PPH_09	1	1	772.26967	923.02612	501.24764	893.80597
PPH_09	2	0	1904.38615	729.90299	1456.08604	734.36194
PPH_09	2	1	1750.76600	799.41791	1333.18993	816.47015
PPH_09	3	0	314.79538	708.05224	187.36621	691.01493
PPH_09	3	1	146.06506	753.38806	33.24239	723.75746
PPH_09	4	0	1868.12172	726.12687	1760.83945	741.44403
PPH_09	4	1	1693.34732	721.59328	1586.06506	742.95522
PPH_09	5	0	1665.27702	741.65299	1457.16684	760.35075
PPH_09	5	1	1542.38090	755.75746	1328.73033	771.93657
PPH_09	6	0	308.24764	747.90299	271.98321	727.79851
PPH_09	6	1	137.50262	809.86194	121.38510	772.63060
PPH_09	7	0	810.00525	547.86194	990.57188	553.25373
PPH_09	7	1	1696.36936	571.08209	1891.29066	576.25000
PPH_09	8	0	1530.15740	683.35075	1468.70934	693.17164
PPH_09	8	1	1876.68416	420.40299	1873.66212	406.04478
PPH_09	9	0	1004.96013	700.71642	940.35047	701.55970
PPH_09	9	1	1334.36201	607.02239	1245.57608	611.89552
PPH_10	0	0	854.22875	846.26866	537.92235	803.95522
PPH_10	0	1	459.34942	719.32836	203.48374	695.14925
PPH_10	1	0	932.80168	812.01493	1011.37461	816.04478
PPH_10	1	1	809.90556	834.17910	884.44911	834.17910
PPH_10	2	0	1235.00525	965.14925	1186.65268	975.22388
PPH_10	2	1	1039.58027	955.07463	991.22770	957.08955
PPH_10	3	0	858.25813	797.91045	541.95173	775.74627
PPH_10	3	1	501.65792	812.01493	239.74816	781.79104
PPH_10	4	0	328.39454	1055.82090	278.02728	1019.55224
PPH_10	4	1	880.41973	864.40299	860.27282	856.34328
PPH_10	5	0	417.04092	698.37313	573.17943	697.57463
PPH_10	5	1	72.52886	729.60448	275.00525	717.72388
PPH_11	0	0	1025.47744	995.37313	834.08185	981.26866
PPH_11	0	1	1241.04932	1017.53731	1039.58027	1039.70149
PPH_11	1	0	679.06191	1029.62687	536.71668	971.19403
PPH_11	1	1	505.79853	996.38060	392.66632	916.79104
PPH_11	2	0	543.98951	1043.73134	407.77650	968.17164
PPH_11	2	1	388.85834	1025.59701	282.86569	930.89552
PPH_11	3	0	747.45016	707.23881	646.71563	672.98507
PPH_11	3	1	606.42183	590.37313	564.11333	554.10448
PPH_11	4	0	1057.38510	1019.55224	774.80483	998.39552
PPH_11	4	1	877.07030	1000.41045	636.79853	959.10448
PPH_11	5	0	1031.19517	985.29851	967.06296	998.39552
PPH_11	5	1	1130.92235	967.16418	1085.92970	991.34328
PPH_11	6	0	1293.43127	1055.82090	1019.43337	1077.98507
PPH_11	6	1	1126.21196	1007.46269	874.37566	1005.44776
PPH_11	7	0	958.99265	630.67164	457.33473	570.22388
PPH_11	7	1	539.93704	515.82090	151.10178	435.22388
PPH_11	8	0	1043.60965	600.44776	805.87618	584.32836
PPH_11	8	1	789.75866	618.58209	630.59811	600.44776
PPH_11	9	0	600.37775	636.71642	413.01154	580.29851
PPH_11	9	1	370.70304	602.46269	259.89507	540.00000
PPH_11	10	0	1064.00315	1026.60448	1035.92970	1049.77612
PPH_11	10	1	917.93809	1004.44030	878.78384	995.37313
PPH_12	0	0	1693.85100	796.26493	1259.89192	866.22015
PPH_12	0	1	1900.35677	671.84328	1465.89402	743.30970
PPH_12	1	0	1320.52781	832.51866	1029.68101	863.63060
PPH_12	1	1	848.80378	878.75746	554.62329	846.96269
PPH_12	2	0	1471.34313	421.97761	1290.05247	453.78358
PPH_12	2	1	1320.24134	448.67537	1159.60126	473.93284
PPH_12	3	0	1104.94858	570.91791	398.20672	547.87687
PPH_12	3	1	830.44701	597.61567	15.61385	543.14925
PPH_12	4	0	1087.01259	726.67537	1101.26233	747.45896
PPH_12	4	1	970.16055	723.65299	987.43232	732.85075
PPH_12	5	0	647.67366	714.59701	374.10388	673.25000
PPH_12	5	1	439.15320	605.28731	141.40714	546.30970
PPH_12	6	0	1018.06925	1055.31716	446.03987	1017.03358
PPH_12	6	1	1334.87933	888.07836	746.22875	893.11567
PPH_12	7	0	543.14061	837.46642	368.54879	782.14552
PPH_12	7	1	383.98006	748.80970	230.54250	680.89552
PPH_12	8	0	1017.96013	950.77239	724.21406	932.40672
PPH_12	8	1	790.30010	957.82463	481.44386	917.29478
PPH_12	9	0	1566.24869	609.94030	1535.88877	674.88060
PPH_12	9	1	1743.03778	601.37687	1744.40923	681.93284
PPH_12	10	0	857.35152	695.04478	774.35887	686.60821
PPH_12	10	1	985.28437	674.39179	907.83211	674.51866
PPH_12	11	0	889.64218	502.94030	666.11647	495.35448
PPH_12	11	1	1092.62225	502.43657	854.99370	507.94776
PPH_12	12	0	1215.35782	458.61194	833.60021	463.27985
PPH_12	12	1	1000.79328	556.83955	641.70094	548.41045
PPH_12	13	0	1231.49318	958.50746	796.01889	944.62313
PPH_12	13	1	843.16159	937.35075	375.12382	892.07463
PPH_12	14	0	1292.11333	912.70149	933.98111	937.63060
PPH_12	14	1	1620.00420	774.17537	1246.25813	829.83209
PPH_12	15	0	853.58552	563.55597	810.00525	558.27612
PPH_12	15	1	663.70094	545.92537	635.73452	528.05224
PPH_12	16	0	927.15530	381.35075	794.37566	381.94403
PPH_12	16	1	700.50262	312.33955	535.99161	298.82836
PPH_12	17	0	1430.30010	624.56716	1214.03987	662.36194
PPH_12	17	1	1603.56348	489.56716	1454.29171	536.42910
PPH_12	18	0	1126.09234	549.41791	1028.61070	564.65299
PPH_12	18	1	810.28961	535.31343	705.75656	525.36194
PPH_12	19	0	848.35362	651.06716	880.28017	648.08955
PPH_12	19	1	631.77440	652.07463	688.38090	631.97015
PPH_12	20	0	1238.61490	492.98507	1127.55614	516.92910
PPH_12	20	1	946.48478	441.10075	832.40399	440.86567
PPH_12	21	0	939.37251	521.74254	968.54145	528.00746
PPH_12	21	1	738.91081	502.60075	781.17524	497.78358
PPH_12	22	0	942.70619	540.64552	1009.69570	550.60448
PPH_12	22	1	699.93599	502.86567	779.51731	494.18657
PPH_13	0	0	664.84785	497.68657	558.06925	467.46269
PPH_13	0	1	505.68730	445.29851	439.20252	409.02985
PPH_13	1	0	1571.45855	656.86567	1337.75446	689.10448
PPH_13	1	1	1764.86884	596.41791	1595.63484	638.73134
PPH_13	2	0	1727.59706	480.59701	1581.53200	511.79104
PPH_13	2	1	1560.37775	520.89552	1404.23924	560.14925
PPH_13	3	0	1846.46380	490.24627	1795.08919	543.26866
PPH_13	3	1	1691.33263	482.18657	1627.86988	527.14925
PPH_13	4	0	454.31270	536.21642	378.76180	489.94776
PPH_13	4	1	319.32844	497.93284	258.88772	443.60448
PPH_13	5	0	1569.56139	347.70149	1621.82581	382.65672
PPH_13	5	1	1426.51836	453.48507	1459.64323	488.44030
PPH_13	6	0	1229.01889	487.79851	1156.18048	499.55224
PPH_13	6	1	1330.76076	548.24627	1247.84890	570.07463
PPH_13	7	0	175.27807	316.34328	38.27912	261.94030
PPH_13	7	1	513.74607	396.94030	370.70304	356.64179
PPH_13	8	0	674.92130	326.41791	703.12697	316.34328
PPH_13	8	1	813.93494	308.28358	844.15530	308.28358
PPH_13	9	0	1041.59496	368.73134	1051.66842	368.73134
PPH_13	9	1	1110.09444	300.22388	1134.27072	306.26866
PPH_13	10	0	1377.51102	647.89552	1291.73872	672.91045
PPH_13	10	1	1430.90031	672.07463	1345.12802	710.18657
PPH_13	11	0	1116.13851	594.40299	543.96642	542.01493
PPH_13	11	1	866.31689	336.49254	316.30640	286.11940
PPH_13	12	0	1675.21511	819.06716	1487.84890	881.52985
PPH_13	12	1	1851.50052	905.70896	1649.02413	1000.41045
PPH_13	13	0	1346.36411	477.13433	1278.08499	492.02239
PPH_13	13	1	1471.27492	450.94030	1424.15005	482.95522
PPH_13	14	0	1011.37461	209.55224	1083.90346	215.59701
PPH_13	14	1	1148.37356	239.77612	1224.93179	249.85075
PPH_13	15	0	1225.82057	194.44030	1289.40189	202.50000
PPH_13	15	1	1372.89297	236.75373	1449.56978	254.88806
PPH_13	16	0	1364.83421	174.29104	1445.54040	185.37313
PPH_13	16	1	1508.88458	212.57463	1605.70829	231.71642
PPH_13	17	0	1006.14376	227.68657	1076.07765	232.72388
PPH_13	17	1	1172.35572	216.60448	1239.26758	227.68657
PPH_13	18	0	1132.06191	136.00746	1200.98846	143.05970
PPH_13	18	1	1269.06086	187.38806	1356.11962	202.50000
PPH_13	19	0	1213.65687	122.91045	1316.83316	130.97015
PPH_13	19	1	1350.65582	160.18657	1459.87618	175.29851
PPH_13	20	0	1545.26758	253.88060	1478.78279	265.97015
PPH_13	20	1	1859.55929	334.47761	1847.47114	370.74627
PPH_13	21	0	1037.26758	121.90299	1144.63694	132.98507
PPH_13	21	1	832.77650	52.38806	940.14586	62.46269
PPH_14	0	0	923.46695	571.98507	1005.95278	578.02985
PPH_14	0	1	1034.27492	548.81343	1127.84155	551.83582
PPH_14	1	0	344.51207	606.49254	408.98216	602.46269
PPH_14	1	1	96.70514	469.47761	175.27807	475.52239
PPH_14	2	0	1104.05037	691.11940	860.27282	672.98507
PPH_14	2	1	836.09654	636.71642	592.31899	616.56716
PPH_14	3	0	1670.17838	1007.46269	1239.03463	999.40299
PPH_14	3	1	1400.20986	939.96269	993.24239	920.82090
PPH_14	4	0	251.83631	624.62687	169.23400	604.47761
PPH_14	4	1	527.84890	582.31343	455.32004	576.26866
PPH_14	5	0	670.89192	652.83582	376.74711	632.68657
PPH_14	5	1	443.23190	713.28358	197.43966	695.14925
PPH_14	6	0	886.46380	566.19403	713.20042	566.19403
PPH_14	6	1	642.68625	664.92537	509.71668	650.82090
PPH_14	7	0	833.71039	408.37313	897.84890	410.02239
PPH_14	7	1	1066.40714	312.66418	1118.45750	306.25373
PPH_14	8	0	1327.03778	182.35075	1513.55299	173.28358
PPH_14	8	1	1148.73767	211.56716	1323.16474	214.58955
PPH_14	9	0	1483.73033	396.13433	1526.12802	387.41045
PPH_14	9	1	1265.13641	386.05970	1307.53410	376.32836
PPH_14	10	0	1009.35992	666.94030	682.98006	646.79104
PPH_14	10	1	1230.97587	622.61194	872.36097	594.40299
PPH_14	11	0	1057.71249	799.92537	568.14271	765.67164
PPH_14	11	1	1353.87198	1011.49254	763.56768	953.05970
PPH_14	12	0	1325.66632	477.53731	912.65477	449.32836
PPH_14	12	1	1623.84050	290.14925	1239.03463	255.89552
PPH_14	13	0	874.37566	153.13433	934.81637	161.19403
PPH_14	13	1	590.30430	159.17910	682.98006	187.38806
PPH_14	14	0	1343.79853	650.82090	1279.32844	650.82090
PPH_14	14	1	1027.49213	679.02985	983.16894	681.04478
PPH_14	15	0	621.46590	522.21642	423.08499	512.11194
PPH_14	15	1	447.19517	466.80597	249.82162	462.74627
PPH_14	16	0	1608.73033	334.97761	1546.27492	314.75373
PPH_14	16	1	1819.26548	321.88060	1757.81742	288.55970
PPH_14	17	0	1611.75236	66.49254	1535.19412	24.17910
PPH_14	17	1	1873.66212	76.56716	1772.92760	24.17910
PPH_14	18	0	659.26863	128.95522	804.22455	154.14179
PPH_14	18	1	796.26758	100.74627	937.19412	119.88806
PPH_14	19	0	1245.07870	535.97015	1198.74082	533.95522
PPH_14	19	1	211.54250	626.64179	96.70514	608.50746
PPH_14	20	0	1358.25393	414.92537	1452.59182	405.72388
PPH_14	20	1	1596.99475	335.33582	1706.44281	315.05224
PPH_14	21	0	945.18153	477.53731	880.29906	475.17910
PPH_14	21	1	690.32319	437.23881	633.49948	443.94776
PPH_14	22	0	932.62225	288.13433	945.68940	285.31343
PPH_14	22	1	1205.61280	258.91791	1189.46695	257.10448
PPH_14	23	0	686.40818	252.87313	780.56873	268.99254
PPH_14	23	1	869.74502	218.61940	962.89822	224.66418
PPH_14	24	0	791.77335	282.08955	781.69990	292.16418
PPH_14	24	1	1053.68311	251.86567	1049.65373	251.86567
PPH_14	25	0	1259.18153	137.01493	1228.96118	120.89552
PPH_14	25	1	1027.49213	225.67164	952.94858	217.61194
PPH_14	26	0	1339.17314	630.43284	1245.74711	627.68657
PPH_14	26	1	1508.40714	541.77612	1470.38510	531.97761
PPH_15	0	0	318.32109	615.98507	350.55614	545.94030
PPH_15	0	1	464.38615	614.97761	464.38615	552.99254
PPH_15	1	0	1480.42917	475.49254	1492.06925	433.64925
PPH_15	1	1	1322.27597	598.40299	1283.54879	566.63433
PPH_15	2	0	1413.30535	514.70896	1407.26128	477.82836
PPH_15	2	1	1659.09759	582.20896	1681.25918	554.39552
PPH_15	3	0	908.62539	689.14179	848.87618	636.29851
PPH_15	3	1	279.03463	671.00746	338.15215	601.03731
PPH_15	4	0	949.21091	420.38806	924.63694	376.13433
PPH_15	4	1	1173.84890	401.24627	1153.30430	359.00746
PPH_15	5	0	803.86149	737.46269	687.00944	677.01493
PPH_15	5	1	1361.93075	668.95522	1232.99056	642.76119
PPH_15	6	0	1211.61490	401.41045	1167.48269	355.98881
PPH_15	6	1	1020.21931	345.49627	963.49528	298.05970
PPH_15	7	0	1282.89927	718.41791	1134.76810	680.28358
PPH_15	7	1	1081.43022	659.98507	969.56348	613.79104
PPH_15	8	0	997.95068	621.20149	817.79643	562.38060
PPH_15	8	1	752.15845	559.74627	569.98951	502.94030
PPH_15	9	0	970.26128	517.85821	957.68730	471.35821
PPH_15	9	1	770.80693	532.97015	740.10073	487.47761
PPH_15	10	0	1040.29066	584.25373	627.89402	522.47015
PPH_15	10	1	1360.62644	407.94776	978.45016	344.14925
PPH_15	11	0	1043.76705	641.41045	1007.09129	602.46269
PPH_15	11	1	898.70934	596.07463	880.16579	554.10448
PPH_15	12	0	1073.26128	836.67910	351.43861	728.49254
PPH_15	12	1	1347.25918	593.88060	747.32529	519.94776
PPH_15	13	0	435.17314	733.99254	353.57817	656.35821
PPH_15	13	1	212.54984	747.08955	157.14586	663.41045
PPH_15	14	0	1301.32634	583.83582	1149.79014	538.20149
PPH_15	14	1	1049.49003	513.31343	886.87303	461.63433
PPH_15	15	0	1016.70304	273.00746	1040.00420	230.70896
PPH_15	15	1	1207.09129	290.13433	1245.50262	246.82836
PPH_15	16	0	1354.16369	268.97761	1388.54565	219.62687
PPH_15	16	1	1560.66946	283.08209	1625.85519	222.64925
PPH_15	17	0	691.38720	808.47015	31.22770	685.21642
PPH_15	17	1	984.52466	671.45522	361.63694	581.44776
PPH_15	18	0	390.84995	691.04478	229.67471	603.03731
PPH_15	18	1	224.63799	672.91045	114.83736	583.89552
PPH_15	19	0	250.82896	531.13433	6.04407	457.38806
PPH_15	19	1	556.05456	536.17164	328.39454	473.50746
PPH_15	20	0	966.98846	450.35821	673.91396	390.35821
PPH_15	20	1	731.26967	444.31343	511.73137	385.32090
PPH_16	0	0	1075.84470	1069.92537	441.21721	977.23881
PPH_16	0	1	787.74397	826.11940	217.58657	725.37313
PPH_16	1	0	991.22770	600.44776	483.52571	519.85075
PPH_16	1	1	1305.51941	648.80597	733.34732	598.43284
PPH_16	2	0	1041.59496	697.16418	741.40609	634.70149
PPH_16	2	1	870.34627	602.46269	576.20147	540.00000
PPH_16	3	0	826.02308	354.62687	660.81847	304.25373
PPH_16	3	1	699.09759	199.47761	590.30430	157.16418
PPH_16	4	0	1095.99161	229.70149	731.33263	169.25373
PPH_16	4	1	787.74397	143.05970	431.14376	108.80597
PPH_16	5	0	1039.58027	1039.70149	322.35047	922.83582
PPH_16	5	1	1222.91710	1033.65672	491.58447	945.00000
PPH_16	6	0	1404.23924	451.34328	1106.06506	386.86567
PPH_16	6	1	1881.72088	479.55224	1484.82686	427.16418
PPH_16	7	0	1367.97482	628.65672	821.99370	564.17910
PPH_16	7	1	1178.59391	503.73134	695.06821	443.28358
PPH_16	8	0	1756.81007	731.41791	1230.97587	681.04478
PPH_16	8	1	1432.44491	435.22388	828.03778	360.67164
PPH_16	9	0	775.65582	261.94030	537.92235	217.61194
PPH_16	9	1	995.25708	193.43284	793.78804	149.10448
PPH_16	10	0	1400.20986	656.86567	934.81637	610.52239
PPH_16	10	1	1867.61805	413.05970	1422.37146	350.59701
PPH_16	11	0	441.21721	126.94030	326.37985	106.79104
PPH_16	11	1	82.60231	82.61194	8.05876	74.55224
PPH_16	12	0	1210.82896	580.29851	566.12802	503.73134
PPH_16	12	1	1021.44806	660.89552	344.51207	570.22388
PPH_16	13	0	1335.73977	918.80597	662.83316	842.23881
PPH_16	13	1	1519.07660	947.01493	836.09654	892.61194
PPH_16	14	0	981.15425	394.92537	560.08395	334.47761
PPH_16	14	1	767.59706	223.65672	265.93914	173.28358
PPH_16	15	0	1353.87198	562.16418	749.46485	487.61194
PPH_16	15	1	1511.01784	697.16418	884.44911	638.73134
PPH_16	16	0	600.37775	650.82090	96.70514	552.08955
PPH_16	16	1	868.33158	870.44776	280.04197	749.55224
PPH_16	17	0	1577.50262	229.70149	1124.19727	151.11940
PPH_16	17	1	1907.91186	245.82090	1408.26863	157.16418
PPH_16	18	0	1386.10703	971.19403	856.24344	916.79104
PPH_16	18	1	1621.82581	918.80597	1079.87408	872.46269
PPH_18	0	0	1690.32529	1019.55224	747.45016	979.25373
PPH_18	0	1	1208.81427	1051.79104	328.39454	947.01493
PPH_18	1	0	870.56139	161.16418	263.36726	194.44030
PPH_18	1	1	1176.79433	140.51119	590.25079	126.94030
PPH_18	2	0	229.98111	696.87687	130.45121	680.92164
PPH_18	2	1	573.98951	642.97761	409.48583	629.54104
PPH_18	3	0	1373.44386	610.07090	934.81637	608.50746
PPH_18	3	1	1672.62539	489.17537	1289.40189	475.52239
PPH_18	4	0	350.88877	716.50746	161.46275	698.06343
PPH_18	4	1	725.28856	588.35821	520.58132	571.12313
PPH_18	5	0	808.26023	541.00373	640.68311	541.80224
PPH_18	5	1	1077.72508	482.57090	892.51941	482.36194
PPH_18	6	0	1271.51731	409.73507	1049.07240	398.93657
PPH_18	6	1	1442.76600	365.40672	1270.18468	347.55597
PPH_18	7	0	1237.26758	375.48134	1029.93284	365.18657
PPH_18	7	1	1423.62644	352.30970	1267.66632	332.94776
PPH_18	8	0	1232.99056	384.85075	809.90556	376.79104
PPH_18	8	1	1625.85519	233.73134	1196.72613	203.50746
PPH_18	9	0	1458.63589	396.94030	826.02308	386.86567
PPH_18	9	1	1865.60336	314.32836	1269.25498	276.04478
PPH_18	10	0	457.33473	824.10448	175.27807	801.94030
PPH_18	10	1	735.36201	670.97015	445.24659	664.92537
PPH_18	11	0	1226.94648	378.80597	832.06716	364.70149
PPH_18	11	1	981.15425	296.19403	509.71668	300.22388
PPH_18	12	0	314.29171	582.31343	185.35152	578.28358
PPH_18	12	1	511.73137	483.58209	376.74711	487.61194
PPH_18	13	0	872.36097	584.32836	739.39140	590.37313
PPH_18	13	1	1063.75656	421.11940	904.59601	419.10448
PPH_18	14	0	1817.25079	548.05970	1369.98951	540.00000
PPH_18	14	1	1549.29696	497.68657	1075.84470	489.62687
PPH_18	15	0	1704.60756	680.68284	1305.41658	694.46642
PPH_18	15	1	1444.20881	624.76866	1076.74921	623.94403
PPH_18	16	0	562.58132	656.07463	267.45016	644.99254
PPH_18	16	1	270.95488	716.52239	24.17629	687.80970
PPH_18	17	0	745.67996	527.71642	614.14900	528.67537
PPH_18	17	1	946.64533	517.64179	808.06296	517.59328
PPH_18	18	0	1133.79119	238.73881	753.32424	235.59701
PPH_18	18	1	885.98426	351.07090	536.74502	356.99627
PPH_18	19	0	702.31689	629.52985	306.73662	625.97388
PPH_18	19	1	398.09864	536.84328	65.47744	533.79104
PPH_18	20	0	1302.83526	900.38806	891.19937	903.61940
PPH_18	20	1	1062.07975	811.22761	627.27492	800.85821
PPH_18	21	0	1517.71459	939.67537	1056.58237	953.75000
PPH_18	21	1	1357.04302	855.04851	843.52886	861.06343
PPH_18	22	0	973.09549	461.41791	322.35047	447.31343
PPH_18	22	1	1547.28227	467.46269	586.27492	449.32836
PPH_18	23	0	813.93494	542.01493	535.90766	535.97015
PPH_18	23	1	481.51102	525.89552	175.27807	529.92537
PPH_18	24	0	1447.22455	578.05597	956.97796	578.28358
PPH_18	24	1	1077.52886	621.88060	521.80483	606.49254
PPH_18	25	0	112.82267	491.64179	48.35257	495.67164
PPH_18	25	1	362.64428	330.44776	211.54250	354.62687
PPH_18	26	0	1338.00105	455.32463	1138.87198	447.56343
PPH_18	26	1	1081.63169	494.11194	862.85939	484.83955
PPH_18	27	0	1751.90556	528.51119	1381.81007	519.37313
PPH_18	27	1	1530.79328	570.32090	1045.51731	537.63806
PPH_18	28	0	923.44596	359.38060	833.51207	362.47388
PPH_18	28	1	672.61700	448.54104	630.02833	449.61940
PPH_18	29	0	1375.14061	346.74254	1349.20672	334.19403
PPH_18	29	1	1138.41448	331.63060	1108.45121	326.63806
PPH_18	30	0	1085.91815	276.04478	526.73137	276.91791
PPH_18	30	1	1601.67891	137.01493	855.12592	96.58209
PPH_18	31	0	1318.20042	593.20149	1367.96222	596.07090
PPH_18	31	1	1464.26548	498.50000	1529.13746	492.30224
PPH_18	32	0	317.31375	609.06716	334.22560	604.48881
PPH_18	32	1	115.84470	598.99254	180.10178	592.90299
PPH_18	33	0	671.80588	123.84328	431.14376	153.13433
PPH_18	33	1	333.84155	234.16045	126.92550	265.97015
PPH_18	34	0	426.53095	368.03358	373.11123	363.32090
PPH_18	34	1	305.14586	311.11194	257.77020	329.06716
PPH_18	35	0	816.77335	414.47761	734.23295	409.77985
PPH_18	35	1	679.27072	376.19403	604.28541	375.52612
PPH_19	0	0	1036.18783	653.18657	1184.01259	676.10448
PPH_19	0	1	1162.10598	616.91791	1321.01154	655.95522
PPH_19	1	0	453.30535	788.03731	412.00420	721.67910
PPH_19	1	1	298.17419	737.66418	286.08604	660.22388
PPH_19	2	0	1093.97692	636.71642	868.33158	628.65672
PPH_19	2	1	930.78699	527.91045	769.61175	515.82090
PPH_19	3	0	1104.05037	826.11940	751.47954	801.94030
PPH_19	3	1	840.12592	868.43284	545.98111	820.07463
PPH_19	4	0	1192.69675	945.00000	817.96432	932.91045
PPH_19	4	1	1345.81322	922.83582	1031.52151	930.89552
PPH_19	5	0	1067.78594	685.07463	725.28856	652.83582
PPH_19	5	1	1859.55929	699.17910	1571.45855	751.56716
PPH_19	6	0	1226.94648	360.67164	1355.88667	382.83582
PPH_19	6	1	1098.00630	322.38806	1218.88772	340.52239
PPH_19	7	0	1067.78594	344.55224	1182.62329	358.65672
PPH_19	7	1	938.84575	320.37313	1051.66842	330.44776
PPH_19	8	0	489.56978	648.80597	406.96747	596.41791
PPH_19	8	1	775.65582	608.50746	636.64218	582.31343
PPH_19	9	0	1374.01889	548.05970	1222.91710	558.13433
PPH_19	9	1	1156.43232	548.05970	1013.38930	554.10448
PPH_19	10	0	560.08395	626.64179	574.18678	594.40299
PPH_19	10	1	775.65582	679.02985	755.50892	658.88060
PPH_19	11	0	415.02623	638.73134	443.23190	590.37313
PPH_19	11	1	652.75971	618.58209	658.80378	592.38806
PPH_19	12	0	380.77650	580.29851	376.74711	537.98507
PPH_19	12	1	100.73452	407.01493	124.91081	360.67164
PPH_19	13	0	1190.68206	807.98507	1055.69780	816.04478
PPH_19	13	1	898.55194	840.22388	799.83211	822.08955
PPH_19	14	0	795.80273	574.25373	348.54145	513.80597
PPH_19	14	1	1025.47744	606.49254	590.30430	570.22388
PPH_19	15	0	406.96747	668.95522	249.82162	598.43284
PPH_19	15	1	608.43652	654.85075	475.46695	608.50746
PPH_19	16	0	1486.84155	787.83582	1351.85729	828.13433
PPH_19	16	1	1654.06086	685.07463	1579.51731	739.47761
PPH_19	17	0	864.30220	973.20896	429.12907	892.61194
PPH_19	17	1	1053.68311	1027.61194	632.61280	977.23881
PPH_20	0	0	1422.27177	379.47015	1382.72718	366.14925
PPH_20	0	1	1662.01994	381.98881	1624.99370	360.10448
PPH_20	1	0	510.43232	434.26866	607.91396	443.14925
PPH_20	1	1	694.27282	404.54851	768.58552	409.90299
PPH_20	2	0	1221.35887	522.01119	1304.57293	523.37313
PPH_20	2	1	1368.43127	464.08209	1471.28856	457.88806
PPH_20	3	0	1301.72403	183.75746	1346.12487	165.22388
PPH_20	3	1	1695.59601	104.16791	1802.45226	44.32836
PPH_20	4	0	1552.14586	307.05224	1445.17209	284.59328
PPH_20	4	1	1760.16264	320.65299	1685.92760	291.64552
PPH_20	5	0	814.00630	436.06716	799.05771	438.08209
PPH_20	5	1	1020.51207	423.47388	976.35047	423.97761
PPH_20	6	0	1196.20462	503.89179	1071.95908	502.76493
PPH_20	6	1	1344.78804	511.95149	1253.78489	507.80224
PPH_20	7	0	1530.15740	587.63060	1340.49213	583.06716
PPH_20	7	1	1790.55614	580.07463	1687.52256	582.56343
PPH_20	8	0	1033.62015	537.10448	807.99161	532.52612
PPH_20	8	1	1273.87198	549.19403	1045.22141	548.64552
PPH_20	9	0	1318.55509	490.60075	835.55824	485.60821
PPH_20	9	1	1664.57817	492.11194	1210.29066	482.58582
PPH_20	10	0	662.83316	499.70149	610.45121	501.71642
PPH_20	10	1	1339.76915	570.22388	1116.13851	574.25373
PPH_20	11	0	1505.32949	506.63060	1443.76076	503.21269
PPH_20	11	1	1673.05247	532.32090	1662.35467	524.36940
PPH_20	12	0	658.17524	553.28731	617.24134	552.07463
PPH_20	12	1	810.78804	574.94776	767.83945	578.77239
PPH_20	13	0	1442.51836	439.25373	1591.60546	427.16418
PPH_20	13	1	799.83211	330.44776	826.02308	336.49254
PPH_21	0	0	863.89822	847.39179	606.50472	829.49627
PPH_21	0	1	687.61280	897.26119	456.91396	855.69030
PPH_21	1	0	949.83736	409.48507	839.51731	412.75746
PPH_21	1	1	1224.84260	347.02239	1077.75446	365.91045
PPH_21	2	0	487.07660	457.41418	457.81532	437.80970
PPH_21	2	1	730.35047	434.24254	696.55614	427.23134
PPH_21	3	0	1492.88562	908.73134	1095.99161	957.08955
PPH_21	3	1	1071.81532	979.25373	695.06821	969.17910
PPH_21	4	0	1825.81322	627.18657	1863.58867	720.95522
PPH_21	4	1	1615.27807	601.49627	1607.72298	673.10075
PPH_21	5	0	756.70094	761.84701	647.70094	738.21642
PPH_21	5	1	937.01574	668.15299	818.44596	665.17537
PPH_21	6	0	550.01574	499.95149	540.96852	478.83955
PPH_21	6	1	378.26338	486.35075	400.44386	454.66045
PPH_21	7	0	1768.41238	679.27612	1564.70304	760.55970
PPH_21	7	1	1539.74502	667.18657	1345.10178	723.78731
PPH_21	8	0	973.65582	606.37313	758.92760	604.78731
PPH_21	8	1	763.12067	552.97761	592.71563	538.79851
PPH_21	9	0	476.86884	669.11194	215.06821	616.16418
PPH_21	9	1	302.09444	733.08582	35.25708	652.93657
PPH_21	10	0	774.30010	954.38806	534.65687	938.25373
PPH_21	10	1	985.84260	913.58582	700.86884	899.46642
PPH_21	11	0	967.36306	274.55970	1061.24974	287.40672
PPH_21	11	1	1259.99685	209.07463	1364.46065	230.98881
PPH_21	12	0	980.96013	900.35448	694.55614	886.72761
PPH_21	12	1	681.27492	957.27612	455.81532	908.89179
PPH_21	13	0	1380.78804	553.74254	1475.80273	600.66791
PPH_21	13	1	1233.71563	532.08209	1313.62015	565.40672
PPH_21	14	0	1062.43652	704.33209	994.39244	717.79851
PPH_21	14	1	1344.49318	749.66791	1249.75446	801.41791
PPH_21	15	0	1740.63694	634.38806	1787.30220	727.17537
PPH_21	15	1	1527.58342	649.50000	1534.45855	715.58955
PPH_21	16	0	852.01574	635.73507	910.15950	635.66045
PPH_21	16	1	699.40294	594.93284	770.64218	585.79104
PPH_22	0	0	55.40399	753.05970	30.22036	637.09701
PPH_22	0	1	207.51312	727.87313	166.21196	640.11940
PPH_22	1	0	486.54774	688.34328	479.49633	649.14179
PPH_22	1	1	363.65163	681.29104	369.69570	625.97015
PPH_22	2	0	176.28541	640.34328	220.60860	559.23881
PPH_22	2	1	433.15845	635.30597	417.04092	590.47015
PPH_22	3	0	1444.53305	485.59701	680.96537	499.70149
PPH_22	3	1	1799.11857	261.94030	1079.87408	310.29851
PPH_22	4	0	1212.84365	774.73881	914.79853	830.14925
PPH_22	4	1	1341.78384	906.71642	995.38615	972.20149
PPH_22	5	0	1322.24659	921.82836	936.84260	964.14179
PPH_22	5	1	1543.86254	989.32836	1139.31899	1073.95522
PPH_22	6	0	1589.59077	688.56716	1346.82057	781.07463
PPH_22	6	1	1839.41238	623.08209	1621.82581	771.00000
PPH_22	7	0	778.35047	313.89552	832.32634	334.20896
PPH_22	7	1	920.38615	277.62687	974.36201	309.02239
PPH_22	8	0	289.10808	760.02239	43.31584	657.09701
PPH_22	8	1	527.84890	758.00746	214.56453	685.30597
PPH_22	9	0	543.96642	616.56716	443.23190	578.28358
PPH_22	9	1	852.21406	533.95522	710.48164	519.97761
PPH_22	10	0	1704.42812	513.80597	1668.16369	626.64179
PPH_22	10	1	1863.58867	461.41791	1899.85310	594.40299
PPH_22	11	0	983.16894	884.55224	503.67261	844.25373
PPH_22	11	1	701.11228	654.85075	352.57083	600.44776
PPH_22	12	0	1138.30010	376.79104	413.01154	368.73134
PPH_22	12	1	1561.38510	284.10448	967.05142	336.49254
PPH_22	13	0	940.86044	161.19403	920.71354	201.49254
PPH_22	13	1	1122.18258	191.41791	1118.15320	253.88060
PPH_22	14	0	1398.19517	582.31343	926.75761	618.58209
PPH_22	14	1	1073.83001	451.34328	628.58342	451.34328
PPH_22	15	0	1283.35782	261.94030	634.62749	276.04478
PPH_22	15	1	914.66946	316.34328	136.99895	306.26866
PPH_22	16	0	398.39454	264.96269	254.85834	239.16418
PPH_22	16	1	764.06086	272.01493	603.39979	274.42537
PPH_22	17	0	1533.17943	594.40299	1490.87093	701.19403
PPH_22	17	1	1686.29591	535.97015	1690.32529	660.89552
PPH_22	18	0	1357.97377	474.82090	1354.83421	554.85821
PPH_22	18	1	1170.60756	536.27612	1137.24764	597.17164
PPH_22	19	0	916.64953	381.29104	735.20986	395.67910
PPH_22	19	1	672.87198	386.32836	496.46905	370.49254
PPH_22	20	0	572.17209	608.50746	364.65897	560.14925
PPH_22	20	1	308.24764	608.50746	151.10178	533.95522
PPH_22	21	0	1330.19412	566.32090	1218.79538	637.11194
PPH_22	21	1	1117.64428	507.88806	1035.45855	554.50000
PPH_22	22	0	1019.93179	519.97761	918.60651	558.52985
PPH_22	22	1	803.35257	484.71642	687.92445	493.04478
PPH_22	23	0	689.21091	703.07463	687.18153	694.53731
PPH_22	23	1	868.51836	665.79851	848.35677	684.46269
PPH_23	0	0	1659.15950	631.06716	1616.12277	714.95522
PPH_23	0	1	1576.05352	646.68284	1490.70829	731.57836
PPH_23	1	0	841.88353	461.36940	929.56768	473.66791
PPH_23	1	1	735.10493	453.81343	824.30010	455.02985
PPH_23	2	0	1340.38825	196.77985	1347.45855	218.21642
PPH_23	2	1	1476.37985	160.00746	1504.10073	185.97761
PPH_23	3	0	1389.82581	306.47015	1367.24869	339.24254
PPH_23	3	1	1503.15215	199.17537	1498.70724	231.44403
PPH_23	4	0	1511.25603	173.07463	1559.54669	196.66045
PPH_23	4	1	1656.31375	150.40672	1728.27702	176.00746
PPH_23	5	0	1714.50157	107.79851	1710.97587	129.45896
PPH_23	5	1	1864.59601	106.79104	1902.87513	128.45149
PPH_23	6	0	1617.29276	304.02985	1611.29276	343.39179
PPH_23	6	1	1766.88353	288.91791	1799.16264	333.31716
PPH_23	7	0	1437.46590	347.38060	1442.13116	383.58582
PPH_23	7	1	1577.48688	324.20896	1608.34313	365.45149
PPH_23	8	0	502.22875	913.75000	481.50472	864.62313
PPH_23	8	1	256.94019	860.35448	288.09444	794.10075
PPH_23	9	0	1207.35992	383.37687	1193.30430	407.35075
PPH_23	9	1	1715.00525	393.73507	1778.48583	446.03731
PPH_23	10	0	1581.38825	581.20149	1383.36621	626.17910
PPH_23	10	1	992.11542	952.26866	613.85100	928.77239
PPH_23	11	0	1072.59811	456.67537	1000.08290	469.19030
PPH_23	11	1	1275.57817	413.85821	1197.01889	434.43284
PPH_23	12	0	1214.99161	992.35075	1049.81112	1020.55970
PPH_23	12	1	1407.39454	871.45522	1243.22141	919.30970
PPH_23	13	0	1512.58552	939.02239	968.48269	980.76493
PPH_23	13	1	1274.85205	946.57836	727.72718	952.05224
PPH_23	14	0	1532.63274	894.01493	1368.25813	968.70149
PPH_23	14	1	1220.35572	811.90672	1056.98846	842.76866
PPH_23	15	0	1906.40084	478.58582	1800.62959	549.19403
PPH_23	15	1	1650.53515	446.34701	1543.25289	496.30224
PPH_23	16	0	733.91605	959.67910	605.73242	918.13806
PPH_23	16	1	455.38510	822.16045	372.53200	761.47761
PPH_23	17	0	937.23924	573.92537	654.19203	563.52612
PPH_23	17	1	641.07975	622.78731	358.03253	590.72761
PPH_23	18	0	1051.41028	801.82090	911.43966	809.39179
PPH_23	18	1	1180.35047	830.02985	1057.50472	855.73507
PPH_23	19	0	1110.90871	213.02985	947.79119	219.63806
PPH_23	19	1	811.22350	228.64552	689.40714	228.20149
PPH_23	20	0	842.22350	455.57463	750.27492	451.57463
PPH_23	20	1	1072.90556	319.06343	978.94229	328.16045
PPH_23	21	0	1385.93075	554.04104	1326.16999	593.69030
PPH_23	21	1	1175.89927	487.04478	1116.13851	507.55224
PPH_23	22	0	1182.79958	326.01493	942.43861	336.29478
PPH_23	22	1	946.57712	410.64179	775.72298	411.35075
PPH_24	0	0	659.58342	639.80970	777.94753	598.89179
PPH_24	0	1	814.71459	587.42164	928.04197	548.01493
PPH_24	1	0	1204.45331	514.21642	1321.75551	484.45522
PPH_24	1	1	1051.33683	566.10075	1159.57293	534.32463
PPH_24	2	0	945.32844	923.08209	780.90556	857.26119
PPH_24	2	1	811.85519	925.09701	658.51312	856.75746
PPH_24	3	0	1300.74921	826.10448	1156.44806	790.81343
PPH_24	3	1	1607.98951	824.08955	1472.75446	831.11194
PPH_24	4	0	608.16264	921.82836	521.54145	842.99254
PPH_24	4	1	417.27072	1004.44030	327.62749	895.88433
PPH_24	5	0	1194.15950	664.00000	1114.49003	624.96269
PPH_24	5	1	1059.17524	676.59328	968.42497	630.50373
PPH_24	6	0	944.30955	923.33955	844.23610	870.07090
PPH_24	6	1	728.73767	1027.61194	595.92550	943.61567
PPH_24	7	0	1471.73137	661.81343	1499.93704	636.58209
PPH_24	7	1	1744.72193	540.91791	1852.50787	517.70149
PPH_24	8	0	1771.41658	643.94030	1856.03358	632.16791
PPH_24	8	1	1630.89192	689.77985	1665.14166	673.97761
PPH_24	9	0	621.69990	932.91045	569.46800	856.93284
PPH_24	9	1	492.25603	973.20896	449.59391	883.12687
PPH_24	10	0	651.07975	713.97761	690.75656	655.17164
PPH_24	10	1	1296.78804	705.91791	1371.72193	687.41045
PPH_24	11	0	1245.29906	925.94030	1082.89087	897.79104
PPH_24	11	1	1126.43232	919.89552	923.22665	875.12313
PPH_24	12	0	995.29696	838.10075	774.27492	781.46269
PPH_24	12	1	1247.13326	746.42164	1049.28017	707.41418
PPH_24	13	0	818.07975	713.39925	703.07975	657.39179
PPH_24	13	1	1049.26548	638.34328	938.29486	590.89925
PPH_24	14	0	837.80588	887.05597	585.81007	809.75746
PPH_24	14	1	653.46170	814.51866	412.04302	728.15299
PPH_24	15	0	1187.21091	733.75746	1112.13746	699.73507
PPH_24	15	1	1066.32949	759.44776	968.59077	713.83955
PPH_24	16	0	1082.59286	715.08955	999.46065	671.20149
PPH_24	16	1	934.00944	724.66045	849.86988	670.19403
PPH_24	17	0	1630.89192	831.71269	1420.63903	812.94776
PPH_24	17	1	1919.49633	835.74254	1692.62225	840.65299
PPH_24	18	0	1648.34313	784.83582	1427.62959	761.13806
PPH_24	18	1	1496.23400	809.51866	1201.98426	778.26493
PPH_24	19	0	1017.24029	711.33955	1014.80693	671.26119
PPH_24	19	1	866.64218	718.89552	878.31165	671.76493
PPH_26	0	0	1706.44281	787.83582	1511.01784	781.79104
PPH_26	0	1	1917.98531	763.65672	1744.72193	763.65672
PPH_26	1	0	1267.24029	368.73134	1297.46065	360.67164
PPH_26	1	1	1023.46275	368.73134	1027.49213	364.70149
PPH_26	2	0	1581.53200	707.23881	1428.41553	703.20896
PPH_26	2	1	1494.90031	681.04478	1355.88667	677.01493
PPH_26	3	0	950.93389	288.13433	952.94858	282.08955
PPH_26	3	1	1237.01994	229.70149	1253.13746	229.70149
PPH_26	4	0	916.68416	755.59701	741.40609	741.49254
PPH_26	4	1	1285.37251	805.97015	1100.02099	799.92537
PPH_26	5	0	860.27282	564.17910	777.67051	560.14925
PPH_26	5	1	1057.71249	588.35821	987.19832	584.32836
PPH_26	6	0	1100.19412	511.08955	1062.39244	514.86567
PPH_26	6	1	873.54145	520.15672	806.52676	511.84328
PPH_26	7	0	836.26967	539.29851	680.36306	532.79851
PPH_26	7	1	551.19098	568.51493	412.40923	557.98507
PPH_26	8	0	1779.97901	642.96269	1818.25813	652.71642
PPH_26	8	1	1618.80378	632.88806	1625.85519	644.65672
PPH_26	9	0	1427.76076	434.18657	1407.26128	428.88060
PPH_26	9	1	1288.74711	387.84328	1257.16684	375.48507
PPH_26	10	0	654.84155	631.73134	496.29066	623.91045
PPH_26	10	1	474.52676	706.28358	285.75551	677.30597
PPH_26	11	0	769.61175	272.01493	916.68416	288.13433
PPH_26	11	1	975.11018	362.68657	1126.21196	364.70149
PPH_26	12	0	179.30745	500.26119	251.83631	506.54478
PPH_26	12	1	389.84260	560.70896	426.10703	562.96269
PPH_26	13	0	1029.98951	725.75373	840.57503	715.07463
PPH_26	13	1	1205.26758	719.70896	1016.86044	709.02985
PPH_26	14	0	1214.85834	862.38806	868.33158	846.26866
PPH_26	14	1	1517.06191	642.76119	1148.37356	618.58209
PPH_26	15	0	971.08080	799.92537	537.92235	759.62687
PPH_26	15	1	636.64218	896.64179	122.89612	856.34328
PPH_26	16	0	1398.26863	721.05970	1178.59391	714.53731
PPH_26	16	1	1614.84785	755.31343	1383.08499	746.77612
PPH_26	17	0	1538.28961	684.79104	1442.51836	677.26119
PPH_26	17	1	1709.53830	715.01493	1624.84785	712.52239
PPH_26	18	0	1640.03148	804.67910	1491.87828	806.21642
PPH_26	18	1	1823.36831	882.25373	1698.38405	897.89552
PPH_26	19	0	1319.62225	654.85075	1204.78489	642.76119
PPH_26	19	1	511.73137	542.01493	453.30535	535.97015
PPH_26	20	0	1095.99161	151.11940	803.86149	132.98507
PPH_26	20	1	767.59706	74.55224	372.71773	70.52239
PPH_26	21	0	1202.77020	42.31343	1013.38930	22.16418
PPH_26	21	1	906.61070	6.04478	664.84785	8.05970
PPH_28	0	0	848.07555	1023.07836	701.53515	953.56343
PPH_28	0	1	914.56034	999.40299	769.53095	941.97761
PPH_28	1	0	562.86569	885.34701	444.49843	807.13433
PPH_28	1	1	718.50052	910.02985	545.23295	829.29851
PPH_28	2	0	687.78804	834.97761	673.74397	771.70149
PPH_28	2	1	527.62015	852.60821	519.11647	775.73134
PPH_29	0	0	1629.88458	504.45522	1562.39244	615.32090
PPH_29	0	1	1717.52361	444.00746	1701.40609	564.94776
PPH_29	1	0	943.80588	728.08209	768.76180	734.18657
PPH_29	1	1	1108.00315	670.65672	942.02518	703.96269
PPH_29	2	0	1257.35677	561.62687	1171.11438	626.56716
PPH_29	2	1	1411.48059	508.23134	1333.29696	589.29104
PPH_29	3	0	772.03358	737.13433	581.93075	714.26119
PPH_29	3	1	962.42183	661.57463	807.57608	671.94776
PPH_29	4	0	1327.68101	509.10448	1213.12277	579.00746
PPH_29	4	1	1539.22350	454.70149	1434.73872	541.73134
PPH_29	5	0	398.90871	708.64179	355.59286	651.76866
PPH_29	5	1	192.40294	820.47015	151.10178	714.23134
PPH_29	6	0	1346.46695	477.20896	1315.84260	552.15672
PPH_29	6	1	1516.70829	433.88806	1500.18678	528.98507
PPH_29	7	0	1039.22455	729.05970	863.74607	751.87313
PPH_29	7	1	983.82057	745.17910	804.31270	760.94030
PPH_29	8	0	1168.52046	630.67164	1117.18678	692.02239
PPH_29	8	1	646.17209	715.51493	605.36411	699.17910
PPH_30	0	0	1238.54145	966.66045	1201.60021	944.49627
PPH_30	0	1	1096.00210	949.02985	1029.84785	914.27239
PPH_30	1	0	700.04197	457.31343	422.20357	396.61194
PPH_30	1	1	575.63484	451.26866	273.62015	389.55970
PPH_30	2	0	1273.69570	315.52612	1202.04512	260.61567
PPH_30	2	1	1030.42183	355.32090	926.03253	306.45522
PPH_30	3	0	469.91815	348.29851	419.68625	305.41791
PPH_30	3	1	696.57083	343.76493	649.36097	297.35821
PPH_31	0	0	800.98426	933.11194	628.73767	913.64552
PPH_31	0	1	1680.25184	965.14925	1275.29906	993.35821
PPH_31	1	0	1581.53200	765.67164	1492.88562	781.79104
PPH_31	1	1	550.01049	848.28358	425.09969	816.04478
PPH_31	2	0	1785.01574	640.74627	1470.72403	681.04478
PPH_31	2	1	1216.87303	683.05970	701.11228	709.25373
PPH_31	3	0	889.25813	549.20896	532.09234	545.86194
PPH_31	3	1	597.63169	482.21269	167.93704	483.90299
PPH_31	4	0	544.31270	721.87313	435.86149	711.88433
PPH_31	4	1	246.13851	706.76119	154.81217	687.70522
PPH_32	0	0	1304.33473	914.77612	1208.71039	958.09701
PPH_32	0	1	1490.69360	978.24627	1377.94439	1048.76866
PPH_32	1	0	813.93494	699.17910	733.34732	670.97015
PPH_32	1	1	1466.69465	467.46269	1563.39979	511.79104
PPH_32	2	0	1567.42917	414.05224	1517.06191	439.52985
PPH_32	2	1	1730.61910	419.08955	1686.29591	454.64179
PPH_32	3	0	953.54040	633.89552	830.34208	622.93284
PPH_32	3	1	998.87093	627.85075	882.72403	620.91791
PPH_32	4	0	1281.93494	509.97761	1159.74397	521.17910
PPH_32	4	1	1321.22141	498.89552	1207.08919	514.12687
PPH_33	0	0	733.78489	243.95149	751.57608	209.59328
PPH_33	0	1	926.69150	272.66418	941.46065	231.75746
PPH_33	1	0	793.26338	308.99254	666.48793	263.99627
PPH_33	1	1	956.45331	402.18284	854.86149	355.67537
PPH_33	2	0	402.63484	198.97388	266.30010	169.17537
PPH_33	2	1	665.55194	353.61940	492.44911	305.18284
PPH_33	3	0	723.48793	526.26119	388.22036	454.36194
PPH_33	3	1	965.25079	519.71269	692.94229	460.91045
PPH_33	4	0	180.00630	257.79104	42.30850	221.41418
PPH_33	4	1	491.27597	349.47015	305.72928	292.44030
PPH_33	5	0	837.69360	248.39179	760.43652	207.46269
PPH_33	5	1	1036.64428	295.74254	946.79538	248.26493
PPH_33	6	0	1519.07660	654.85075	1287.38720	644.77612
PPH_33	6	1	1230.97587	874.47761	975.11018	842.23881
PPH_33	7	0	847.91396	455.57836	916.48793	411.29104
PPH_33	7	1	985.41658	399.16045	1052.98321	355.37687
PPH_34	0	0	820.00420	1003.43284	525.41658	966.15672
PPH_34	0	1	1017.44386	1013.50746	722.85624	1014.51493
PPH_34	1	0	1565.41448	630.94776	1408.26863	731.64925
PPH_34	1	1	1815.23610	636.99254	1713.49423	785.04478
PPH_34	2	0	1410.28332	818.05970	1031.52151	868.43284
PPH_34	2	1	1619.81112	870.44776	1287.38720	965.14925
PPH_34	3	0	1529.15005	711.33582	1178.59391	789.04478
PPH_34	3	1	1791.05981	685.14179	1522.09864	808.18657
PPH_34	4	0	1124.00525	568.20896	933.99790	601.45522
PPH_34	4	1	1293.23924	447.31343	1133.45226	491.64179
PPH_34	5	0	1242.87198	444.29104	1131.43757	498.69403
PPH_34	5	1	1414.12067	517.83582	1261.38510	597.42537
PPH_34	6	0	1312.00420	611.12687	1080.79119	668.05970
PPH_34	6	1	1488.28961	579.89552	1274.20147	654.96269
PPH_34	7	0	114.83736	605.95522	103.75656	524.06716
PPH_34	7	1	271.98321	582.78358	224.63799	510.97015
PPH_34	8	0	1511.83316	522.08209	1346.45226	613.38060
PPH_34	8	1	1265.03358	486.82090	1140.95383	542.85821
PPH_34	9	0	1305.79643	422.91045	1322.96432	493.02985
PPH_34	9	1	1065.04092	419.88806	1050.98111	462.80597
PPH_34	10	0	866.73872	371.83582	860.50472	390.20896
PPH_34	10	1	993.66422	397.02239	970.30535	428.49254
PPH_34	11	0	33.24239	288.08955	122.89612	241.79104
PPH_34	11	1	361.63694	303.20149	385.81322	280.07463
PPH_34	12	0	1601.67891	562.16418	1478.78279	664.92537
PPH_34	12	1	1913.95593	525.89552	1869.63274	683.05970
PPH_34	13	0	1563.39979	679.91791	1334.73242	780.11194
PPH_34	13	1	1762.85414	658.76119	1588.58342	798.24627
PPH_34	14	0	680.96537	967.16418	408.98216	912.76119
PPH_34	14	1	1599.66422	936.94030	1392.15110	1073.95522
PPH_34	15	0	417.04092	284.10448	477.48164	270.00000
PPH_34	15	1	965.03673	421.11940	1007.34523	455.37313
PPH_36	0	0	475.81742	797.88060	398.75131	729.44403
PPH_36	0	1	362.99475	812.48881	297.51312	732.46642
PPH_36	1	0	1418.34208	338.50746	1166.50577	322.38806
PPH_36	1	1	902.58132	554.10448	739.39140	525.89552
PPH_36	2	0	175.27807	501.71642	90.66107	431.19403
PPH_36	2	1	531.87828	483.58209	449.27597	443.28358
PPH_36	3	0	463.37880	620.59701	278.02728	556.11940
PPH_36	3	1	761.55299	610.52239	584.26023	574.25373
PPH_36	4	0	910.64008	475.52239	930.78699	471.49254
PPH_36	4	1	1110.09444	505.74627	1146.35887	517.83582
PPH_36	5	0	608.43652	630.67164	513.74607	586.34328
PPH_36	5	1	856.24344	703.20896	767.59706	681.04478
PPH_36	6	0	811.92025	602.46269	747.45016	578.28358
PPH_36	6	1	1033.53620	652.83582	969.06611	648.80597
PPH_36	7	0	1227.71354	570.71269	1272.70724	593.98134
PPH_36	7	1	1015.16369	554.08955	1044.03987	557.71269
PPH_36	8	0	456.49843	558.45522	541.36621	523.33209
PPH_36	8	1	616.66632	553.41791	687.93494	526.85821
PPH_36	9	0	649.79119	669.44403	627.01994	637.02612
PPH_36	9	1	379.82267	548.54851	378.20567	497.99627
PPH_36	10	0	994.54145	677.00000	1007.05666	680.19403
PPH_36	10	1	846.46170	642.74627	874.08709	633.34701
PPH_36	11	0	1333.98951	977.23881	1130.28437	1005.95149
PPH_36	11	1	1100.28541	911.75373	929.31899	907.22015
PPH_36	12	0	1077.85939	1001.41791	819.97901	987.31343
PPH_36	12	1	719.24449	983.28358	465.39349	914.77612
PPH_36	13	0	961.00735	664.92537	890.49318	650.82090
PPH_36	13	1	749.46485	606.49254	721.25918	578.28358
PPH_36	14	0	1259.18153	713.28358	1198.74082	729.40299
PPH_36	14	1	1494.90031	747.53731	1436.47429	791.86567
PPH_36	15	0	1067.78594	894.62687	562.09864	838.20896
PPH_36	15	1	656.78909	656.86567	282.05666	578.28358
PPH_36	16	0	1732.63379	360.67164	1452.59182	362.68657
PPH_36	16	1	1349.84260	370.74627	1081.88877	360.67164
PPH_36	17	0	596.34837	308.28358	382.79119	272.01493
PPH_36	17	1	362.64428	229.70149	237.73347	193.43284
PPH_36	18	0	851.98741	591.49627	920.43966	587.55597
PPH_36	18	1	933.07870	594.01493	999.51626	601.66045
PPH_36	19	0	793.78804	807.98507	680.96537	773.73134
PPH_36	19	1	185.35152	822.08955	10.07345	703.20896
PPH_37	0	0	136.99895	896.64179	160.16789	775.74627
PPH_37	0	1	811.92025	898.65672	753.49423	839.21642
PPH_38	0	0	497.13851	531.19403	263.92445	484.50000
PPH_38	0	1	754.01154	583.58209	531.87828	572.14925
PPH_38	1	0	527.84890	503.73134	215.57188	443.28358
PPH_38	1	1	352.57083	429.17910	34.24974	356.64179
PPH_38	2	0	958.94544	520.76866	800.19517	537.64179
PPH_38	2	1	1130.19412	598.34328	958.34837	635.36567
PPH_38	3	0	1156.43232	932.91045	1017.41868	987.31343
PPH_38	3	1	687.00944	850.29851	618.50997	822.08955
PPH_38	4	0	241.76285	514.70896	60.44071	435.66418
PPH_38	4	1	465.39349	555.00746	288.10073	498.12687
PPH_38	5	0	704.32109	441.79851	647.86464	437.76866
PPH_38	5	1	931.98111	497.20896	843.28961	513.32836
PPH_38	6	0	1414.23820	333.47015	1405.14166	415.93284
PPH_38	6	1	1188.59286	188.39552	1194.60651	247.68657
PPH_38	7	0	1296.77650	456.15672	737.37671	465.44776
PPH_38	7	1	1533.50262	404.77612	1142.32949	455.37313
PPH_38	8	0	1271.26967	818.05970	958.99265	858.35821
PPH_38	8	1	1619.81112	672.98507	1335.73977	753.58209
PPH_38	9	0	1286.37985	559.44776	1048.79224	608.17910
PPH_38	9	1	1540.23085	501.01493	1316.74607	576.94776
PPH_38	10	0	1329.69570	485.59701	973.09549	537.98507
PPH_38	10	1	954.96327	368.73134	586.27492	368.73134
PPH_38	11	0	572.17209	362.68657	42.30850	302.23881
PPH_38	11	1	860.27282	441.26866	400.92340	409.02985
PPH_38	12	0	1644.99475	374.08955	1494.90031	473.50746
PPH_38	12	1	1417.33473	258.23134	1261.19622	320.37313
PPH_38	13	0	1459.64323	416.82090	1163.27702	469.08955
PPH_38	13	1	1612.75971	421.85821	1367.76810	496.29104
PPH_38	14	0	1523.10598	753.58209	1073.83001	830.14925
PPH_38	14	1	1776.95698	644.77612	1404.23924	759.62687
PPH_38	15	0	513.74607	644.77612	384.80588	594.40299
PPH_38	15	1	255.86569	634.70149	139.01364	552.08955
PPH_38	16	0	842.14061	378.80597	390.84995	356.64179
PPH_38	16	1	1329.69570	419.10448	723.27387	413.05970
PPH_38	17	0	1077.85939	519.85075	826.02308	552.08955
PPH_38	17	1	1321.63694	409.02985	1007.34523	451.34328
PPH_38	18	0	336.45331	90.67164	390.84995	92.68657
PPH_38	18	1	570.15740	108.80597	580.23085	114.85075
PPH_38	19	0	1293.43127	245.82090	410.99685	231.71642
PPH_38	19	1	797.81742	251.86567	4.02938	201.49254
PPH_38	20	0	747.45016	493.65672	92.67576	423.13433
PPH_38	20	1	1176.57922	529.92537	626.56873	525.89552
PPH_38	21	0	1577.50262	912.76119	1496.91501	1063.88060
PPH_38	21	1	1023.46275	747.53731	930.78699	773.73134
PPH_39	0	0	654.48793	797.29851	662.02833	767.25000
PPH_39	0	1	880.63694	803.84701	875.58552	802.51119
PPH_39	1	0	968.00944	862.38806	428.12172	864.40299
PPH_39	1	1	514.70409	851.30597	4.02938	762.64925
PPH_39	2	0	1072.76180	1013.50746	632.69570	998.39552
PPH_39	2	1	1295.38510	920.82090	959.07555	942.98507
PPH_39	3	0	657.21091	671.27612	765.66737	651.72388
PPH_39	3	1	1053.09759	697.47015	1159.53935	724.26119
PPH_40	0	0	477.48164	898.65672	415.02623	872.46269
PPH_40	0	1	763.56768	906.71642	658.80378	896.64179
PPH_40	1	0	944.88982	854.32836	674.92130	842.23881
PPH_40	1	1	721.25918	854.32836	475.46695	840.22388
PPH_40	2	0	1243.06401	1007.46269	1061.74187	1021.56716
PPH_40	2	1	1041.59496	989.32836	904.59601	993.35821
PPH_40	3	0	1311.56348	856.34328	763.56768	850.29851
PPH_40	3	1	961.00735	787.83582	193.41028	757.61194
PPH_41	0	0	426.10703	672.04478	527.84890	673.23134
PPH_41	0	1	211.54250	686.14925	344.51207	686.32836
PPH_41	1	0	882.43442	890.59701	918.69885	880.52239
PPH_41	1	1	1351.85729	949.02985	1392.15110	971.19403
PPH_41	2	0	1304.98216	821.20896	864.21196	794.23134
PPH_41	2	1	1702.88353	849.41791	1265.13536	832.51493
PPH_41	3	0	1176.57922	971.19403	1120.16789	969.17910
PPH_41	3	1	1474.75341	1003.43284	1446.54774	1023.58209
PPH_41	4	0	1692.33998	910.74627	1817.25079	953.05970
PPH_41	4	1	1120.16789	816.04478	1255.15215	824.10448
PPH_42	0	0	143.04302	631.36567	100.73452	616.44776
PPH_42	0	1	306.23295	546.73881	255.86569	540.88806
PPH_42	1	0	1250.58447	628.10448	1249.12067	630.58209
PPH_42	1	1	1120.63694	536.42537	1119.17314	535.88060
PPH_42	2	0	1353.87198	846.26866	981.15425	826.11940
PPH_42	2	1	1780.98636	844.25373	1345.81322	826.11940
PPH_42	3	0	725.28856	1041.71642	265.93914	1003.43284
PPH_42	3	1	997.27177	874.47761	543.96642	836.19403
PPH_42	4	0	1303.50472	783.80597	1132.25603	777.76119
PPH_42	4	1	1611.75236	753.58209	1444.53305	747.53731
PPH_42	5	0	862.28751	654.85075	856.24344	656.86567
PPH_42	5	1	1001.30115	644.77612	993.24239	648.80597
PPH_42	6	0	1133.49423	648.90299	1130.96642	651.75373
PPH_42	6	1	1309.77964	699.27612	1325.38405	706.15672
PPH_42	7	0	922.31270	752.80597	900.40189	741.13433
PPH_42	7	1	1081.47324	736.68657	1067.62120	733.07463
PPH_42	8	0	1392.15110	302.23881	1472.73872	288.13433
PPH_42	8	1	1561.38510	314.32836	1662.11962	302.23881
PPH_42	9	0	1714.50157	616.56716	1509.00315	606.49254
PPH_42	9	1	1357.90136	560.14925	1202.77020	550.07463
PPH_42	10	0	1567.42917	576.26866	1531.16474	566.19403
PPH_42	10	1	1911.94124	443.28358	1889.77964	413.05970
PPH_42	11	0	1400.20986	616.56716	1369.98951	610.52239
PPH_42	11	1	1704.42812	527.91045	1714.50157	519.85075
PPH_42	12	0	1398.19517	672.98507	1164.49108	664.92537
PPH_42	12	1	1772.92760	711.26866	1531.16474	703.20896
PPH_42	13	0	1321.63694	540.00000	1380.06296	537.98507
PPH_42	13	1	1549.29696	540.00000	1611.75236	542.01493
PPH_42	14	0	914.66946	658.88060	884.44911	668.95522
PPH_42	14	1	1142.32949	626.64179	1114.12382	626.64179
PPH_42	15	0	1458.63589	1001.41791	922.72823	981.26866
PPH_42	15	1	1911.94124	989.32836	1359.91605	969.17910
PPH_42	16	0	876.39035	729.40299	215.57188	693.13433
PPH_42	16	1	1124.19727	658.88060	576.20147	616.56716
PPH_42	17	0	1266.23295	623.26119	1315.23820	626.76866
PPH_42	17	1	1032.52886	541.65672	1090.60021	545.16418
PPH_42	18	0	864.30220	936.94030	12.08814	870.44776
PPH_42	18	1	1444.53305	866.41791	689.02413	820.07463
PPH_42	19	0	537.92235	606.49254	489.56978	604.47761
PPH_42	19	1	221.61595	632.68657	155.13116	626.64179
PPH_42	20	0	1517.06191	626.64179	1313.57817	620.59701
PPH_42	20	1	1859.55929	537.98507	1694.35467	509.77612
PPH_42	21	0	1249.10808	834.17910	848.18468	814.02985
PPH_42	21	1	1571.45855	695.14925	1257.16684	652.83582
PPH_42	22	0	963.02204	495.67164	805.87618	493.65672
PPH_42	22	1	1313.57817	348.58209	1116.13851	328.43284
PPH_42	23	0	1468.70934	564.17910	1216.87303	546.04478
PPH_42	23	1	1849.48583	499.70149	1617.79643	469.47761
PPH_42	24	0	1744.72193	862.38806	1142.32949	842.23881
PPH_42	24	1	1293.43127	566.19403	828.03778	533.95522
PPH_43	0	0	1326.03148	818.05970	1252.12592	871.95522
PPH_43	0	1	1011.73977	846.26866	907.61385	862.88806
PPH_43	1	0	993.47114	897.64925	907.27387	903.69403
PPH_43	1	1	455.54879	966.15672	381.43966	899.66418
PPH_43	2	0	1092.58237	977.23881	1029.16369	984.29104
PPH_43	2	1	728.93075	1063.88060	642.34313	1028.61940
PPH_43	3	0	503.28541	1001.41791	511.38825	950.03731
PPH_43	3	1	932.41448	956.08209	901.23085	955.07463
PPH_43	4	0	1337.08395	898.65672	1372.22350	960.11194
PPH_43	4	1	1027.82896	888.58209	1054.90976	907.72388
PPH_43	5	0	817.86988	928.88060	825.36306	919.81343
PPH_43	5	1	446.15950	972.20149	489.91710	909.73881
PPH_43	6	0	917.29066	965.14925	894.15110	965.14925
PPH_43	6	1	540.54355	1002.42537	537.55089	948.02239
PPH_43	7	0	1064.30325	551.28358	990.71668	564.00000
PPH_43	7	1	839.66527	553.29851	782.19622	551.91045
PPH_43	8	0	520.79748	1032.64925	349.54879	951.04478
PPH_43	8	1	307.24029	1037.68657	197.43966	931.90299
PPH_43	9	0	796.29696	657.67910	812.87828	643.02239
PPH_43	9	1	653.25393	653.64925	672.85729	631.94030
PPH_43	10	0	1168.06191	829.14179	1088.22350	857.35075
PPH_43	10	1	997.82057	845.26119	900.85729	838.20896
PPH_43	11	0	1400.06191	510.15672	1387.01049	550.14179
PPH_43	11	1	1200.60756	482.95522	1188.56348	513.87313
PPH_43	12	0	804.86884	1040.70896	536.91501	995.37313
PPH_43	12	1	394.87933	1066.90299	155.13116	963.13433
PPH_43	13	0	1234.02413	936.94030	1003.87723	960.11194
PPH_43	13	1	932.82791	928.88060	697.64428	908.73134
PPH_43	14	0	1036.18573	995.37313	523.81952	963.13433
PPH_43	14	1	699.73242	1047.76119	76.55824	955.07463
PPH_44	0	0	1010.15740	844.25373	1022.89087	850.29851
PPH_44	0	1	906.40084	836.19403	902.00944	833.17164
PPH_44	1	0	755.50892	638.73134	312.27702	610.52239
PPH_44	1	1	1011.37461	519.85075	481.51102	487.61194
PPH_44	2	0	1377.20147	594.13433	929.73452	568.41045
PPH_44	2	1	1576.65582	583.05224	1098.96852	553.29851
PPH_44	3	0	1326.83421	820.81343	803.01154	793.26866
PPH_44	3	1	1517.22246	751.29851	958.14271	723.75373
PPH_44	4	0	891.57083	728.05224	964.98951	728.17164
PPH_44	4	1	1057.78279	756.26119	1129.18678	762.42537
PPH_44	5	0	920.71354	816.04478	882.43442	816.04478
PPH_44	5	1	709.17104	771.71642	707.15635	765.67164
PPH_44	6	0	1428.41553	1003.43284	838.11123	979.25373
PPH_44	6	1	1726.58972	834.17910	1122.18258	807.98507
PPH_44	7	0	807.89087	1017.53731	479.49633	989.32836
PPH_44	7	1	973.09549	945.00000	682.98006	924.85075
PPH_44	8	0	394.87933	797.91045	231.68940	767.68657
PPH_44	8	1	858.25813	769.70149	701.11228	757.61194
PPH_44	9	0	769.61175	785.82090	691.03882	773.73134
PPH_44	9	1	384.80588	727.38806	380.77650	717.31343
PPH_44	10	0	993.24239	739.47761	967.05142	737.46269
PPH_44	10	1	1216.87303	763.65672	1184.63799	769.70149
PPH_44	11	0	711.18573	904.70149	687.00944	890.59701
PPH_44	11	1	221.61595	938.95522	223.63064	902.68657
PPH_44	12	0	638.65687	826.11940	556.05456	807.98507
PPH_44	12	1	896.53725	779.77612	799.83211	765.67164
PPH_44	13	0	151.10178	733.43284	276.01259	723.35821
PPH_44	13	1	531.87828	777.76119	612.46590	771.71642
PPH_44	14	0	1130.24134	781.79104	543.96642	735.44776
PPH_44	14	1	1539.22350	755.59701	809.90556	711.26866
PPH_44	15	0	961.00735	830.14925	928.77230	850.29851
PPH_44	15	1	1182.62329	844.25373	1168.52046	846.26866
PPH_44	16	0	481.51102	707.23881	586.27492	701.19403
PPH_44	16	1	731.33263	743.50746	809.90556	733.43284
PPH_44	17	0	282.05666	864.40299	56.41133	826.11940
PPH_44	17	1	662.83316	892.61194	314.29171	858.35821
PPH_44	18	0	1339.76915	739.47761	783.71459	707.23881
PPH_44	18	1	773.64113	449.32836	185.35152	419.10448
PPH_45	0	0	146.06506	664.17910	291.12277	595.52239
PPH_45	0	1	575.19412	776.00746	640.67156	748.65672
PPH_45	1	0	610.45121	937.94776	502.66527	887.57463
PPH_45	1	1	325.37251	1008.47015	205.49843	894.62687
PPH_45	2	0	947.47954	935.93284	795.28856	945.00000
PPH_45	2	1	504.24764	937.94776	437.68101	868.43284
PPH_45	3	0	811.92025	877.50000	805.87618	876.61940
PPH_45	3	1	227.66002	782.79851	328.39454	705.35075
PPH_45	4	0	583.37985	791.86567	677.13746	765.07463
PPH_45	4	1	962.14166	825.11194	1016.61280	863.80597
PPH_45	5	0	1065.44491	929.88806	501.65792	862.38806
PPH_45	5	1	951.61490	924.85075	389.84260	832.16418
PPH_45	6	0	850.99580	922.83582	766.76076	922.83582
PPH_45	6	1	733.13641	919.81343	667.03358	896.64179
PPH_45	7	0	783.50367	1004.44030	657.96747	978.24627
PPH_45	7	1	700.90136	982.27612	582.41658	951.04478
PPH_45	8	0	1239.07765	838.20896	1209.39454	921.82836
PPH_45	8	1	1364.99580	812.01493	1348.40818	903.69403
PPH_45	9	0	1580.87723	923.84328	1551.31165	1074.96269
PPH_45	9	1	1418.69465	863.39552	1382.07765	978.24627
PPH_48	0	0	951.69990	524.20149	791.14481	520.51119
PPH_48	0	1	888.23715	515.13433	718.61595	514.46642
PPH_48	1	0	751.70724	592.36940	512.12277	586.87313
PPH_48	1	1	640.89927	613.02239	396.27807	602.99254
PPH_48	2	0	1166.50577	751.56716	850.19937	743.50746
PPH_48	2	1	376.74711	683.05970	245.79224	672.98507
PPH_48	3	0	1261.95068	594.14925	1241.22350	600.48507
PPH_48	3	1	878.15215	606.23881	848.35887	609.55224
PPH_48	4	0	874.37566	693.13433	695.06821	689.10448
PPH_48	4	1	1335.73977	608.50746	1214.85834	608.50746
PPH_48	5	0	811.66002	505.86194	855.69990	510.91045
PPH_48	5	1	154.12382	385.95522	373.74816	402.68284
PPH_48	6	0	1265.68311	582.10448	1112.28646	582.31343
PPH_48	6	1	1517.51941	578.57836	1391.32109	580.29851
PPH_48	7	0	715.99370	552.83955	751.11542	554.07463
PPH_48	7	1	549.78174	534.70522	602.02833	537.95522
PPH_48	8	0	796.00105	531.99254	845.16999	532.11194
PPH_48	8	1	622.73767	539.04478	676.94334	539.66791
PPH_50	0	0	608.20881	513.13433	491.58447	513.26866
PPH_50	0	1	421.84995	461.75373	331.41658	467.93284
PPH_50	1	0	848.59077	325.41045	538.92970	331.45522
PPH_50	1	1	561.49738	187.38806	230.68206	207.53731
PPH_50	2	0	284.07135	224.66418	177.29276	255.89552
PPH_50	2	1	527.84890	191.41791	430.13641	221.64179
PPH_50	3	0	884.56034	533.88060	637.06191	531.92537
PPH_50	3	1	483.63694	584.25373	247.21931	575.24627
PPH_50	4	0	784.12067	317.24627	629.68730	323.39552
PPH_50	4	1	623.95278	245.71642	504.77650	258.91791
PPH_50	5	0	1286.77440	35.26119	1190.63484	10.07463
PPH_50	5	1	1029.90136	17.12687	921.67366	16.11940
PPH_50	6	0	1017.22350	216.60448	932.24554	214.58955
PPH_50	6	1	865.11438	217.61194	782.15110	219.62687
PPH_50	7	0	1168.98636	289.95522	790.64218	283.41791
PPH_50	7	1	1005.79643	292.97761	569.02623	299.53731
PPH_50	8	0	879.87828	371.55970	613.34942	371.06716
PPH_50	8	1	713.66632	370.55224	427.99790	378.11940
PPH_50	9	0	709.45855	661.88806	324.36516	646.25373
PPH_50	9	1	344.79958	600.43284	31.22770	581.77612
PPH_50	10	0	965.32424	593.38060	553.03253	588.82836
PPH_50	10	1	679.23820	510.76866	314.29171	512.26119
PPH_50	11	0	1654.06086	99.73881	1270.82581	59.44030
PPH_50	11	1	1363.94544	113.84328	956.53410	97.72388
PPH_50	12	0	1323.65163	435.22388	709.17104	425.14925
PPH_50	12	1	1686.29591	429.17910	950.93389	407.01493
PPH_50	13	0	1021.44806	634.70149	693.05352	628.65672
PPH_50	13	1	358.61490	116.86567	199.45435	165.22388
PPH_50	14	0	773.64113	503.73134	564.11333	503.73134
PPH_50	14	1	1468.70934	586.34328	1202.77020	602.46269
PPH_50	15	0	1059.72718	610.52239	753.49423	608.50746
PPH_50	15	1	372.71773	411.04478	280.04197	423.13433
PPH_51	0	0	1541.23820	439.25373	1343.79853	515.82090
PPH_51	0	1	1351.85729	318.35821	1188.66737	374.77612
PPH_51	1	0	1277.31375	527.91045	932.80168	572.23881
PPH_51	1	1	1466.69465	590.37313	1055.69780	654.85075
PPH_51	2	0	1390.13641	394.92537	1249.10808	477.53731
PPH_51	2	1	1646.00210	513.80597	1454.60651	626.64179
PPH_51	3	0	1345.81322	938.95522	658.80378	959.10448
PPH_51	3	1	1869.63274	844.25373	1220.90241	959.10448
PPH_51	4	0	596.34837	96.71642	614.48059	128.95522
PPH_51	4	1	834.08185	215.59701	834.08185	245.82090
PPH_51	5	0	1730.61910	213.58209	1738.67786	308.28358
PPH_51	5	1	1837.39769	245.82090	1867.61805	344.55224
PPH_51	6	0	433.15845	32.23881	141.02833	10.07463
PPH_51	6	1	779.68520	62.46269	539.93704	64.47761
PPH_51	7	0	789.75866	151.11940	703.12697	181.34328
PPH_51	7	1	1422.37146	183.35821	1315.59286	253.88060
PPH_51	8	0	1267.24029	467.46269	967.05142	511.79104
PPH_51	8	1	1579.51731	650.82090	1194.71144	739.47761
PPH_51	9	0	1367.97482	326.41791	1204.78489	382.83582
PPH_51	9	1	1601.67891	356.64179	1470.72403	455.37313
PPH_51	10	0	1142.32949	487.61194	693.05352	495.67164
PPH_51	10	1	1674.20776	513.80597	1349.84260	628.65672
PPH_51	11	0	1168.52046	380.82090	753.49423	402.98507
PPH_51	11	1	505.68730	302.23881	124.91081	290.14925
PPH_51	12	0	838.11123	324.40299	545.98111	324.40299
PPH_51	12	1	1768.89822	380.82090	1454.60651	467.46269
PPH_52	0	0	1191.68940	1023.58209	1047.83001	994.36567
PPH_52	0	1	1685.28856	1020.55970	1617.98741	1034.66418
PPH_52	1	0	834.43127	646.56343	735.69990	588.33955
PPH_52	1	1	678.29276	609.79104	596.18258	552.07090
PPH_52	2	0	558.77125	1014.51493	434.55719	917.58582
PPH_52	2	1	775.35047	975.22388	664.73767	904.63806
PPH_52	3	0	810.65687	1007.46269	671.95488	932.91045
PPH_52	3	1	1024.71773	1051.28731	845.72193	990.83955
PPH_52	4	0	829.04302	914.69776	775.98111	850.07463
PPH_52	4	1	1013.38720	892.02985	971.90976	841.51119
PPH_52	5	0	821.36516	1053.80597	623.14376	970.18657
PPH_52	5	1	1401.59601	926.86567	1297.16579	902.68657
PPH_52	6	0	1238.02728	1043.73134	1036.91081	1009.47761
PPH_52	6	1	1838.40504	919.81343	1766.22875	949.02985
PPH_53	0	0	1430.43022	564.17910	1182.62329	600.44776
PPH_53	0	1	1859.55929	535.97015	1575.48793	596.41791
PPH_54	0	0	1291.41658	926.86567	1186.65268	947.01493
PPH_54	0	1	999.28646	1051.79104	910.64008	1057.83582
PPH_54	1	0	1222.91710	932.91045	898.55194	938.95522
PPH_54	1	1	1440.50367	967.16418	1170.53515	989.32836
PPH_54	2	0	602.39244	842.23881	636.64218	832.16418
PPH_54	2	1	749.46485	814.02985	777.67051	803.95522
PPH_54	3	0	1126.21196	626.64179	989.21301	622.61194
PPH_54	3	1	1285.37251	544.02985	1176.57922	540.00000
PPH_54	4	0	1269.25498	981.26866	1218.88772	1001.41791
PPH_54	4	1	1206.79958	957.08955	1142.32949	979.25373
PPH_54	5	0	1327.68101	969.17910	1216.87303	987.31343
PPH_54	5	1	1192.69675	926.86567	1043.60965	942.98507
PPH_54	6	0	842.14061	963.13433	687.00944	949.02985
PPH_54	6	1	618.50997	1007.46269	413.01154	981.26866
PPH_54	7	0	1253.13746	356.64179	608.43652	354.62687
PPH_54	7	1	922.72823	501.71642	298.17419	503.73134
PPH_55	0	0	1287.38720	608.50746	676.93599	612.53731
PPH_55	0	1	1392.15110	574.25373	789.75866	600.44776
PPH_55	1	0	781.69990	981.26866	316.30640	906.71642
PPH_55	1	1	638.65687	1003.43284	207.51312	904.70149
PPH_55	2	0	1710.47219	445.29851	1629.88458	550.07463
PPH_55	2	1	1567.42917	521.86567	1404.23924	606.49254
PPH_55	3	0	1059.72718	1029.62687	265.93914	971.19403
PPH_55	3	1	1513.03253	1013.50746	707.15635	1041.71642
PPH_55	4	0	1017.41868	405.00000	991.22770	441.26866
PPH_55	4	1	830.05247	390.89552	817.96432	409.02985
PPH_55	5	0	1438.48898	425.14925	1440.50367	507.76119
PPH_55	5	1	1319.62225	409.02985	1309.54879	475.52239
PPH_55	6	0	828.03778	505.74627	539.93704	485.59701
PPH_55	6	1	969.06611	650.82090	695.06821	638.73134
PPH_55	7	0	1053.68311	511.79104	928.77230	537.98507
PPH_55	7	1	842.14061	580.29851	684.99475	584.32836
PPH_55	8	0	1831.35362	384.85075	1909.92655	501.71642
PPH_55	8	1	1601.67891	459.40299	1615.78174	558.13433
PPH_55	9	0	1656.07555	765.67164	1025.47744	826.11940
PPH_55	9	1	1154.41763	967.16418	404.95278	930.89552
PPH_55	10	0	1841.42707	390.89552	1694.35467	501.71642
PPH_55	10	1	1643.98741	411.04478	1502.95908	507.76119
PPH_55	11	0	489.56978	509.77612	469.42288	473.50746
PPH_55	11	1	348.54145	517.83582	360.62959	477.53731
PPH_55	12	0	1339.76915	469.47761	1222.91710	529.92537
PPH_55	12	1	1200.75551	449.32836	1091.96222	503.73134
PPH_55	13	0	1410.28332	848.28358	807.89087	876.49254
PPH_55	13	1	973.09549	922.83582	271.98321	866.41791
PPH_57	0	0	1398.38615	975.22388	784.43861	916.79104
PPH_57	0	1	1469.90766	929.88806	913.37880	878.50746
PPH_57	1	0	1251.71563	771.23881	1365.15740	755.28358
PPH_57	1	1	995.84995	737.99254	1095.18888	706.92537
PPH_57	2	0	1071.08499	776.00746	1148.98216	745.02985
PPH_57	2	1	1236.28961	790.11194	1324.26023	774.24627
PPH_57	3	0	859.40818	658.90299	994.78384	623.20149
PPH_57	3	1	1023.60546	676.02985	1156.96642	647.38060
PPH_57	4	0	1195.61490	975.22388	1124.59391	950.03731
PPH_57	4	1	1609.63379	1021.56716	1544.65687	1037.68657
PPH_58	0	0	1285.37251	530.14179	697.31480	462.08209
PPH_58	0	1	1734.64848	381.03731	1061.97377	291.82090
PPH_58	1	0	1509.00315	565.85075	1536.20147	534.26119
PPH_58	1	1	1374.01889	578.94776	1385.09969	550.38060
PPH_58	2	0	1678.23715	598.69403	1334.22455	548.02985
PPH_58	2	1	1499.93704	666.19403	1129.73347	613.51493
PPH_58	3	0	1061.14376	686.82090	844.51941	625.85075
PPH_58	3	1	1222.31899	718.05224	1027.85624	671.18657
PPH_58	4	0	1131.27492	934.92537	920.87093	886.56716
PPH_58	4	1	1007.37146	996.38060	749.62225	972.20149
PPH_58	5	0	1647.00944	554.23134	1557.35572	522.44030
PPH_58	5	1	1412.29801	547.17910	1291.41658	508.33582
PPH_58	6	0	1725.58237	715.73881	1580.52466	692.35821
PPH_58	6	1	1295.44596	713.72388	1218.88772	680.26866
PPH_58	7	0	1605.38405	824.18657	928.54565	766.03731
PPH_58	7	1	1138.98321	921.91045	493.37251	820.44030
PPH_58	8	0	1161.28961	984.29104	891.70094	928.88060
PPH_58	8	1	943.70304	1044.73881	682.17314	962.12687
PPH_58	9	0	1516.14271	489.11940	1554.42183	452.00746
PPH_58	9	1	1355.97482	552.58955	1357.98951	511.44776
PPH_61	0	0	149.08709	169.25373	183.33683	139.02985
PPH_61	0	1	286.08604	171.26866	304.21826	147.08955
PPH_61	1	0	1418.34208	469.47761	834.08185	431.19403
PPH_61	1	1	1706.44281	529.92537	1059.72718	517.83582
PPH_61	2	0	1484.82686	584.32836	443.23190	523.88060
PPH_61	2	1	1307.53410	513.80597	42.30850	400.97015
PPH_61	3	0	1202.77020	511.79104	1158.44701	515.82090
PPH_61	3	1	1460.65058	384.85075	1394.16579	400.97015
PPH_61	4	0	866.31689	298.20896	332.42392	235.74627
PPH_61	4	1	1047.63903	326.41791	501.65792	280.07463
PPH_61	5	0	1805.16264	620.59701	1730.61910	679.02985
PPH_61	5	1	1593.62015	594.40299	1519.07660	636.71642
