Camera Details

Generated: Monday 06 November 2023 13:28:09

OpCode	TapeReader	Depth	Comment									Camera	Index	Descriptor	Image rows	Image columns	Focal length (mm)	x pixel size (mm)	y pixel size (mm)	X mm	Y mm	Z mm	Omega (degrees)	Phi (degrees)	Kappa (degrees)
DR_R1_20	BH		Reef									Left	0		0	0	0.00000	0.000000	0.000000	0.000	0.000	0.000	0.000	0.000	0.000
DR_R1_20	BH		Reef									Right	0		0	0	0.00000	0.000000	0.000000	0.000	0.000	0.000	0.000	0.000	0.000
DR_R2_20	BH		Sand									Left	0		0	0	0.00000	0.000000	0.000000	0.000	0.000	0.000	0.000	0.000	0.000
DR_R2_20	BH		Sand									Right	0		0	0	0.00000	0.000000	0.000000	0.000	0.000	0.000	0.000	0.000	0.000
DR_R3_20	BH		Reef									Left	0		0	0	0.00000	0.000000	0.000000	0.000	0.000	0.000	0.000	0.000	0.000
DR_R3_20	BH		Reef									Right	0		0	0	0.00000	0.000000	0.000000	0.000	0.000	0.000	0.000	0.000	0.000
DR_R4_20	BH		Reef									Left	0		0	0	0.00000	0.000000	0.000000	0.000	0.000	0.000	0.000	0.000	0.000
DR_R4_20	BH		Reef									Right	0		0	0	0.00000	0.000000	0.000000	0.000	0.000	0.000	0.000	0.000	0.000
DR_R5_20	BH		Seagrass									Left	0		0	0	0.00000	0.000000	0.000000	0.000	0.000	0.000	0.000	0.000	0.000
DR_R5_20	BH		Seagrass									Right	0		0	0	0.00000	0.000000	0.000000	0.000	0.000	0.000	0.000	0.000	0.000
DR_R6_20	BH		Seagrass									Left	0		0	0	0.00000	0.000000	0.000000	0.000	0.000	0.000	0.000	0.000	0.000
DR_R6_20	BH		Seagrass									Right	0		0	0	0.00000	0.000000	0.000000	0.000	0.000	0.000	0.000	0.000	0.000
DR_S1_20	BH		Facing up									Left	0		0	0	0.00000	0.000000	0.000000	0.000	0.000	0.000	0.000	0.000	0.000
DR_S1_20	BH		Facing up									Right	0		0	0	0.00000	0.000000	0.000000	0.000	0.000	0.000	0.000	0.000	0.000
DR_S2_20	BH		Facing up									Left	0		0	0	0.00000	0.000000	0.000000	0.000	0.000	0.000	0.000	0.000	0.000
DR_S2_20	BH		Facing up									Right	0		0	0	0.00000	0.000000	0.000000	0.000	0.000	0.000	0.000	0.000	0.000
DR_S3_20	BH		Facing up									Left	0		0	0	0.00000	0.000000	0.000000	0.000	0.000	0.000	0.000	0.000	0.000
DR_S3_20	BH		Facing up									Right	0		0	0	0.00000	0.000000	0.000000	0.000	0.000	0.000	0.000	0.000	0.000
DR_S4_20	BH		Seagrass									Left	0		0	0	0.00000	0.000000	0.000000	0.000	0.000	0.000	0.000	0.000	0.000
DR_S4_20	BH		Seagrass									Right	0		0	0	0.00000	0.000000	0.000000	0.000	0.000	0.000	0.000	0.000	0.000
DR_S5_20	BH		Seagrass									Left	0		0	0	0.00000	0.000000	0.000000	0.000	0.000	0.000	0.000	0.000	0.000
DR_S5_20	BH		Seagrass									Right	0		0	0	0.00000	0.000000	0.000000	0.000	0.000	0.000	0.000	0.000	0.000
DR_S6_20	BH		Sand									Left	0		0	0	0.00000	0.000000	0.000000	0.000	0.000	0.000	0.000	0.000	0.000
DR_S6_20	BH		Sand									Right	0		0	0	0.00000	0.000000	0.000000	0.000	0.000	0.000	0.000	0.000	0.000
NN_R1_20	BH	25	Reef									Left	0		0	0	0.00000	0.000000	0.000000	0.000	0.000	0.000	0.000	0.000	0.000
NN_R1_20	BH	25	Reef									Right	0		0	0	0.00000	0.000000	0.000000	0.000	0.000	0.000	0.000	0.000	0.000
NN_R2_20	BH	20	Reef									Left	0		0	0	0.00000	0.000000	0.000000	0.000	0.000	0.000	0.000	0.000	0.000
NN_R2_20	BH	20	Reef									Right	0		0	0	0.00000	0.000000	0.000000	0.000	0.000	0.000	0.000	0.000	0.000
NN_R2_20_May	BH		Reef									Left	0		0	0	0.00000	0.000000	0.000000	0.000	0.000	0.000	0.000	0.000	0.000
NN_R2_20_May	BH		Reef									Right	0		0	0	0.00000	0.000000	0.000000	0.000	0.000	0.000	0.000	0.000	0.000
NN_R3_20	BH	27	Reef									Left	0		0	0	0.00000	0.000000	0.000000	0.000	0.000	0.000	0.000	0.000	0.000
NN_R3_20	BH	27	Reef									Right	0		0	0	0.00000	0.000000	0.000000	0.000	0.000	0.000	0.000	0.000	0.000
NN_R3_20_May	BH		Reef									Left	0		0	0	0.00000	0.000000	0.000000	0.000	0.000	0.000	0.000	0.000	0.000
NN_R3_20_May	BH		Reef									Right	0		0	0	0.00000	0.000000	0.000000	0.000	0.000	0.000	0.000	0.000	0.000
NN_R4_20_May	BH		Reef									Left	0		0	0	0.00000	0.000000	0.000000	0.000	0.000	0.000	0.000	0.000	0.000
NN_R4_20_May	BH		Reef									Right	0		0	0	0.00000	0.000000	0.000000	0.000	0.000	0.000	0.000	0.000	0.000
NN_R5_20	BH	12	Reef									Left	0		0	0	0.00000	0.000000	0.000000	0.000	0.000	0.000	0.000	0.000	0.000
NN_R5_20	BH	12	Reef									Right	0		0	0	0.00000	0.000000	0.000000	0.000	0.000	0.000	0.000	0.000	0.000
NN_R5_May	BH											Left	0		0	0	0.00000	0.000000	0.000000	0.000	0.000	0.000	0.000	0.000	0.000
NN_R5_May	BH											Right	0		0	0	0.00000	0.000000	0.000000	0.000	0.000	0.000	0.000	0.000	0.000
NN_R6_20	BH	17	Reef									Left	0		0	0	0.00000	0.000000	0.000000	0.000	0.000	0.000	0.000	0.000	0.000
NN_R6_20	BH	17	Reef									Right	0		0	0	0.00000	0.000000	0.000000	0.000	0.000	0.000	0.000	0.000	0.000
NN_R6_20_May	BH		Reef									Left	0		0	0	0.00000	0.000000	0.000000	0.000	0.000	0.000	0.000	0.000	0.000
NN_R6_20_May	BH		Reef									Right	0		0	0	0.00000	0.000000	0.000000	0.000	0.000	0.000	0.000	0.000	0.000
NN_S1_20	BH	32	Reef									Left	0		0	0	0.00000	0.000000	0.000000	0.000	0.000	0.000	0.000	0.000	0.000
NN_S1_20	BH	32	Reef									Right	0		0	0	0.00000	0.000000	0.000000	0.000	0.000	0.000	0.000	0.000	0.000
NN_S2_20	BH	32	Reef									Left	0		0	0	0.00000	0.000000	0.000000	0.000	0.000	0.000	0.000	0.000	0.000
NN_S2_20	BH	32	Reef									Right	0		0	0	0.00000	0.000000	0.000000	0.000	0.000	0.000	0.000	0.000	0.000
NN_S3_20	BH	27	Seagrass									Left	0		0	0	0.00000	0.000000	0.000000	0.000	0.000	0.000	0.000	0.000	0.000
NN_S3_20	BH	27	Seagrass									Right	0		0	0	0.00000	0.000000	0.000000	0.000	0.000	0.000	0.000	0.000	0.000
NN_S4_20	BH	10.5	Seagrass									Left	0		0	0	0.00000	0.000000	0.000000	0.000	0.000	0.000	0.000	0.000	0.000
NN_S4_20	BH	10.5	Seagrass									Right	0		0	0	0.00000	0.000000	0.000000	0.000	0.000	0.000	0.000	0.000	0.000
NN_S5_20	BH	12	Reef									Left	0		0	0	0.00000	0.000000	0.000000	0.000	0.000	0.000	0.000	0.000	0.000
NN_S5_20	BH	12	Reef									Right	0		0	0	0.00000	0.000000	0.000000	0.000	0.000	0.000	0.000	0.000	0.000
NN_S6_20	BH	25	Reef									Left	0		0	0	0.00000	0.000000	0.000000	0.000	0.000	0.000	0.000	0.000	0.000
NN_S6_20	BH	25	Reef									Right	0		0	0	0.00000	0.000000	0.000000	0.000	0.000	0.000	0.000	0.000	0.000
SN_R10_20	BH		Reef									Left	0		0	0	0.00000	0.000000	0.000000	0.000	0.000	0.000	0.000	0.000	0.000
SN_R10_20	BH		Reef									Right	0		0	0	0.00000	0.000000	0.000000	0.000	0.000	0.000	0.000	0.000	0.000
SN_R11_20	BH		Reef									Left	0		0	0	0.00000	0.000000	0.000000	0.000	0.000	0.000	0.000	0.000	0.000
SN_R11_20	BH		Reef									Right	0		0	0	0.00000	0.000000	0.000000	0.000	0.000	0.000	0.000	0.000	0.000
SN_R12_20	BH		Sand									Left	0		0	0	0.00000	0.000000	0.000000	0.000	0.000	0.000	0.000	0.000	0.000
SN_R12_20	BH		Sand									Right	0		0	0	0.00000	0.000000	0.000000	0.000	0.000	0.000	0.000	0.000	0.000
SN_R13_20	BH		Reef									Left	0		0	0	0.00000	0.000000	0.000000	0.000	0.000	0.000	0.000	0.000	0.000
SN_R13_20	BH		Reef									Right	0		0	0	0.00000	0.000000	0.000000	0.000	0.000	0.000	0.000	0.000	0.000
SN_R14_20	BH		Reef									Left	0		0	0	0.00000	0.000000	0.000000	0.000	0.000	0.000	0.000	0.000	0.000
SN_R14_20	BH		Reef									Right	0		0	0	0.00000	0.000000	0.000000	0.000	0.000	0.000	0.000	0.000	0.000
SN_R15_20	BH		Seagrass									Left	0		0	0	0.00000	0.000000	0.000000	0.000	0.000	0.000	0.000	0.000	0.000
SN_R15_20	BH		Seagrass									Right	0		0	0	0.00000	0.000000	0.000000	0.000	0.000	0.000	0.000	0.000	0.000
SN_R1_20	BH		Seagrass									Left	0		0	0	0.00000	0.000000	0.000000	0.000	0.000	0.000	0.000	0.000	0.000
SN_R1_20	BH		Seagrass									Right	0		0	0	0.00000	0.000000	0.000000	0.000	0.000	0.000	0.000	0.000	0.000
SN_R2_20	BH		Seagrass									Left	0		0	0	0.00000	0.000000	0.000000	0.000	0.000	0.000	0.000	0.000	0.000
SN_R2_20	BH		Seagrass									Right	0		0	0	0.00000	0.000000	0.000000	0.000	0.000	0.000	0.000	0.000	0.000
SN_R3_20	BH		Reef									Left	0		0	0	0.00000	0.000000	0.000000	0.000	0.000	0.000	0.000	0.000	0.000
SN_R3_20	BH		Reef									Right	0		0	0	0.00000	0.000000	0.000000	0.000	0.000	0.000	0.000	0.000	0.000
SN_R4_20	BH		Reef									Left	0		0	0	0.00000	0.000000	0.000000	0.000	0.000	0.000	0.000	0.000	0.000
SN_R4_20	BH		Reef									Right	0		0	0	0.00000	0.000000	0.000000	0.000	0.000	0.000	0.000	0.000	0.000
SN_R5_20	BH		Reef									Left	0		0	0	0.00000	0.000000	0.000000	0.000	0.000	0.000	0.000	0.000	0.000
SN_R5_20	BH		Reef									Right	0		0	0	0.00000	0.000000	0.000000	0.000	0.000	0.000	0.000	0.000	0.000
SN_R6_20	BH		Reef									Left	0		0	0	0.00000	0.000000	0.000000	0.000	0.000	0.000	0.000	0.000	0.000
SN_R6_20	BH		Reef									Right	0		0	0	0.00000	0.000000	0.000000	0.000	0.000	0.000	0.000	0.000	0.000
SN_R7_20	BH		Reef									Left	0		0	0	0.00000	0.000000	0.000000	0.000	0.000	0.000	0.000	0.000	0.000
SN_R7_20	BH		Reef									Right	0		0	0	0.00000	0.000000	0.000000	0.000	0.000	0.000	0.000	0.000	0.000
SN_R8_20	BH		Reef- Facing down									Left	0		0	0	0.00000	0.000000	0.000000	0.000	0.000	0.000	0.000	0.000	0.000
SN_R8_20	BH		Reef- Facing down									Right	0		0	0	0.00000	0.000000	0.000000	0.000	0.000	0.000	0.000	0.000	0.000
SN_R9_20	BH		Sand									Left	0		0	0	0.00000	0.000000	0.000000	0.000	0.000	0.000	0.000	0.000	0.000
SN_R9_20	BH		Sand									Right	0		0	0	0.00000	0.000000	0.000000	0.000	0.000	0.000	0.000	0.000	0.000
