OpCode	ImagePtPair	Index	Lx	Ly	Rx	Ry
DR_Butlers_01	0	0	622.35572	737.81343	40.79748	729.04478
DR_Butlers_01	0	1	1106.33263	882.87313	570.16369	883.45149
DR_Butlers_01	1	0	1337.68206	641.02239	1330.74816	655.26119
DR_Butlers_01	1	1	1785.51941	693.39552	1831.85729	725.13433
DR_Butlers_01	2	0	957.11962	875.11194	626.27807	869.00373
DR_Butlers_01	2	1	338.02833	539.66791	152.10913	545.13433
DR_Butlers_01	3	0	406.15740	900.65299	473.78594	880.07463
DR_Butlers_01	3	1	713.39769	940.95149	751.30955	934.47761
DR_Butlers_02	0	0	964.14166	396.27239	1361.50262	388.17910
DR_Butlers_02	0	1	1456.50157	360.42910	1855.52991	360.69403
DR_Butlers_02	1	0	577.13116	418.49627	986.98741	405.60075
DR_Butlers_02	1	1	1194.39874	401.63433	1598.68520	394.28731
DR_Butlers_02	2	0	1050.63169	238.17537	896.90346	229.61194
DR_Butlers_02	2	1	1337.72508	332.87687	1153.77650	332.87687
DR_Butlers_02	3	0	445.22665	432.52612	1153.14166	419.17164
DR_Butlers_02	3	1	1408.22246	410.02239	1877.18783	403.30970
DR_Butlers_03	0	0	505.56243	776.05224	284.07135	810.12687
DR_Butlers_03	0	1	1066.42288	697.01493	781.05456	744.58209
DR_Butlers_03	1	0	1549.29696	732.38060	936.63589	777.34328
DR_Butlers_03	1	1	1039.41448	478.12687	448.26863	519.90299
DR_Butlers_03	2	0	655.14166	832.69030	51.87828	864.78358
DR_Butlers_03	2	1	982.76285	781.49254	566.45016	826.39925
DR_Butlers_03	3	0	1412.99475	395.75000	1502.06821	423.70522
DR_Butlers_03	3	1	1629.07030	311.62687	1808.68835	327.89925
DR_Butlers_03	4	0	750.51417	479.08955	734.05037	530.70522
DR_Butlers_03	4	1	1049.69570	479.08955	1024.16579	523.14925
DR_Butlers_03	5	0	456.70829	639.27612	100.73452	679.99254
DR_Butlers_03	5	1	780.39140	454.92537	486.55299	501.76866
DR_Butlers_03	6	0	609.72298	515.59701	507.81112	567.41791
DR_Butlers_03	6	1	762.33578	691.39925	633.22560	736.16791
DR_Butlers_04	0	0	1371.92760	155.67910	1274.85414	183.75373
DR_Butlers_04	0	1	1126.13536	270.52985	1047.19412	292.55970
DR_Butlers_04	1	0	167.72298	525.92164	296.40399	568.19030
DR_Butlers_04	1	1	436.18048	377.82463	648.97482	401.95896
DR_Butlers_04	2	0	528.31899	438.01866	779.59496	457.68284
DR_Butlers_04	2	1	801.81322	386.63806	1146.26863	404.28731
DR_Butlers_04	3	0	651.83631	427.41045	941.77754	445.48507
DR_Butlers_04	3	1	1255.23610	360.91791	1544.16999	374.96269
DR_Butlers_05	0	0	1224.56348	978.24627	979.82162	973.20896
DR_Butlers_05	0	1	1572.09759	916.79104	1421.03882	942.98507
DR_Butlers_05	1	0	1067.54669	843.86567	456.32739	826.10448
DR_Butlers_05	1	1	612.22665	561.77612	192.40294	522.85821
DR_Butlers_06	0	0	832.62854	259.92537	895.70199	276.04478
DR_Butlers_06	0	1	511.28541	120.89552	541.11647	163.20896
DR_Butlers_06	1	0	389.24029	613.59701	767.78489	626.72761
DR_Butlers_06	1	1	204.89612	588.41045	613.15740	601.54104
DR_Butlers_06	2	0	542.51102	1073.95522	204.49108	1061.86567
DR_Butlers_06	2	1	931.34627	825.11194	606.42183	837.20149
DR_Butlers_07	0	0	469.75551	602.07463	563.29276	584.05970
DR_Butlers_07	0	1	40.79748	632.62687	174.27072	615.94030
DR_Butlers_07	1	0	305.06925	579.88060	246.79328	565.39179
DR_Butlers_07	1	1	579.57083	409.11567	524.31689	407.22015
DR_Butlers_08	0	0	1096.40399	660.45896	792.80693	676.98507
DR_Butlers_08	0	1	1665.64533	647.35075	1443.36621	670.39179
DR_Butlers_08	1	0	557.26023	340.79851	361.12382	365.57463
DR_Butlers_08	1	1	866.71144	49.36567	671.69990	72.53731
DR_Butlers_08	2	0	1111.09759	480.75000	821.49738	497.73881
DR_Butlers_08	2	1	606.68206	582.20522	409.20881	597.66045
DR_Butlers_08	3	0	914.18993	570.29478	797.45855	585.55597
DR_Butlers_08	3	1	1160.48583	577.34701	997.93179	593.00746
DR_Butlers_08	4	0	1352.49633	177.04478	1653.78594	164.00746
DR_Butlers_08	4	1	1126.80797	271.82090	1427.14795	281.32836
DR_Butlers_08	5	0	1512.11228	227.42910	1835.88667	211.25373
DR_Butlers_08	5	1	1187.71459	303.99627	1462.54669	310.91418
DR_Butlers_09	0	0	1587.21091	786.07463	1503.07660	726.00746
DR_Butlers_09	0	1	1325.30115	792.79104	1287.16894	739.10448
DR_Butlers_09	1	0	1321.10913	964.60448	1699.62644	903.30597
DR_Butlers_09	1	1	854.50367	975.10448	1216.52361	928.29104
DR_Butlers_09	2	0	1063.16789	729.61194	1287.92760	678.79104
DR_Butlers_09	2	1	1352.35152	805.17910	1600.29486	750.58209
DR_Butlers_09	3	0	993.60651	766.10448	1083.30220	713.58955
DR_Butlers_09	3	1	660.11438	656.33582	721.65058	607.03731
DR_Butlers_09	4	0	501.53305	1013.41791	1045.56558	968.17164
DR_Butlers_09	4	1	559.91605	498.82836	1137.42183	450.74627
DR_Butlers_09	5	0	807.40294	822.64925	1263.69255	780.95522
DR_Butlers_09	5	1	79.91605	315.55970	763.24134	264.41791
DR_Butlers_10	0	0	745.48688	233.12313	492.35047	206.52985
DR_Butlers_10	0	1	545.52886	82.50746	285.84470	41.80970
DR_Butlers_10	1	0	1043.75236	311.54104	1197.34418	309.55597
DR_Butlers_10	1	1	1584.55614	285.51119	1666.17838	295.34328
DR_Butlers_10	2	0	929.12277	729.14925	1139.71878	718.49627
DR_Butlers_10	2	1	543.00944	559.01866	785.50262	556.08955
DR_Butlers_10	3	0	1277.74502	594.54851	1393.17104	582.17910
DR_Butlers_10	3	1	1605.70829	558.13433	1743.71459	543.95522
DR_Butlers_10	4	0	958.12697	796.16045	1289.13431	785.04478
DR_Butlers_10	4	1	1329.56453	678.37313	1684.45750	659.54104
DR_Butlers_11	0	0	260.98006	526.57090	440.32214	531.72761
DR_Butlers_11	0	1	7.05142	374.63806	100.73452	366.99254
DR_Butlers_11	1	0	692.70409	622.38433	966.47219	614.73881
DR_Butlers_11	1	1	248.31060	240.43657	493.85834	223.87687
DR_Butlers_11	2	0	201.16159	100.64179	719.97692	61.75000
DR_Butlers_11	2	1	591.12697	454.39179	1015.56453	445.23881
DR_Butlers_11	3	0	438.05352	563.98134	652.91710	557.75746
DR_Butlers_11	3	1	213.40294	279.69776	480.86569	263.17910
DR_Butlers_11	4	0	1330.65687	469.30970	1554.52781	470.75000
DR_Butlers_11	4	1	1730.61910	738.99627	1869.63274	717.68284
DR_Butlers_12	0	0	1202.72508	295.18657	1499.93704	313.32090
DR_Butlers_12	0	1	1366.92235	17.12687	1550.30430	54.40299
DR_Butlers_13	0	0	300.69255	374.35821	430.98741	378.16418
DR_Butlers_13	0	1	82.60231	338.59328	157.14586	350.50373
DR_Butlers_13	1	0	469.29696	39.29104	288.89192	70.01866
DR_Butlers_13	1	1	1026.89507	2.01493	816.22665	4.02985
DR_Butlers_13	2	0	524.86674	68.00373	684.45540	80.09328
DR_Butlers_13	2	1	745.47534	101.75373	930.24764	106.28731
DR_Butlers_13	3	0	1151.82162	592.19403	949.07870	594.13060
DR_Butlers_13	3	1	983.43547	356.93657	746.37671	357.67164
DR_Butlers_13	4	0	1027.45750	546.72015	877.81112	546.23134
DR_Butlers_13	4	1	894.48793	474.18284	749.87828	476.71642
DR_Butlers_14	0	0	999.76810	527.10448	332.42392	538.30597
DR_Butlers_14	0	1	879.89402	490.83582	217.58657	499.01493
DR_Butlers_15	0	0	293.91396	525.80224	229.17104	531.17910
DR_Butlers_15	0	1	642.68206	292.48881	552.75551	309.02239
DR_Butlers_15	1	0	1856.69885	671.05224	1722.75131	694.00746
DR_Butlers_15	1	1	1441.67261	673.57090	1359.91396	692.68284
DR_Butlers_15	2	0	1681.25918	749.71269	1535.98006	775.51866
DR_Butlers_15	2	1	1129.40609	701.08955	996.49423	712.56716
DR_Butlers_15	3	0	385.00315	523.96642	342.93284	529.99254
DR_Butlers_15	3	1	887.77859	527.15299	858.41343	535.42164
DR_Butlers_15	4	0	1036.37775	715.39552	846.03568	723.47388
DR_Butlers_15	4	1	1701.95383	658.28358	1449.66002	677.47015
DR_Butlers_15	5	0	1768.89822	723.22015	1340.63064	746.39179
DR_Butlers_15	5	1	1113.27807	799.28358	848.19727	799.35821
DR_Butlers_16	0	0	997.78489	642.61194	858.31060	618.68284
DR_Butlers_16	0	1	703.81847	1019.26493	556.00210	980.26119
DR_Butlers_16	1	0	1527.26653	309.30224	1323.69675	302.14925
DR_Butlers_16	1	1	1354.50892	564.01493	1143.02413	567.55597
DR_Butlers_16	2	0	1455.93914	614.97761	1144.52046	636.32463
DR_Butlers_16	2	1	1199.50892	1015.01866	832.74082	1020.55970
DR_Butlers_16	3	0	439.84365	394.55224	323.37671	362.87687
DR_Butlers_16	3	1	383.76285	39.29104	306.32529	30.72761
DR_Butlers_16	4	0	678.51626	236.17164	749.74082	219.10821
DR_Butlers_16	4	1	560.36201	547.43284	644.19307	519.74627
DR_Butlers_17	0	0	1750.43022	233.98507	1567.35467	224.85075
DR_Butlers_17	0	1	1433.78804	112.04478	1281.92550	107.83582
DR_Butlers_17	1	0	765.60860	96.21269	452.24974	119.38433
DR_Butlers_17	1	1	1172.77020	1.51119	836.10493	6.54851
DR_Butlers_17	2	0	1437.73452	149.60821	702.27387	160.14179
DR_Butlers_17	2	1	610.81427	7.55597	77.56558	41.80970
DR_Butlers_17	3	0	821.28122	26.19403	528.10913	51.88433
DR_Butlers_17	3	1	1554.58657	87.64925	1236.15635	81.10075
DR_Butlers_18	0	0	649.61595	1058.84328	655.14795	1020.22388
DR_Butlers_18	0	1	336.76390	969.85821	333.11647	897.42537
DR_Butlers_18	1	0	398.57712	591.06716	15.78174	546.06716
DR_Butlers_18	1	1	833.96013	674.63433	308.66317	639.60448
DR_Butlers_18	2	0	494.29276	813.75373	336.00630	760.12687
DR_Butlers_18	2	1	347.04302	584.01493	154.08709	540.18657
DR_Butlers_18	3	0	943.04827	980.59701	829.97692	955.65672
DR_Butlers_18	3	1	1284.30535	1026.60448	1243.07975	1035.67164
DR_Butlers_19	0	0	1046.07765	472.73881	1373.84260	479.77612
DR_Butlers_19	0	1	1166.28751	487.85075	1503.79014	496.90299
DR_Butlers_19	1	0	695.33893	459.92537	965.82476	475.82836
DR_Butlers_19	1	1	525.43337	469.66418	809.87093	486.02239
DR_Butlers_19	2	0	1508.91710	205.07463	1666.74607	190.93284
DR_Butlers_19	2	1	1405.49633	118.43284	1520.34523	102.94776
DR_Butlers_19	3	0	478.29276	472.94776	492.31899	484.53731
DR_Butlers_19	3	1	27.19832	365.98507	116.85205	406.16418
DR_Butlers_19	4	0	1646.67786	473.05224	1439.51102	480.32836
DR_Butlers_19	4	1	1174.49108	422.64179	862.89822	431.55224
DR_Butlers_19	5	0	93.01154	401.12687	161.21301	430.84328
DR_Butlers_19	5	1	421.82162	426.94030	504.21721	450.97761
DR_Butlers_20	0	0	1097.74082	307.72388	1110.61385	305.21642
DR_Butlers_20	0	1	1422.09444	192.81343	1355.94229	173.09701
DR_Butlers_20	1	0	378.41868	740.85821	296.68835	711.79104
DR_Butlers_20	1	1	549.66737	693.17164	529.38510	680.55970
DR_Butlers_20	2	0	763.77859	482.52239	721.50157	480.72388
DR_Butlers_20	2	1	974.71459	438.09701	970.56978	432.91045
DR_Butlers_21	0	0	503.70934	938.76119	748.07030	900.07463
DR_Butlers_21	0	1	891.61175	875.61940	1085.12382	821.92537
DR_Butlers_21	1	0	879.05561	558.15672	1177.71668	521.80597
DR_Butlers_21	1	1	706.73872	744.34328	909.52571	709.62687
DR_Butlers_21	2	0	1247.23924	246.82836	1887.76495	232.41045
DR_Butlers_21	2	1	1090.25289	647.32090	1428.44491	603.05224
DR_Butlers_21	3	0	670.44491	335.97015	1549.29696	310.90299
DR_Butlers_21	3	1	33.24239	193.43284	976.40818	157.16418
DR_Butlers_21	4	0	141.02833	117.87313	970.32004	56.41791
DR_Butlers_21	4	1	619.51731	97.72388	1510.01049	81.60448
DR_Butlers_22	0	0	452.68940	762.02239	489.91710	737.33955
DR_Butlers_22	0	1	9.06611	666.66791	92.17209	638.96269
DR_Butlers_22	1	0	416.11228	163.96269	689.36306	169.05970
DR_Butlers_22	1	1	551.09654	216.85448	826.86569	214.39552
DR_Butlers_22	2	0	855.42497	377.08209	819.15635	372.96269
DR_Butlers_22	2	1	1103.08290	487.41418	1080.93914	486.94030
DR_Butlers_22	3	0	748.76390	602.27985	414.98741	598.59328
DR_Butlers_22	3	1	1200.59391	766.63060	823.17419	766.49627
DR_Butlers_22	4	0	488.74397	640.78731	539.54565	623.86940
DR_Butlers_22	4	1	317.49528	537.01866	422.18993	524.63433
DR_Butlers_22	5	0	1029.69465	755.05970	531.87828	759.50746
DR_Butlers_22	5	1	445.03358	764.14179	96.70514	738.35075
DR_Butlers_22	6	0	697.74502	520.79851	1078.84785	506.86567
DR_Butlers_22	6	1	816.10808	583.76493	1195.19622	571.34328
DR_Butlers_23	0	0	854.12277	208.80970	605.71878	216.35075
DR_Butlers_23	0	1	423.28122	267.34701	283.55719	282.11194
DR_Butlers_23	1	0	1097.38510	484.79478	364.25184	499.71269
DR_Butlers_23	1	1	1551.26653	177.26866	814.34732	188.58582
DR_Butlers_23	2	0	1229.76180	190.53731	563.05666	198.97015
DR_Butlers_23	2	1	687.42078	418.19776	55.90766	433.45896
DR_Butlers_23	3	0	656.36621	1.51119	284.37671	28.20896
DR_Butlers_23	3	1	1112.37671	432.14179	540.88143	445.42537
DR_Butlers_24	0	0	879.06821	125.93284	656.44281	113.84328
DR_Butlers_24	0	1	1221.77440	203.69776	895.22980	183.28358
DR_Butlers_24	1	0	1917.98531	174.75000	1469.81847	154.64552
DR_Butlers_24	1	1	1496.41133	190.36567	1087.23295	171.26866
DR_Butlers_24	2	0	423.06086	14.10448	308.31165	13.60075
DR_Butlers_24	2	1	722.88038	78.07836	565.68835	63.97388
DR_Butlers_24	3	0	1863.08499	530.67537	1431.06821	536.08209
DR_Butlers_24	3	1	1395.83631	487.42910	1028.04932	477.56343
DR_Butlers_24	4	0	1175.39559	297.46642	763.26758	281.23881
DR_Butlers_24	4	1	1743.21091	357.11194	1286.12277	346.57836
DR_Butlers_24	5	0	302.90661	56.92164	190.38825	48.86194
DR_Butlers_24	5	1	638.68206	234.80970	430.13641	213.07836
DR_Butlers_24	6	0	521.32529	341.03731	223.12697	317.86567
DR_Butlers_24	6	1	1255.06086	344.01493	879.68940	327.60075
DR_Butlers_25	0	0	1324.39244	405.73507	1555.84470	390.37313
DR_Butlers_25	0	1	1588.82057	305.99627	1857.54460	277.03358
DR_Butlers_25	1	0	829.05456	497.58209	529.62120	503.61194
DR_Butlers_25	1	1	668.88667	116.76119	404.71039	139.91791
DR_Butlers_25	2	0	1206.23295	477.59328	974.13012	479.64925
DR_Butlers_25	2	1	1000.86988	61.45522	686.69360	68.50746
DR_Butlers_25	3	0	1005.82896	551.14925	858.57922	552.04478
DR_Butlers_25	3	1	753.54669	445.02612	584.54984	447.36940
DR_Butlers_25	4	0	959.43022	536.38060	589.29066	541.10448
DR_Butlers_25	4	1	1236.44281	345.30597	982.30325	342.66791
DR_Butlers_26	0	0	411.20776	878.10448	750.39664	826.39552
DR_Butlers_26	0	1	538.46905	834.78358	870.94229	791.80597
DR_Butlers_26	1	0	1780.98636	32.23881	887.35152	29.72015
DR_Butlers_26	1	1	869.98741	36.26866	132.42602	30.72761
DR_Butlers_26	2	0	800.21196	899.89925	855.79328	867.15672
DR_Butlers_26	2	1	1005.20672	847.00746	1049.20357	831.89552
DR_Butlers_26	3	0	1431.73452	684.06716	1438.47324	687.59328
DR_Butlers_26	3	1	1658.89087	681.54851	1687.28751	696.66045
DR_Butlers_26	4	0	50.36726	730.17164	300.80797	669.24627
DR_Butlers_26	4	1	199.45435	683.49254	395.16264	629.28358
DR_Butlers_27	0	0	1408.26863	429.17910	498.61490	442.00746
DR_Butlers_27	0	1	826.68311	405.23507	155.63484	417.45896
DR_Butlers_29	0	0	735.75866	671.00746	703.89087	716.48134
DR_Butlers_29	0	1	477.87828	693.17164	419.31584	733.60821
DR_Butlers_29	1	0	792.53935	533.62687	151.03568	577.46269
DR_Butlers_29	1	1	1179.42078	283.28731	502.80378	321.34701
DR_Butlers_29	2	0	1355.60231	658.24254	1311.30850	716.52239
DR_Butlers_29	2	1	1603.40923	494.02612	1563.64848	537.69776
DR_Butlers_29	3	0	1346.64533	713.04478	1187.73347	762.92537
DR_Butlers_29	3	1	1072.17104	890.57836	943.93599	949.02985
DR_Butlers_29	4	0	308.78594	412.54104	424.42602	471.13433
DR_Butlers_29	4	1	765.98006	338.23881	808.72823	394.56716
DR_Butlers_29	5	0	424.97692	762.79478	571.71983	804.57090
DR_Butlers_29	5	1	729.19517	742.64552	861.33158	792.98507
DR_Butlers_30 	0	0	1596.02308	141.99254	1694.90556	119.88806
DR_Butlers_30 	0	1	1333.10598	163.14925	1446.09129	156.66045
DR_Butlers_30 	1	0	1287.41658	128.45149	1456.29171	118.88060
DR_Butlers_30 	1	1	1131.78174	94.19776	1319.79643	93.69403
DR_Butlers_30 	2	0	861.50997	531.37313	840.98111	548.51493
DR_Butlers_30 	2	1	532.10808	439.69403	552.88038	462.88060
DR_Butlers_30 	3	0	1725.58237	499.35448	1727.09339	504.98507
DR_Butlers_30 	3	1	1270.15635	490.43657	1277.74082	501.07463
DR_Butlers_30 	4	0	977.95383	733.35448	554.56453	746.86567
DR_Butlers_30 	4	1	552.69675	897.04104	54.90031	899.06716
DR_Butlers_30 	5	0	753.56453	781.68284	575.82162	789.99254
DR_Butlers_30 	5	1	256.36936	662.80597	98.71983	668.07463
DR_Butlers_30 	6	0	440.66527	737.87687	284.11962	733.01493
DR_Butlers_30 	6	1	1038.34837	613.95896	916.61910	624.82836
DR_Butlers_30 	7	0	1316.28856	337.60075	1261.61175	346.45896
DR_Butlers_30 	7	1	737.89192	471.13433	652.57608	507.68657
DR_Butlers_31 	0	0	1175.61595	839.34328	702.43757	849.46269
DR_Butlers_31 	0	1	669.78804	828.82836	225.09969	819.08955
DR_Butlers_31 	1	0	568.60441	892.10448	661.67051	886.31343
DR_Butlers_31 	1	1	913.11857	919.62687	999.36831	925.97015
DR_Butlers_31 	2	0	1107.79643	538.32090	1416.28541	546.51866
DR_Butlers_31 	2	1	1256.01049	515.27612	1575.74816	524.31343
DR_Butlers_31 	3	0	1237.09444	512.94403	1349.66842	520.70522
DR_Butlers_31 	3	1	1483.39035	459.54851	1587.40189	464.79104
DR_Butlers_31 	4	0	932.98741	971.68657	541.56768	972.20149
DR_Butlers_31 	4	1	1316.96432	962.73881	1100.03043	983.61940
DR_Butlers_31 	5	0	1842.43442	747.92537	1038.13116	760.28358
DR_Butlers_31 	5	1	899.42078	178.65672	47.00944	205.77612
DR_Butlers_32	0	0	639.26338	802.67164	593.07240	796.98507
DR_Butlers_32	0	1	1033.00630	609.67910	1003.79538	618.96269
DR_Butlers_32	1	0	575.63903	458.32836	722.48269	467.30597
DR_Butlers_32	1	1	732.44911	474.78358	896.08185	481.74627
DR_Butlers_32	2	0	840.03673	377.73881	785.12907	387.67164
DR_Butlers_32	2	1	1231.33893	310.04478	1139.77125	315.16418
DR_Butlers_32	3	0	1054.60231	706.98507	292.13851	706.00746
DR_Butlers_32	3	1	1585.32949	457.23881	891.87408	468.66418
DR_Butlers_32	4	0	1386.53410	357.47761	983.68730	365.16418
DR_Butlers_32	4	1	1675.97692	218.83582	1319.89612	214.73134
DR_Butlers_32	5	0	706.08709	743.35075	831.04092	743.01493
DR_Butlers_32	5	1	882.67471	749.77612	1016.05666	754.76866
DR_Butlers_33	0	0	670.11438	871.58582	582.59601	826.95896
DR_Butlers_33	0	1	280.27177	784.44030	177.13956	724.70149
DR_Butlers_33	1	0	792.50052	658.88060	835.14271	630.16418
DR_Butlers_33	1	1	592.03882	665.93284	648.78384	627.14179
DR_Butlers_33	2	0	757.07765	569.79851	335.34732	537.91045
DR_Butlers_33	2	1	962.24029	479.46269	652.52046	463.59701
DR_Butlers_34	0	0	587.12697	366.48881	522.76285	343.11194
DR_Butlers_34	0	1	996.66317	198.17164	926.48793	180.34701
DR_Butlers_34	1	0	1369.20462	818.25000	1326.05352	822.36567
DR_Butlers_34	1	1	1653.27597	665.11567	1603.79958	669.81343
DR_Butlers_34	2	0	376.65268	582.69776	375.89192	540.60075
DR_Butlers_34	2	1	671.92445	613.28731	651.38720	580.32090
DR_Butlers_34	3	0	1451.95803	857.26119	965.56453	862.54851
DR_Butlers_34	3	1	1759.83211	718.73134	1445.95488	738.98507
DR_Butlers_35	0	0	1243.04617	580.28358	626.43232	568.14925
DR_Butlers_35	0	1	1672.69675	419.57836	1067.92865	417.23134
DR_Butlers_36	0	0	1570.42392	709.32463	1887.26128	688.80224
DR_Butlers_36	0	1	1405.77754	385.64552	1619.90241	382.93284
DR_Butlers_36	1	0	994.17104	37.77985	1160.35467	21.66045
DR_Butlers_36	1	1	1336.38825	226.57090	1454.06086	221.56343
DR_Butlers_36	2	0	883.80797	102.04851	1278.55719	85.63433
DR_Butlers_36	2	1	1555.34103	612.53731	1915.97062	603.39179
DR_Butlers_37	0	0	953.34837	408.94030	1010.33788	421.45896
DR_Butlers_37	0	1	1215.76180	460.32090	1289.87618	470.32090
DR_Butlers_37	1	0	1416.65268	796.23134	1320.66002	822.01493
DR_Butlers_37	1	1	1030.86569	683.38433	933.27387	697.69030
DR_Butlers_37	2	0	1277.44281	563.79104	934.07555	579.60075
DR_Butlers_37	2	1	429.23715	200.42164	176.78909	241.41791
DR_Butlers_37	3	0	1367.17314	572.13433	1072.45960	586.83209
DR_Butlers_37	3	1	966.24974	503.62687	632.75341	520.33955
DR_Butlers_38	0	0	333.16684	994.53731	522.74502	1024.08582
DR_Butlers_38	0	1	140.02099	796.12687	347.52781	826.48881
DR_Butlers_38	1	0	399.84890	290.79851	31.22770	351.08209
DR_Butlers_38	1	1	661.75866	316.99254	375.23610	370.22388
DR_Butlers_38	2	0	1241.04932	769.70149	563.66002	805.45149
DR_Butlers_38	2	1	1879.70619	889.21642	1239.80378	938.44776
DR_Butlers_38	3	0	1642.85100	228.57090	1048.82162	256.45149
DR_Butlers_38	3	1	1218.60126	144.06716	454.00944	188.03731
DR_Butlers_38	4	0	1376.26653	543.90672	1396.87408	592.67910
DR_Butlers_38	4	1	1585.29066	425.52985	1550.30430	460.77612
DR_Butlers_39	0	0	1741.69990	898.94776	1422.21091	977.23881
DR_Butlers_39	0	1	1127.17104	963.13433	807.09759	1017.53731
DR_Butlers_39	1	0	373.17104	593.43657	82.60231	638.68657
DR_Butlers_39	1	1	858.53830	557.08209	520.10808	603.49627
DR_Butlers_39	2	0	1191.15635	798.12687	1139.30745	859.40299
DR_Butlers_39	2	1	1414.28332	703.92910	1346.82057	763.19030
DR_Butlers_39	3	0	1501.53515	627.95522	1681.25918	686.19403
DR_Butlers_39	3	1	1682.35362	570.52985	1890.28332	621.71642
DR_Butlers_39	4	0	1197.87513	213.76866	1151.66422	250.05224
DR_Butlers_39	4	1	623.64218	157.16418	552.29906	222.27612
DR_Butlers_40	0	0	1375.74816	17.12687	905.08290	21.15672
DR_Butlers_40	0	1	689.83316	258.73507	340.79958	280.45896
DR_Butlers_40	1	0	1217.69990	75.55970	989.72928	78.58209
DR_Butlers_40	1	1	847.36201	169.25373	585.57398	191.01493
DR_Butlers_40	2	0	1901.86779	110.82090	952.94858	120.89552
DR_Butlers_40	2	1	1232.99056	173.28358	233.70409	191.41791
DR_Butlers_40	3	0	302.38405	77.07090	125.41448	119.38433
DR_Butlers_40	3	1	654.51312	3.52612	329.40189	28.71269
DR_Butlers_40	4	0	138.00630	165.04478	36.26443	205.74254
DR_Butlers_40	4	1	604.77440	219.52239	409.48583	244.02612
DR_Butlers_40	5	0	1512.41343	312.93284	746.26338	324.13433
DR_Butlers_40	5	1	818.25603	584.57836	104.26023	587.26119
DR_Butlers_41	0	0	629.97272	852.26493	466.97272	806.12687
DR_Butlers_41	0	1	971.75866	676.96642	713.41448	657.26493
DR_Butlers_41	1	0	1422.31060	457.35448	1276.36621	444.38806
DR_Butlers_41	1	1	943.95383	548.75373	777.59391	524.00746
DR_Butlers_41	2	0	842.20881	910.77239	725.15320	881.64179
DR_Butlers_41	2	1	1085.98636	755.62313	908.99370	744.12313
DR_Butlers_41	3	0	1466.30955	866.13060	1253.06086	875.49627
DR_Butlers_41	3	1	1187.77440	804.49627	909.98426	794.19030
DR_Butlers_41	4	0	88.14271	451.86940	289.70514	416.55597
DR_Butlers_41	4	1	340.98636	374.79851	502.75866	346.53731
DR_Butlers_41	5	0	1832.86464	671.54104	1504.29591	680.07463
DR_Butlers_41	5	1	1449.21511	682.45149	1097.22980	683.60075
DR_Butlers_41	6	0	1770.91291	498.35075	1450.57503	500.55597
DR_Butlers_41	6	1	1292.77859	527.74627	1003.59391	515.59328
DR_Butlers_42	0	0	1099.94334	802.87313	1332.40714	791.04478
DR_Butlers_42	0	1	1681.30640	719.14925	1853.51522	698.22761
DR_Butlers_42	1	0	497.93704	329.82090	577.58762	321.22761
DR_Butlers_42	1	1	812.73242	189.78358	938.72088	186.22761
DR_Butlers_42	2	0	1180.72508	1019.04851	1385.72193	994.86940
DR_Butlers_42	2	1	852.12382	991.34328	1040.74816	991.34328
DR_Butlers_43	0	0	278.27072	128.45149	225.72298	209.90672
DR_Butlers_43	0	1	395.62644	44.32836	390.92760	127.29478
DR_Butlers_43	1	0	1313.99475	803.45149	807.51312	850.84328
DR_Butlers_43	1	1	1820.27282	559.23881	1352.07555	601.86940
DR_Butlers_43	2	0	1866.10703	142.55597	1149.33263	163.41418
DR_Butlers_43	2	1	1278.68940	268.93284	769.72298	313.45149
DR_Butlers_43	3	0	714.22980	317.94030	200.46170	377.91418
DR_Butlers_43	3	1	1268.11438	317.06343	747.90661	358.29478
DR_Butlers_43	4	0	391.34523	416.67164	89.15005	470.58582
DR_Butlers_43	4	1	934.16369	167.74254	694.50157	219.99254
DR_Butlers_43	5	0	890.65268	664.93657	420.64533	707.47388
DR_Butlers_43	5	1	1486.10073	320.20896	1156.98006	354.19403
DR_Butlers_44	0	0	983.96537	769.56716	459.46170	769.38806
DR_Butlers_44	0	1	1284.84050	403.84328	808.27387	410.37687
DR_Butlers_44	1	0	1124.95068	229.41418	240.25184	241.53358
DR_Butlers_44	1	1	1845.96013	445.11940	1040.02099	451.48507
DR_Butlers_44	2	0	727.68416	453.07463	746.27702	449.68284
DR_Butlers_44	2	1	412.88877	440.98507	466.23505	439.10448
DR_Butlers_44	3	0	576.41763	382.25373	250.22665	397.44030
DR_Butlers_44	3	1	963.45016	86.13806	508.71878	106.28731
DR_Butlers_46	0	0	996.48269	863.83582	623.55719	838.45896
DR_Butlers_46	0	1	472.16789	868.01119	60.94439	816.00000
DR_Butlers_46	1	0	1475.58342	249.35821	1593.11647	213.71269
DR_Butlers_46	1	1	1620.64113	216.11194	1807.17733	171.90299
DR_Butlers_46	2	0	680.14166	187.72761	768.91396	166.72015
DR_Butlers_46	2	1	906.79433	172.11194	1009.16579	143.04478
DR_Butlers_46	3	0	1472.96118	461.01493	1810.70304	445.14925
DR_Butlers_46	3	1	1386.83316	437.33955	1730.61910	415.42910
DR_Butlers_47	0	0	550.99790	151.51866	888.90346	171.26866
DR_Butlers_47	0	1	375.21616	54.80224	1027.91710	32.74254
DR_Butlers_48	0	0	1516.84050	283.87687	1763.86149	290.00000
DR_Butlers_48	0	1	1306.60126	2.51866	1623.16369	15.11194
DR_Butlers_48	1	0	481.29906	403.72388	944.71144	387.63060
DR_Butlers_48	1	1	65.47744	39.29104	706.41343	5.03731
DR_Butlers_49	0	0	1225.38825	468.76493	1103.41028	476.26119
DR_Butlers_49	0	1	1557.35572	301.76119	1359.74082	296.85821
DR_Butlers_50	0	0	1182.92235	539.62313	1023.17629	553.65299
DR_Butlers_50	0	1	1570.75026	555.23881	1331.42392	568.76493
DR_Butlers_50	1	0	1282.99895	810.29478	1430.37041	835.01866
DR_Butlers_50	1	1	1496.55614	892.90672	1655.00839	931.73507
DR_Butlers_50	2	0	790.52361	804.72388	940.94648	810.88433
DR_Butlers_50	2	1	636.90346	652.09328	803.94753	662.78731
DR_Butlers_50	3	0	483.75551	542.97388	557.14481	558.64925
DR_Butlers_50	3	1	343.23085	402.93657	366.25289	430.19776
DR_Butlers_50	4	0	1131.98321	463.62313	938.22246	476.37687
DR_Butlers_50	4	1	690.99056	73.04104	434.48374	110.82090
DR_Butlers_50	5	0	683.28856	762.54104	380.74082	771.96269
DR_Butlers_50	5	1	1392.25603	847.33209	1127.51522	875.83955
DR_Butlers_51	0	0	988.05666	187.66791	844.67051	230.27612
DR_Butlers_51	0	1	740.75341	215.37313	562.11018	273.09328
DR_Butlers_51	1	0	1278.84155	349.30597	1025.01259	384.85075
DR_Butlers_51	1	1	1791.56348	353.98507	1476.74082	382.39925
DR_Butlers_51	2	0	1694.35467	236.54104	1356.33263	252.89552
DR_Butlers_51	2	1	1289.78489	131.97761	1110.13431	166.60075
DR_Butlers_51	3	0	1457.15320	370.63806	1120.22141	405.79478
DR_Butlers_51	3	1	983.41448	369.45149	560.19727	415.33955
DR_Butlers_52	0	0	937.67471	448.98507	1061.53515	449.00000
DR_Butlers_52	0	1	1380.83106	315.61194	1550.71878	324.20522
DR_Butlers_52	1	0	17.12487	296.91791	176.70829	280.09701
DR_Butlers_52	1	1	340.98636	300.44403	469.28437	286.48881
DR_Butlers_52	2	0	752.55719	716.52612	1315.04302	700.61567
DR_Butlers_52	2	1	1209.19622	274.01493	1661.47219	277.31343
DR_Butlers_52	3	0	413.32949	263.18284	622.96537	251.66791
DR_Butlers_52	3	1	666.17314	55.14179	853.97272	43.82463
DR_Butlers_52	4	0	826.32949	263.67164	1032.71983	262.10075
DR_Butlers_52	4	1	1089.24659	97.44030	1344.99685	104.43284
DR_Butlers_52	5	0	1773.93494	375.94403	1881.72088	383.26493
DR_Butlers_52	5	1	1384.38825	456.79478	1485.83421	457.81716
DR_Butlers_53	0	0	1620.76285	640.87313	1467.78804	642.88806
DR_Butlers_53	0	1	1258.61595	497.05970	1125.63064	479.90299
DR_Butlers_53	1	0	1270.00420	820.83955	1328.77650	817.49254
DR_Butlers_53	1	1	928.17838	709.53358	976.08290	687.87313
DR_Butlers_53	2	0	874.97901	723.23881	899.03358	694.93657
DR_Butlers_53	2	1	632.71249	675.38433	667.84785	636.00000
DR_Butlers_54	0	0	944.96013	518.33582	1064.77650	532.58955
DR_Butlers_54	0	1	715.78909	371.24627	859.78174	389.02612
DR_Butlers_54	1	0	1197.28017	770.46269	1133.15635	779.64179
DR_Butlers_54	1	1	754.53830	916.97761	642.69465	919.94776
DR_Butlers_54	2	0	452.30430	657.97015	289.94334	667.15672
DR_Butlers_54	2	1	841.39874	500.00746	708.79224	517.22761
DR_Butlers_54	3	0	984.74397	316.83582	756.63064	358.40299
DR_Butlers_54	3	1	681.00630	425.39552	491.32949	460.66418
DR_Butlers_55	0	0	199.45435	44.83209	1246.68940	28.20896
DR_Butlers_55	0	1	839.51626	238.11194	1881.72088	239.70149
DR_Butlers_56	0	0	263.92445	883.54478	1510.01049	863.39552
DR_Butlers_56	0	1	347.53410	884.55224	1592.61280	858.35821
DR_Butlers_57	0	0	957.70094	306.81343	595.60126	351.48134
DR_Butlers_57	0	1	1500.82896	461.31343	1196.69675	493.44403
DR_Butlers_57	1	0	923.01994	658.05970	614.52046	701.44403
DR_Butlers_57	1	1	1472.87303	709.63806	1170.69255	760.61567
DR_Butlers_57	2	0	1143.36621	217.26866	993.62329	251.63806
DR_Butlers_57	2	1	1694.85834	201.87687	1543.22246	206.11194
DR_Butlers_57	3	0	1763.35782	473.32836	1815.73977	503.17910
DR_Butlers_57	3	1	1601.67891	467.78731	1616.78909	498.64552
DR_Butlers_57	4	0	975.11962	929.88806	488.64218	967.16418
DR_Butlers_57	4	1	1404.31375	948.02239	981.77020	1004.44030
DR_Butlers_57	5	0	1809.19203	556.11940	670.89192	584.32836
DR_Butlers_57	5	1	1160.46170	453.35821	80.58762	499.70149
DR_Butlers_57	6	0	1849.48583	548.05970	570.15740	580.29851
DR_Butlers_57	6	1	1112.10913	487.61194	0.50367	524.46642
DR_Butlers_57	7	0	190.85205	500.04104	553.52781	554.36940
DR_Butlers_57	7	1	335.90976	468.30597	684.48269	525.65672
DR_Butlers_58	0	0	625.31899	765.86194	335.92865	760.02239
DR_Butlers_58	0	1	922.98951	698.36194	678.48269	702.79104
DR_Butlers_58	1	0	1267.81847	495.05970	1536.70514	496.27612
DR_Butlers_58	1	1	1463.24344	494.55597	1752.78069	493.25373
DR_Butlers_58	2	0	1546.60441	651.98507	1176.16369	669.55597
DR_Butlers_58	2	1	909.77754	684.02239	516.90661	687.07463
DR_Butlers_59	0	0	540.55509	309.06716	214.56453	328.14925
DR_Butlers_59	0	1	1063.70934	435.08955	801.84680	454.08209
DR_Butlers_59	1	0	825.84365	601.57090	708.04302	605.43657
DR_Butlers_59	1	1	1132.93599	670.86194	1029.88982	678.98134
DR_Butlers_59	2	0	490.15215	427.57836	609.85414	436.43657
DR_Butlers_59	2	1	285.66107	421.02985	421.98426	434.92537
DR_Butlers_59	3	0	499.10493	473.48881	357.61595	483.28358
DR_Butlers_59	3	1	1019.87303	548.66045	666.74082	553.49627
DR_Butlers_59	4	0	829.93284	674.84701	576.87723	677.91418
DR_Butlers_59	4	1	1553.03148	498.02239	1203.11228	510.43657
DR_Butlers_60	0	0	575.29381	1031.81343	288.42812	1023.91791
DR_Butlers_60	0	1	824.97901	821.69403	663.49633	828.85821
DR_Butlers_60	1	0	1099.97482	414.82836	1089.18258	425.48507
DR_Butlers_60	1	1	1268.94753	496.88806	1284.87408	509.53731
DR_Butlers_60	2	0	1176.72193	650.05970	632.35677	666.85075
DR_Butlers_60	2	1	1558.31689	335.47761	1024.36411	353.35821
DR_Butlers_60	3	0	890.83106	614.20896	612.45750	628.62687
DR_Butlers_60	3	1	359.30325	522.82463	191.39559	542.64552
DR_Butlers_61	0	0	760.59811	135.00000	657.75971	196.67537
DR_Butlers_61	0	1	1051.21721	83.11567	1011.62015	134.31716
DR_Butlers_61	1	0	1331.11647	190.55597	1487.19727	216.03731
DR_Butlers_61	1	1	1512.94229	161.33955	1674.56348	178.25746
DR_Butlers_61	2	0	1382.98111	394.31343	1316.03673	410.18284
DR_Butlers_61	2	1	1690.22141	280.47015	1622.26967	295.83582
DR_Butlers_61	3	0	1224.26653	299.48134	1482.59077	323.85075
DR_Butlers_61	3	1	1399.54460	309.05224	1661.89822	325.86567
DR_Butlers_62	0	0	1517.15005	943.47015	1241.63799	1017.03358
DR_Butlers_62	0	1	1888.86044	800.41045	1533.93284	872.61940
DR_Butlers_62	1	0	1496.06821	930.59328	1246.04302	1002.56716
DR_Butlers_62	1	1	1805.16264	782.27612	1482.35152	852.38060
DR_Butlers_62	2	0	1467.52466	896.26866	956.18573	952.60821
DR_Butlers_62	2	1	1755.29906	463.60448	1211.03148	497.39925
DR_Butlers_62	3	0	1608.73033	914.12313	1670.68206	1007.96642
DR_Butlers_62	3	1	1824.80588	752.92910	1856.03358	825.11194
DR_Butlers_62	4	0	506.15215	1005.44776	632.57817	1040.20522
DR_Butlers_62	4	1	283.52886	942.48134	444.20462	968.17164
DR_Butlers_62	5	0	1867.11438	955.57836	1440.04197	1034.16045
DR_Butlers_62	5	1	1277.78489	1014.51493	892.00210	1075.46642
DR_Butlers_63	0	0	717.99475	623.40672	611.23190	671.21642
DR_Butlers_63	0	1	456.68940	863.58582	263.19412	898.39925
DR_Butlers_63	1	0	374.48793	868.25373	293.16055	897.80970
DR_Butlers_63	1	1	579.48269	891.92910	551.54460	930.55224
