OpCode	Camera	MovieSeqIndex	StartTimeOffset	Format	Filename	Frames	Rate
PPH_01	0	0	0.00000	0	PPH_178_177_178_01a.avi	17183	25.00000
PPH_01	0	0	0.00000	0	PPH_178_177_178_01b.avi	17231	25.00000
PPH_01	0	0	0.00000	0	PPH_178_177_178_01c.avi	17160	25.00000
PPH_01	0	0	0.00000	0	PPH_178_177_178_01d.avi	17100	25.00000
PPH_01	0	0	0.00000	0	PPH_178_177_178_01e.avi	17100	25.00000
PPH_01	0	0	0.00000	0	PPH_178_177_178_01f.avi	15060	25.00000
PPH_01	1	0	0.00000	0	PPH_178_177_177_01a.avi	17219	25.00000
PPH_01	1	0	0.00000	0	PPH_178_177_177_01b.avi	17256	25.00000
PPH_01	1	0	0.00000	0	PPH_178_177_177_01c.avi	17112	25.00000
PPH_01	1	0	0.00000	0	PPH_178_177_177_01d.avi	17100	25.00000
PPH_01	1	0	0.00000	0	PPH_178_177_177_01e.avi	17100	25.00000
PPH_01	1	0	0.00000	0	PPH_178_177_177_01f.avi	14844	25.00000
PPH_02	0	0	0.00000	0	PPH_180_179_180_02a.avi	17399	25.00000
PPH_02	0	0	0.00000	0	PPH_180_179_180_02b.avi	17196	25.00000
PPH_02	0	0	0.00000	0	PPH_180_179_180_02c.avi	17196	25.00000
PPH_02	0	0	0.00000	0	PPH_180_179_180_02d.avi	17208	25.00000
PPH_02	0	0	0.00000	0	PPH_180_179_180_02e.avi	17196	25.00000
PPH_02	0	0	0.00000	0	PPH_180_179_180_02f.avi	7368	25.00000
PPH_02	1	0	0.00000	0	PPH_180_179_179_02a.avi	17411	25.00000
PPH_02	1	0	0.00000	0	PPH_180_179_179_02b.avi	17220	25.00000
PPH_02	1	0	0.00000	0	PPH_180_179_179_02c.avi	17220	25.00000
PPH_02	1	0	0.00000	0	PPH_180_179_179_02d.avi	17220	25.00000
PPH_02	1	0	0.00000	0	PPH_180_179_179_02e.avi	17220	25.00000
PPH_02	1	0	0.00000	0	PPH_180_179_179_02f.avi	7248	25.00000
PPH_03	0	0	0.00000	0	PPH_224_223_224_03a.avi	17303	25.00000
PPH_03	0	0	0.00000	0	PPH_224_223_224_03b.avi	17196	25.00000
PPH_03	0	0	0.00000	0	PPH_224_223_224_03c.avi	17124	25.00000
PPH_03	0	0	0.00000	0	PPH_224_223_224_03d.avi	17124	25.00000
PPH_03	0	0	0.00000	0	PPH_224_223_224_03e.avi	17124	25.00000
PPH_03	0	0	0.00000	0	PPH_224_223_224_03f.avi	15348	25.00000
PPH_03	1	0	0.00000	0	PPH_224_223_223_03a.avi	17183	25.00000
PPH_03	1	0	0.00000	0	PPH_224_223_223_03b.avi	17148	25.00000
PPH_03	1	0	0.00000	0	PPH_224_223_223_03c.avi	17148	25.00000
PPH_03	1	0	0.00000	0	PPH_224_223_223_03d.avi	17135	25.00000
PPH_03	1	0	0.00000	0	PPH_224_223_223_03e.avi	17124	25.00000
PPH_03	1	0	0.00000	0	PPH_224_223_223_03f.avi	15516	25.00000
PPH_04	0	0	0.00000	0	PPH_180_179_180_04a.avi	17183	25.00000
PPH_04	0	0	0.00000	0	PPH_180_179_180_04b.avi	17208	25.00000
PPH_04	0	0	0.00000	0	PPH_180_179_180_04c.avi	17184	25.00000
PPH_04	0	0	0.00000	0	PPH_180_179_180_04d.avi	17124	25.00000
PPH_04	0	0	0.00000	0	PPH_180_179_180_04e.avi	17124	25.00000
PPH_04	0	0	0.00000	0	PPH_180_179_180_04f.avi	17112	25.00000
PPH_04	0	0	0.00000	0	PPH_180_179_180_04g.avi	3132	25.00000
PPH_04	1	0	0.00000	0	PPH_180_179_179_04a.avi	17135	25.00000
PPH_04	1	0	0.00000	0	PPH_180_179_179_04b.avi	17160	25.00000
PPH_04	1	0	0.00000	0	PPH_180_179_179_04c.avi	17184	25.00000
PPH_04	1	0	0.00000	0	PPH_180_179_179_04d.avi	17172	25.00000
PPH_04	1	0	0.00000	0	PPH_180_179_179_04e.avi	17111	25.00000
PPH_04	1	0	0.00000	0	PPH_180_179_179_04f.avi	17100	25.00000
PPH_04	1	0	0.00000	0	PPH_180_179_179_04g.avi	3300	25.00000
PPH_05	0	0	0.00000	0	PPH_178_177_177_5a.avi	17123	25.00000
PPH_05	0	0	0.00000	0	PPH_178_177_177_5b.avi	17076	25.00000
PPH_05	0	0	0.00000	0	PPH_178_177_177_5c.avi	17099	25.00000
PPH_05	0	0	0.00000	0	PPH_178_177_177_5d.avi	17112	25.00000
PPH_05	0	0	0.00000	0	PPH_178_177_177_5e.avi	17124	25.00000
PPH_05	0	0	0.00000	0	PPH_178_177_177_5f.avi	15060	25.00000
PPH_06	0	0	0.00000	0	PPH_278_279_278_06a.avi	17387	25.00000
PPH_06	0	0	0.00000	0	PPH_278_279_278_06b.avi	17086	25.00000
PPH_06	0	0	0.00000	0	PPH_278_279_278_06c.avi	17088	25.00000
PPH_06	0	0	0.00000	0	PPH_278_279_278_06d.avi	17088	25.00000
PPH_06	0	0	0.00000	0	PPH_278_279_278_06e.avi	17088	25.00000
PPH_06	0	0	0.00000	0	PPH_278_279_278_06f.avi	17088	25.00000
PPH_06	0	0	0.00000	0	PPH_278_279_278_06g.avi	1162	25.00000
PPH_06	1	0	0.00000	0	PPH_278_279_279_06a.avi	17387	25.00000
PPH_06	1	0	0.00000	0	PPH_278_279_279_06b.avi	17100	25.00000
PPH_06	1	0	0.00000	0	PPH_278_279_279_06c.avi	17088	25.00000
PPH_06	1	0	0.00000	0	PPH_278_279_279_06d.avi	17088	25.00000
PPH_06	1	0	0.00000	0	PPH_278_279_279_06e.avi	17088	25.00000
PPH_06	1	0	0.00000	0	PPH_278_279_279_06f.avi	17088	25.00000
PPH_06	1	0	0.00000	0	PPH_278_279_279_06g.avi	828	25.00000
PPH_07	0	0	0.00000	0	PPH_226_225_226_07a.avi	17159	25.00000
PPH_07	0	0	0.00000	0	PPH_226_225_226_07b.avi	17100	25.00000
PPH_07	0	0	0.00000	0	PPH_226_225_226_07c.avi	17088	25.00000
PPH_07	0	0	0.00000	0	PPH_226_225_226_07d.avi	17124	25.00000
PPH_07	0	0	0.00000	0	PPH_226_225_226_07e.avi	17112	25.00000
PPH_07	0	0	0.00000	0	PPH_226_225_226_07f.avi	17148	25.00000
PPH_07	0	0	0.00000	0	PPH_226_225_226_07g.avi	3372	25.00000
PPH_07	1	0	0.00000	0	PPH_226_225_225_07a.avi	17159	25.00000
PPH_07	1	0	0.00000	0	PPH_226_225_225_07b.avi	17124	25.00000
PPH_07	1	0	0.00000	0	PPH_226_225_225_07c.avi	17112	25.00000
PPH_07	1	0	0.00000	0	PPH_226_225_225_07d.avi	17124	25.00000
PPH_07	1	0	0.00000	0	PPH_226_225_225_07e.avi	17112	25.00000
PPH_07	1	0	0.00000	0	PPH_226_225_225_07f.avi	17160	25.00000
PPH_07	1	0	0.00000	0	PPH_226_225_225_07g.avi	2952	25.00000
PPH_08	0	0	0.00000	0	PPH_178_177_178_08a.avi	17399	25.00000
PPH_08	0	0	0.00000	0	PPH_178_177_178_08b.avi	17184	25.00000
PPH_08	0	0	0.00000	0	PPH_178_177_178_08c.avi	17160	25.00000
PPH_08	0	0	0.00000	0	PPH_178_177_178_08d.avi	17172	25.00000
PPH_08	0	0	0.00000	0	PPH_178_177_178_08e.avi	17196	25.00000
PPH_08	0	0	0.00000	0	PPH_178_177_178_08f.avi	12168	25.00000
PPH_08	1	0	0.00000	0	PPH_178_177_177_08a.avi	17399	25.00000
PPH_08	1	0	0.00000	0	PPH_178_177_177_08b.avi	17220	25.00000
PPH_08	1	0	0.00000	0	PPH_178_177_177_08c.avi	17208	25.00000
PPH_08	1	0	0.00000	0	PPH_178_177_177_08d.avi	17220	25.00000
PPH_08	1	0	0.00000	0	PPH_178_177_177_08e.avi	17244	25.00000
PPH_08	1	0	0.00000	0	PPH_178_177_177_08f.avi	12420	25.00000
PPH_09	0	0	0.00000	0	PPH_180_179_180_09a.avi	17387	25.00000
PPH_09	0	0	0.00000	0	PPH_180_179_180_09b.avi	17184	25.00000
PPH_09	0	0	0.00000	0	PPH_180_179_180_09c.avi	17160	25.00000
PPH_09	0	0	0.00000	0	PPH_180_179_180_09d.avi	17160	25.00000
PPH_09	0	0	0.00000	0	PPH_180_179_180_09e.avi	17172	25.00000
PPH_09	0	0	0.00000	0	PPH_180_179_180_09f.avi	16920	25.00000
PPH_09	1	0	0.00000	0	PPH_180_179_179_09a.avi	17387	25.00000
PPH_09	1	0	0.00000	0	PPH_180_179_179_09b.avi	17208	25.00000
PPH_09	1	0	0.00000	0	PPH_180_179_179_09c.avi	17160	25.00000
PPH_09	1	0	0.00000	0	PPH_180_179_179_09d.avi	17172	25.00000
PPH_09	1	0	0.00000	0	PPH_180_179_179_09e.avi	17184	25.00000
PPH_09	1	0	0.00000	0	PPH_180_179_179_09f.avi	16620	25.00000
PPH_10	0	0	0.00000	0	PPH_174_173_174_10a.avi	17387	25.00000
PPH_10	0	0	0.00000	0	PPH_174_173_174_10b.avi	17172	25.00000
PPH_10	0	0	0.00000	0	PPH_174_173_174_10c.avi	17208	25.00000
PPH_10	0	0	0.00000	0	PPH_174_173_174_10d.avi	17160	25.00000
PPH_10	0	0	0.00000	0	PPH_174_173_174_10e.avi	17160	25.00000
PPH_10	0	0	0.00000	0	PPH_174_173_174_10f.avi	17148	25.00000
PPH_10	0	0	0.00000	0	PPH_174_173_174_10g.avi	8208	25.00000
PPH_10	1	0	0.00000	0	PPH_174_173_173_10a.avi	17351	25.00000
PPH_10	1	0	0.00000	0	PPH_174_173_173_10b.avi	17172	25.00000
PPH_10	1	0	0.00000	0	PPH_174_173_173_10c.avi	17136	25.00000
PPH_10	1	0	0.00000	0	PPH_174_173_173_10d.avi	17124	25.00000
PPH_10	1	0	0.00000	0	PPH_174_173_173_10e.avi	17136	25.00000
PPH_10	1	0	0.00000	0	PPH_174_173_173_10f.avi	17148	25.00000
PPH_10	1	0	0.00000	0	PPH_174_173_173_10g.avi	7788	25.00000
PPH_11	0	0	0.00000	0	PPH_226_225_226_11a.avi	17147	25.00000
PPH_11	0	0	0.00000	0	PPH_226_225_226_11b.avi	17172	25.00000
PPH_11	0	0	0.00000	0	PPH_226_225_226_11c.avi	17100	25.00000
PPH_11	0	0	0.00000	0	PPH_226_225_226_11d.avi	17076	25.00000
PPH_11	0	0	0.00000	0	PPH_226_225_226_11e.avi	17088	25.00000
PPH_11	0	0	0.00000	0	PPH_226_225_226_11f.avi	17088	25.00000
PPH_11	0	0	0.00000	0	PPH_226_225_226_11g.avi	2124	25.00000
PPH_11	1	0	0.00000	0	PPH_226_225_225_11a.avi	17231	25.00000
PPH_11	1	0	0.00000	0	PPH_226_225_225_11b.avi	17232	25.00000
PPH_11	1	0	0.00000	0	PPH_226_225_225_11c.avi	17112	25.00000
PPH_11	1	0	0.00000	0	PPH_226_225_225_11d.avi	17088	25.00000
PPH_11	1	0	0.00000	0	PPH_226_225_225_11e.avi	17099	25.00000
PPH_11	1	0	0.00000	0	PPH_226_225_225_11f.avi	17088	25.00000
PPH_11	1	0	0.00000	0	PPH_226_225_225_11g.avi	1944	25.00000
PPH_12	0	0	0.00000	0	PPH_224_223_224_12a.avi	17267	25.00000
PPH_12	0	0	0.00000	0	PPH_224_223_224_12b.avi	17220	25.00000
PPH_12	0	0	0.00000	0	PPH_224_223_224_12c.avi	17124	25.00000
PPH_12	0	0	0.00000	0	PPH_224_223_224_12d.avi	17124	25.00000
PPH_12	0	0	0.00000	0	PPH_224_223_224_12e.avi	17136	25.00000
PPH_12	0	0	0.00000	0	PPH_224_223_224_12f.avi	17136	25.00000
PPH_12	0	0	0.00000	0	PPH_224_223_224_12g.avi	2100	25.00000
PPH_12	1	0	0.00000	0	PPH_224_223_223_12a.avi	17279	25.00000
PPH_12	1	0	0.00000	0	PPH_224_223_223_12b.avi	17208	25.00000
PPH_12	1	0	0.00000	0	PPH_224_223_223_12c.avi	17124	25.00000
PPH_12	1	0	0.00000	0	PPH_224_223_223_12d.avi	17124	25.00000
PPH_12	1	0	0.00000	0	PPH_224_223_223_12e.avi	17124	25.00000
PPH_12	1	0	0.00000	0	PPH_224_223_223_12f.avi	17124	25.00000
PPH_12	1	0	0.00000	0	PPH_224_223_223_12g.avi	1968	25.00000
PPH_13	0	0	0.00000	0	PPH_226_225_226_13a.avi	17231	25.00000
PPH_13	0	0	0.00000	0	PPH_226_225_226_13b.avi	17208	25.00000
PPH_13	0	0	0.00000	0	PPH_226_225_226_13c.avi	17148	25.00000
PPH_13	0	0	0.00000	0	PPH_226_225_226_13d.avi	17111	25.00000
PPH_13	0	0	0.00000	0	PPH_226_225_226_13e.avi	17100	25.00000
PPH_13	0	0	0.00000	0	PPH_226_225_226_13f.avi	17099	25.00000
PPH_13	0	0	0.00000	0	PPH_226_225_226_13g.avi	3203	25.00000
PPH_13	1	0	0.00000	0	PPH_226_225_225_13a.avi	17243	25.00000
PPH_13	1	0	0.00000	0	PPH_226_225_225_13b.avi	17232	25.00000
PPH_13	1	0	0.00000	0	PPH_226_225_225_13c.avi	17124	25.00000
PPH_13	1	0	0.00000	0	PPH_226_225_225_13d.avi	17123	25.00000
PPH_13	1	0	0.00000	0	PPH_226_225_225_13e.avi	17112	25.00000
PPH_13	1	0	0.00000	0	PPH_226_225_225_13f.avi	17109	25.00000
PPH_13	1	0	0.00000	0	PPH_226_225_225_13g.avi	3708	25.00000
PPH_14	0	0	0.00000	0	PPH_224_223_224_14a.avi	17303	25.00000
PPH_14	0	0	0.00000	0	PPH_224_223_224_14b.avi	17208	25.00000
PPH_14	0	0	0.00000	0	PPH_224_223_224_14c.avi	17136	25.00000
PPH_14	0	0	0.00000	0	PPH_224_223_224_14d.avi	17148	25.00000
PPH_14	0	0	0.00000	0	PPH_224_223_224_14e.avi	17148	25.00000
PPH_14	0	0	0.00000	0	PPH_224_223_224_14f.avi	11383	25.00000
PPH_14	0	0	0.00000	0	PPH_224_223_224_14g.avi	5112	25.00000
PPH_14	1	0	0.00000	0	PPH_224_223_223_14a.avi	17267	25.00000
PPH_14	1	0	0.00000	0	PPH_224_223_223_14b.avi	17220	25.00000
PPH_14	1	0	0.00000	0	PPH_224_223_223_14c.avi	17124	25.00000
PPH_14	1	0	0.00000	0	PPH_224_223_223_14d.avi	17136	25.00000
PPH_14	1	0	0.00000	0	PPH_224_223_223_14e.avi	17124	25.00000
PPH_14	1	0	0.00000	0	PPH_224_223_223_14f.avi	17124	25.00000
PPH_14	1	0	0.00000	0	PPH_224_223_223_14g.avi	4824	25.00000
PPH_16	0	0	0.00000	0	PPH_278_279_278_16a.avi	17243	25.00000
PPH_16	0	0	0.00000	0	PPH_278_279_278_16b.avi	17208	25.00000
PPH_16	0	0	0.00000	0	PPH_278_279_278_16c.avi	17124	25.00000
PPH_16	0	0	0.00000	0	PPH_278_279_278_16d.avi	17088	25.00000
PPH_16	0	0	0.00000	0	PPH_278_279_278_16e.avi	17088	25.00000
PPH_16	0	0	0.00000	0	PPH_278_279_278_16f.avi	17088	25.00000
PPH_16	0	0	0.00000	0	PPH_278_279_278_16g.avi	17087	25.00000
PPH_16	0	0	0.00000	0	PPH_278_279_278_16h.avi	17088	25.00000
PPH_16	0	0	0.00000	0	PPH_278_279_278_16i.avi	17088	25.00000
PPH_16	0	0	0.00000	0	PPH_278_279_278_16j.avi	17088	25.00000
PPH_16	0	0	0.00000	0	PPH_278_279_278_16k.avi	17088	25.00000
PPH_16	0	0	0.00000	0	PPH_278_279_278_16l.avi	17100	25.00000
PPH_16	0	0	0.00000	0	PPH_278_279_278_16m.avi	17088	25.00000
PPH_16	0	0	0.00000	0	PPH_278_279_278_16n.avi	17088	25.00000
PPH_16	0	0	0.00000	0	PPH_278_279_278_16o.avi	17088	25.00000
PPH_16	0	0	0.00000	0	PPH_278_279_278_16p.avi	17087	25.00000
PPH_16	0	0	0.00000	0	PPH_278_279_278_16q.avi	17088	25.00000
PPH_16	0	0	0.00000	0	PPH_278_279_278_16r.avi	17088	25.00000
PPH_16	0	0	0.00000	0	PPH_278_279_278_16s.avi	17088	25.00000
PPH_16	0	0	0.00000	0	PPH_278_279_278_16t.avi	17088	25.00000
PPH_16	0	0	0.00000	0	PPH_278_279_278_16u.avi	17088	25.00000
PPH_16	0	0	0.00000	0	PPH_278_279_278_16v.avi	17088	25.00000
PPH_16	0	0	0.00000	0	PPH_278_279_278_16w.avi	17088	25.00000
PPH_16	0	0	0.00000	0	PPH_278_279_278_16x.avi	17088	25.00000
PPH_16	1	0	0.00000	0	PPH_278_279_279_16a.avi	17195	25.00000
PPH_16	1	0	0.00000	0	PPH_278_279_279_16b.avi	17124	25.00000
PPH_16	1	0	0.00000	0	PPH_278_279_279_16c.avi	17136	25.00000
PPH_16	1	0	0.00000	0	PPH_278_279_279_16d.avi	17112	25.00000
PPH_16	1	0	0.00000	0	PPH_278_279_279_16e.avi	17112	25.00000
PPH_16	1	0	0.00000	0	PPH_278_279_279_16f.avi	17112	25.00000
PPH_16	1	0	0.00000	0	PPH_278_279_279_16g.avi	17136	25.00000
PPH_16	1	0	0.00000	0	PPH_278_279_279_16h.avi	17087	25.00000
PPH_16	1	0	0.00000	0	PPH_278_279_279_16i.avi	17088	25.00000
PPH_16	1	0	0.00000	0	PPH_278_279_279_16j.avi	17088	25.00000
PPH_16	1	0	0.00000	0	PPH_278_279_279_16k.avi	17088	25.00000
PPH_16	1	0	0.00000	0	PPH_278_279_279_16l.avi	17100	25.00000
PPH_16	1	0	0.00000	0	PPH_278_279_279_16m.avi	17099	25.00000
PPH_16	1	0	0.00000	0	PPH_278_279_279_16n.avi	17100	25.00000
PPH_16	1	0	0.00000	0	PPH_278_279_279_16o.avi	17088	25.00000
PPH_16	1	0	0.00000	0	PPH_278_279_279_16p.avi	17088	25.00000
PPH_16	1	0	0.00000	0	PPH_278_279_279_16q.avi	17088	25.00000
PPH_16	1	0	0.00000	0	PPH_278_279_279_16r.avi	17088	25.00000
PPH_16	1	0	0.00000	0	PPH_278_279_279_16s.avi	17088	25.00000
PPH_16	1	0	0.00000	0	PPH_278_279_279_16t.avi	17088	25.00000
PPH_16	1	0	0.00000	0	PPH_278_279_279_16u.avi	17088	25.00000
PPH_16	1	0	0.00000	0	PPH_278_279_279_16v.avi	17100	25.00000
PPH_16	1	0	0.00000	0	PPH_278_279_279_16w.avi	17088	25.00000
PPH_16	1	0	0.00000	0	PPH_278_279_279_16x.avi	17100	25.00000
PPH_19	0	0	0.00000	0	PPH_178_177_178_19a.avi	17123	25.00000
PPH_19	0	0	0.00000	0	PPH_178_177_178_19b.avi	17051	25.00000
PPH_19	0	0	0.00000	0	PPH_178_177_178_19c.avi	17088	25.00000
PPH_19	0	0	0.00000	0	PPH_178_177_178_19d.avi	17075	25.00000
PPH_19	0	0	0.00000	0	PPH_178_177_178_19e.avi	17075	25.00000
PPH_19	0	0	0.00000	0	PPH_178_177_178_19f.avi	17076	25.00000
PPH_19	0	0	0.00000	0	PPH_178_177_178_19g.avi	8494	25.00000
PPH_19	1	0	0.00000	0	PPH_178_177_177_19a.avi	17111	25.00000
PPH_19	1	0	0.00000	0	PPH_178_177_177_19b.avi	17062	25.00000
PPH_19	1	0	0.00000	0	PPH_178_177_177_19c.avi	17064	25.00000
PPH_19	1	0	0.00000	0	PPH_178_177_177_19d.avi	17076	25.00000
PPH_19	1	0	0.00000	0	PPH_178_177_177_19e.avi	17088	25.00000
PPH_19	1	0	0.00000	0	PPH_178_177_177_19f.avi	17100	25.00000
PPH_19	1	0	0.00000	0	PPH_178_177_177_19g.avi	9083	25.00000
PPH_20	0	0	0.00000	0	PPH_278_279_278_20a.avi	17231	25.00000
PPH_20	0	0	0.00000	0	PPH_278_279_278_20b.avi	17244	25.00000
PPH_20	0	0	0.00000	0	PPH_278_279_278_20c.avi	17100	25.00000
PPH_20	0	0	0.00000	0	PPH_278_279_278_20d.avi	17088	25.00000
PPH_20	0	0	0.00000	0	PPH_278_279_278_20e.avi	17088	25.00000
PPH_20	0	0	0.00000	0	PPH_278_279_278_20f.avi	13176	25.00000
PPH_20	1	0	0.00000	0	PPH_278_279_279_20a.avi	17243	25.00000
PPH_20	1	0	0.00000	0	PPH_278_279_279_20b.avi	17232	25.00000
PPH_20	1	0	0.00000	0	PPH_278_279_279_20c.avi	17100	25.00000
PPH_20	1	0	0.00000	0	PPH_278_279_279_20d.avi	17087	25.00000
PPH_20	1	0	0.00000	0	PPH_278_279_279_20e.avi	17088	25.00000
PPH_20	1	0	0.00000	0	PPH_278_279_279_20f.avi	12732	25.00000
PPH_21	0	0	0.00000	0	PPH_226_225_226_21a.avi	17039	25.00000
PPH_21	0	0	0.00000	0	PPH_226_225_226_21b.avi	17051	25.00000
PPH_21	0	0	0.00000	0	PPH_226_225_226_21c.avi	17040	25.00000
PPH_21	0	0	0.00000	0	PPH_226_225_226_21d.avi	17014	25.00000
PPH_21	0	0	0.00000	0	PPH_226_225_226_21e.avi	17026	25.00000
PPH_21	0	0	0.00000	0	PPH_226_225_226_21f.avi	17028	25.00000
PPH_21	0	0	0.00000	0	PPH_226_225_226_21g.avi	5172	25.00000
PPH_21	1	0	0.00000	0	PPH_226_225_225_21a.avi	17039	25.00000
PPH_21	1	0	0.00000	0	PPH_226_225_225_21b.avi	17027	25.00000
PPH_21	1	0	0.00000	0	PPH_226_225_225_21c.avi	17038	25.00000
PPH_21	1	0	0.00000	0	PPH_226_225_225_21d.avi	17014	25.00000
PPH_21	1	0	0.00000	0	PPH_226_225_225_21e.avi	17027	25.00000
PPH_21	1	0	0.00000	0	PPH_226_225_225_21f.avi	17028	25.00000
PPH_21	1	0	0.00000	0	PPH_226_225_225_21g.avi	5064	25.00000
PPH_22	0	0	0.00000	0	PPH_174_173_174_22a.avi	17231	25.00000
PPH_22	0	0	0.00000	0	PPH_174_173_174_22b.avi	17244	25.00000
PPH_22	0	0	0.00000	0	PPH_174_173_174_22c.avi	17112	25.00000
PPH_22	0	0	0.00000	0	PPH_174_173_174_22d.avi	17112	25.00000
PPH_22	0	0	0.00000	0	PPH_174_173_174_22e.avi	17112	25.00000
PPH_22	0	0	0.00000	0	PPH_174_173_174_22f.avi	17100	25.00000
PPH_22	0	0	0.00000	0	PPH_174_173_174_22g.avi	6371	25.00000
PPH_22	1	0	0.00000	0	PPH_174_173_173_22a.avi	17231	25.00000
PPH_22	1	0	0.00000	0	PPH_174_173_173_22b.avi	17244	25.00000
PPH_22	1	0	0.00000	0	PPH_174_173_173_22c.avi	17112	25.00000
PPH_22	1	0	0.00000	0	PPH_174_173_173_22d.avi	17112	25.00000
PPH_22	1	0	0.00000	0	PPH_174_173_173_22e.avi	17112	25.00000
PPH_22	1	0	0.00000	0	PPH_174_173_173_22f.avi	17112	25.00000
PPH_22	1	0	0.00000	0	PPH_174_173_173_22g.avi	5951	25.00000
PPH_23	0	0	0.00000	0	PPH_174_173_174_23a.avi	17267	25.00000
PPH_23	0	0	0.00000	0	PPH_174_173_174_23b.avi	17268	25.00000
PPH_23	0	0	0.00000	0	PPH_174_173_174_23c.avi	17170	25.00000
PPH_23	0	0	0.00000	0	PPH_174_173_174_23d.avi	17160	25.00000
PPH_23	0	0	0.00000	0	PPH_174_173_174_23e.avi	17160	25.00000
PPH_23	0	0	0.00000	0	PPH_174_173_174_23f.avi	17160	25.00000
PPH_23	0	0	0.00000	0	PPH_174_173_174_23g.avi	1992	25.00000
PPH_23	1	0	0.00000	0	PPH_174_173_173_23a.avi	17231	25.00000
PPH_23	1	0	0.00000	0	PPH_174_173_173_23b.avi	17280	25.00000
PPH_23	1	0	0.00000	0	PPH_174_173_173_23c.avi	17172	25.00000
PPH_23	1	0	0.00000	0	PPH_174_173_173_23d.avi	17160	25.00000
PPH_23	1	0	0.00000	0	PPH_174_173_173_23e.avi	17160	25.00000
PPH_23	1	0	0.00000	0	PPH_174_173_173_23f.avi	17160	25.00000
PPH_23	1	0	0.00000	0	PPH_174_173_173_23g.avi	1644	25.00000
PPH_24	0	0	0.00000	0	PPH_174_173_174_24a.avi	17291	25.00000
PPH_24	0	0	0.00000	0	PPH_174_173_174_24b.avi	17208	25.00000
PPH_24	0	0	0.00000	0	PPH_174_173_174_24c.avi	17124	25.00000
PPH_24	0	0	0.00000	0	PPH_174_173_174_24d.avi	17124	25.00000
PPH_24	0	0	0.00000	0	PPH_174_173_174_24e.avi	17124	25.00000
PPH_24	0	0	0.00000	0	PPH_174_173_174_24f.avi	8304	25.00000
PPH_25	0	0	0.00000	0	PPH_226_225_226_25a.avi	17399	25.00000
PPH_25	0	0	0.00000	0	PPH_226_225_226_25b.avi	17220	25.00000
PPH_25	0	0	0.00000	0	PPH_226_225_226_25c.avi	17220	25.00000
PPH_25	0	0	0.00000	0	PPH_226_225_226_25d.avi	17220	25.00000
PPH_25	0	0	0.00000	0	PPH_226_225_226_25e.avi	17208	25.00000
PPH_25	0	0	0.00000	0	PPH_226_225_226_25f.avi	12384	25.00000
PPH_25	1	0	0.00000	0	PPH_226_225_225_25a.avi	17423	25.00000
PPH_25	1	0	0.00000	0	PPH_226_225_225_25b.avi	17256	25.00000
PPH_25	1	0	0.00000	0	PPH_226_225_225_25c.avi	17268	25.00000
PPH_25	1	0	0.00000	0	PPH_226_225_225_25d.avi	17256	25.00000
PPH_25	1	0	0.00000	0	PPH_226_225_225_25e.avi	17244	25.00000
PPH_25	1	0	0.00000	0	PPH_226_225_225_25f.avi	11712	25.00000
PPH_26	0	0	0.00000	0	PPH_278_279_278_26a.avi	17291	25.00000
PPH_26	0	0	0.00000	0	PPH_278_279_278_26b.avi	17184	25.00000
PPH_26	0	0	0.00000	0	PPH_278_279_278_26c.avi	17088	25.00000
PPH_26	0	0	0.00000	0	PPH_278_279_278_26d.avi	17087	25.00000
PPH_26	0	0	0.00000	0	PPH_278_279_278_26e.avi	17088	25.00000
PPH_26	0	0	0.00000	0	PPH_278_279_278_26f.avi	8399	25.00000
PPH_26	1	0	0.00000	0	PPH_278_279_279_26a.avi	17303	25.00000
PPH_26	1	0	0.00000	0	PPH_278_279_279_26b.avi	17172	25.00000
PPH_26	1	0	0.00000	0	PPH_278_279_279_26c.avi	17087	25.00000
PPH_26	1	0	0.00000	0	PPH_278_279_279_26d.avi	17088	25.00000
PPH_26	1	0	0.00000	0	PPH_278_279_279_26e.avi	17088	25.00000
PPH_26	1	0	0.00000	0	PPH_278_279_279_26f.avi	7920	25.00000
PPH_28	0	0	0.00000	0	PPH_178_177_178_28a.avi	17303	25.00000
PPH_28	0	0	0.00000	0	PPH_178_177_178_28b.avi	17196	25.00000
PPH_28	0	0	0.00000	0	PPH_178_177_178_28c.avi	17124	25.00000
PPH_28	0	0	0.00000	0	PPH_178_177_178_28d.avi	17124	25.00000
PPH_28	0	0	0.00000	0	PPH_178_177_178_28e.avi	17148	25.00000
PPH_28	0	0	0.00000	0	PPH_178_177_178_28f.avi	11544	25.00000
PPH_28	1	0	0.00000	0	PPH_178_177_177_28a.avi	17315	25.00000
PPH_28	1	0	0.00000	0	PPH_178_177_177_28b.avi	17208	25.00000
PPH_28	1	0	0.00000	0	PPH_178_177_177_28c.avi	17160	25.00000
PPH_28	1	0	0.00000	0	PPH_178_177_177_28d.avi	17172	25.00000
PPH_28	1	0	0.00000	0	PPH_178_177_177_28e.avi	17196	25.00000
PPH_28	1	0	0.00000	0	PPH_178_177_177_28f.avi	11328	25.00000
PPH_29	0	0	0.00000	0	PPH_278_279_278_29a.avi	17411	25.00000
PPH_29	0	0	0.00000	0	PPH_278_279_278_29b.avi	17136	25.00000
PPH_29	0	0	0.00000	0	PPH_278_279_278_29c.avi	17112	25.00000
PPH_29	0	0	0.00000	0	PPH_278_279_278_29d.avi	17112	25.00000
PPH_29	0	0	0.00000	0	PPH_278_279_278_29e.avi	17112	25.00000
PPH_29	0	0	0.00000	0	PPH_278_279_278_29f.avi	12684	25.00000
PPH_29	1	0	0.00000	0	PPH_278_279_279_29a.avi	17411	25.00000
PPH_29	1	0	0.00000	0	PPH_278_279_279_29b.avi	17136	25.00000
PPH_29	1	0	0.00000	0	PPH_278_279_279_29c.avi	17112	25.00000
PPH_29	1	0	0.00000	0	PPH_278_279_279_29d.avi	17112	25.00000
PPH_29	1	0	0.00000	0	PPH_278_279_279_29e.avi	17112	25.00000
PPH_29	1	0	0.00000	0	PPH_278_279_279_29f.avi	12648	25.00000
PPH_30	0	0	0.00000	0	PPH_180_179_180_30a.avi	17111	25.00000
PPH_30	0	0	0.00000	0	PPH_180_179_180_30b.avi	17100	25.00000
PPH_30	0	0	0.00000	0	PPH_180_179_180_30c.avi	17100	25.00000
PPH_30	0	0	0.00000	0	PPH_180_179_180_30d.avi	17112	25.00000
PPH_30	0	0	0.00000	0	PPH_180_179_180_30e.avi	17136	25.00000
PPH_30	0	0	0.00000	0	PPH_180_179_180_30f.avi	17136	25.00000
PPH_30	0	0	0.00000	0	PPH_180_179_180_30g.avi	3540	25.00000
PPH_30	1	0	0.00000	0	PPH_180_179_179_30a.avi	17099	25.00000
PPH_30	1	0	0.00000	0	PPH_180_179_179_30b.avi	17100	25.00000
PPH_30	1	0	0.00000	0	PPH_180_179_179_30c.avi	17124	25.00000
PPH_30	1	0	0.00000	0	PPH_180_179_179_30d.avi	17112	25.00000
PPH_30	1	0	0.00000	0	PPH_180_179_179_30e.avi	17111	25.00000
PPH_30	1	0	0.00000	0	PPH_180_179_179_30f.avi	17124	25.00000
PPH_30	1	0	0.00000	0	PPH_180_179_179_30g.avi	3216	25.00000
PPH_31	0	0	0.00000	0	PPH_174_173_174_31a.avi	17327	25.00000
PPH_31	0	0	0.00000	0	PPH_174_173_174_31b.avi	17196	25.00000
PPH_31	0	0	0.00000	0	PPH_174_173_174_31c.avi	17136	25.00000
PPH_31	0	0	0.00000	0	PPH_174_173_174_31d.avi	17136	25.00000
PPH_31	0	0	0.00000	0	PPH_174_173_174_31e.avi	17136	25.00000
PPH_31	0	0	0.00000	0	PPH_174_173_174_31f.avi	17148	25.00000
PPH_31	0	0	0.00000	0	PPH_174_173_174_31g.avi	3132	25.00000
PPH_31	1	0	0.00000	0	PPH_174_173_173_31a.avi	17327	25.00000
PPH_31	1	0	0.00000	0	PPH_174_173_173_31b.avi	17184	25.00000
PPH_31	1	0	0.00000	0	PPH_174_173_173_31c.avi	17160	25.00000
PPH_31	1	0	0.00000	0	PPH_174_173_173_31d.avi	17148	25.00000
PPH_31	1	0	0.00000	0	PPH_174_173_173_31e.avi	17136	25.00000
PPH_31	1	0	0.00000	0	PPH_174_173_173_31f.avi	17136	25.00000
PPH_31	1	0	0.00000	0	PPH_174_173_173_31g.avi	2616	25.00000
PPH_32	0	0	0.00000	0	PPH_226_225_226_32a.avi	17303	25.00000
PPH_32	0	0	0.00000	0	PPH_226_225_226_32b.avi	17208	25.00000
PPH_32	0	0	0.00000	0	PPH_226_225_226_32c.avi	17133	25.00000
PPH_32	0	0	0.00000	0	PPH_226_225_226_32d.avi	17135	25.00000
PPH_32	0	0	0.00000	0	PPH_226_225_226_32e.avi	17148	25.00000
PPH_32	0	0	0.00000	0	PPH_226_225_226_32f.avi	17148	25.00000
PPH_32	0	0	0.00000	0	PPH_226_225_226_32g.avi	17136	25.00000
PPH_32	0	0	0.00000	0	PPH_226_225_226_32h.avi	4706	25.00000
PPH_32	1	0	0.00000	0	PPH_226_225_225_32a.avi	17363	25.00000
PPH_32	1	0	0.00000	0	PPH_226_225_225_32b.avi	17184	25.00000
PPH_32	1	0	0.00000	0	PPH_226_225_225_32c.avi	17172	25.00000
PPH_32	1	0	0.00000	0	PPH_226_225_225_32d.avi	17196	25.00000
PPH_32	1	0	0.00000	0	PPH_226_225_225_32e.avi	17232	25.00000
PPH_32	1	0	0.00000	0	PPH_226_225_225_32f.avi	16440	25.00000
PPH_33	0	0	0.00000	0	PPH_178_177_178_33a.avi	17111	25.00000
PPH_33	0	0	0.00000	0	PPH_178_177_178_33b.avi	17123	25.00000
PPH_33	0	0	0.00000	0	PPH_178_177_178_33c.avi	17123	25.00000
PPH_33	0	0	0.00000	0	PPH_178_177_178_33d.avi	17159	25.00000
PPH_33	0	0	0.00000	0	PPH_178_177_178_33e.avi	17087	25.00000
PPH_33	0	0	0.00000	0	PPH_178_177_178_33f.avi	17124	25.00000
PPH_33	0	0	0.00000	0	PPH_178_177_178_33g.avi	4427	25.00000
PPH_33	1	0	0.00000	0	PPH_178_177_177_33a.avi	17099	25.00000
PPH_33	1	0	0.00000	0	PPH_178_177_177_33b.avi	17111	25.00000
PPH_33	1	0	0.00000	0	PPH_178_177_177_33c.avi	17076	25.00000
PPH_33	1	0	0.00000	0	PPH_178_177_177_33d.avi	17111	25.00000
PPH_33	1	0	0.00000	0	PPH_178_177_177_33e.avi	17051	25.00000
PPH_33	1	0	0.00000	0	PPH_178_177_177_33f.avi	17062	25.00000
PPH_33	1	0	0.00000	0	PPH_178_177_177_33g.avi	5195	25.00000
PPH_34	0	0	0.00000	0	PPH_180_179_180_34a.avi	17279	25.00000
PPH_34	0	0	0.00000	0	PPH_180_179_180_34b.avi	17208	25.00000
PPH_34	0	0	0.00000	0	PPH_180_179_180_34c.avi	17124	25.00000
PPH_34	0	0	0.00000	0	PPH_180_179_180_34d.avi	17123	25.00000
PPH_34	0	0	0.00000	0	PPH_180_179_180_34e.avi	17124	25.00000
PPH_34	0	0	0.00000	0	PPH_180_179_180_34f.avi	16296	25.00000
PPH_34	1	0	0.00000	0	PPH_180_179_179_34a.avi	17339	25.00000
PPH_34	1	0	0.00000	0	PPH_180_179_179_34b.avi	17172	25.00000
PPH_34	1	0	0.00000	0	PPH_180_179_179_34c.avi	17136	25.00000
PPH_34	1	0	0.00000	0	PPH_180_179_179_34d.avi	17124	25.00000
PPH_34	1	0	0.00000	0	PPH_180_179_179_34e.avi	17124	25.00000
PPH_34	1	0	0.00000	0	PPH_180_179_179_34f.avi	16092	25.00000
PPH_35	0	0	0.00000	0	PPH_278_279_278_35a.avi	17243	25.00000
PPH_35	0	0	0.00000	0	PPH_278_279_278_35b.avi	17196	25.00000
PPH_35	0	0	0.00000	0	PPH_278_279_278_35c.avi	17136	25.00000
PPH_35	0	0	0.00000	0	PPH_278_279_278_35d.avi	17088	25.00000
PPH_35	0	0	0.00000	0	PPH_278_279_278_35e.avi	17088	25.00000
PPH_35	0	0	0.00000	0	PPH_278_279_278_35f.avi	17088	25.00000
PPH_35	0	0	0.00000	0	PPH_278_279_278_35g.avi	3657	25.00000
PPH_35	1	0	0.00000	0	PPH_278_279_279_35a.avi	17375	25.00000
PPH_35	1	0	0.00000	0	PPH_278_279_279_35b.avi	17112	25.00000
PPH_35	1	0	0.00000	0	PPH_278_279_279_35c.avi	17099	25.00000
PPH_35	1	0	0.00000	0	PPH_278_279_279_35d.avi	17088	25.00000
PPH_35	1	0	0.00000	0	PPH_278_279_279_35e.avi	17088	25.00000
PPH_35	1	0	0.00000	0	PPH_278_279_279_35f.avi	17088	25.00000
PPH_35	1	0	0.00000	0	PPH_278_279_279_35g.avi	3576	25.00000
PPH_36	0	0	0.00000	0	PPH_226_225_226_36a.avi	17279	25.00000
PPH_36	0	0	0.00000	0	PPH_226_225_226_36b.avi	17244	25.00000
PPH_36	0	0	0.00000	0	PPH_226_225_226_36c.avi	17160	25.00000
PPH_36	0	0	0.00000	0	PPH_226_225_226_36d.avi	17160	25.00000
PPH_36	0	0	0.00000	0	PPH_226_225_226_36e.avi	17160	25.00000
PPH_36	0	0	0.00000	0	PPH_226_225_226_36f.avi	17172	25.00000
PPH_36	0	0	0.00000	0	PPH_226_225_226_36g.avi	647	25.00000
PPH_36	1	0	0.00000	0	PPH_226_225_225_36a.avi	17351	25.00000
PPH_36	1	0	0.00000	0	PPH_226_225_225_36b.avi	17232	25.00000
PPH_36	1	0	0.00000	0	PPH_226_225_225_36c.avi	17208	25.00000
PPH_36	1	0	0.00000	0	PPH_226_225_225_36d.avi	17208	25.00000
PPH_36	1	0	0.00000	0	PPH_226_225_225_36e.avi	17256	25.00000
PPH_36	1	0	0.00000	0	PPH_226_225_225_36f.avi	17256	25.00000
PPH_36	1	0	0.00000	0	PPH_226_225_225_36g.avi	887	25.00000
PPH_37	0	0	0.00000	0	PPH_278_279_278_37a.avi	17327	25.00000
PPH_37	0	0	0.00000	0	PPH_278_279_278_37b.avi	17148	25.00000
PPH_37	0	0	0.00000	0	PPH_278_279_278_37c.avi	17100	25.00000
PPH_37	0	0	0.00000	0	PPH_278_279_278_37d.avi	17100	25.00000
PPH_37	0	0	0.00000	0	PPH_278_279_278_37e.avi	17099	25.00000
PPH_37	0	0	0.00000	0	PPH_278_279_278_37f.avi	17100	25.00000
PPH_37	0	0	0.00000	0	PPH_278_279_278_37g.avi	4164	25.00000
PPH_37	1	0	0.00000	0	PPH_278_279_279_37a.avi	17375	25.00000
PPH_37	1	0	0.00000	0	PPH_278_279_279_37b.avi	17112	25.00000
PPH_37	1	0	0.00000	0	PPH_278_279_279_37c.avi	17100	25.00000
PPH_37	1	0	0.00000	0	PPH_278_279_279_37d.avi	17100	25.00000
PPH_37	1	0	0.00000	0	PPH_278_279_279_37e.avi	17100	25.00000
PPH_37	1	0	0.00000	0	PPH_278_279_279_37f.avi	17100	25.00000
PPH_37	1	0	0.00000	0	PPH_278_279_279_37g.avi	4704	25.00000
PPH_38	0	0	0.00000	0	PPH_180_179_179_38a.avi	17111	25.00000
PPH_38	0	0	0.00000	0	PPH_180_179_179_38b.avi	17063	25.00000
PPH_38	0	0	0.00000	0	PPH_180_179_179_38c.avi	17075	25.00000
PPH_38	0	0	0.00000	0	PPH_180_179_179_38d.avi	17062	25.00000
PPH_38	0	0	0.00000	0	PPH_180_179_179_38e.avi	17088	25.00000
PPH_38	0	0	0.00000	0	PPH_180_179_179_38f.avi	17087	25.00000
PPH_38	0	0	0.00000	0	PPH_180_179_179_38g.avi	6214	25.00000
PPH_39	0	0	0.00000	0	PPH_224_223_224_39a.avi	17375	25.00000
PPH_39	0	0	0.00000	0	PPH_224_223_224_39b.avi	17160	25.00000
PPH_39	0	0	0.00000	0	PPH_224_223_224_39c.avi	17148	25.00000
PPH_39	0	0	0.00000	0	PPH_224_223_224_39d.avi	17148	25.00000
PPH_39	0	0	0.00000	0	PPH_224_223_224_39e.avi	17160	25.00000
PPH_39	0	0	0.00000	0	PPH_224_223_224_39f.avi	14844	25.00000
PPH_39	1	0	0.00000	0	PPH_224_223_223_39a.avi	17267	25.00000
PPH_39	1	0	0.00000	0	PPH_224_223_223_39b.avi	17220	25.00000
PPH_39	1	0	0.00000	0	PPH_224_223_223_39c.avi	17124	25.00000
PPH_39	1	0	0.00000	0	PPH_224_223_223_39d.avi	17124	25.00000
PPH_39	1	0	0.00000	0	PPH_224_223_223_39e.avi	17136	25.00000
PPH_39	1	0	0.00000	0	PPH_224_223_223_39f.avi	15336	25.00000
PPH_40	0	0	0.00000	0	PPH_226_225_226_40a.avi	17243	25.00000
PPH_40	0	0	0.00000	0	PPH_226_225_226_40b.avi	17232	25.00000
PPH_40	0	0	0.00000	0	PPH_226_225_226_40c.avi	17136	25.00000
PPH_40	0	0	0.00000	0	PPH_226_225_226_40d.avi	17136	25.00000
PPH_40	0	0	0.00000	0	PPH_226_225_226_40e.avi	17148	25.00000
PPH_40	0	0	0.00000	0	PPH_226_225_226_40f.avi	13860	25.00000
PPH_40	1	0	0.00000	0	PPH_226_225_225_40a.avi	17267	25.00000
PPH_40	1	0	0.00000	0	PPH_226_225_225_40b.avi	17220	25.00000
PPH_40	1	0	0.00000	0	PPH_226_225_225_40c.avi	17160	25.00000
PPH_40	1	0	0.00000	0	PPH_226_225_225_40d.avi	17172	25.00000
PPH_40	1	0	0.00000	0	PPH_226_225_225_40e.avi	17172	25.00000
PPH_40	1	0	0.00000	0	PPH_226_225_225_40f.avi	14448	25.00000
PPH_41	0	0	0.00000	0	PPH_224_223_224_41a.avi	17147	25.00000
PPH_41	0	0	0.00000	0	PPH_224_223_224_41b.avi	17160	25.00000
PPH_41	0	0	0.00000	0	PPH_224_223_224_41c.avi	17256	25.00000
PPH_41	0	0	0.00000	0	PPH_224_223_224_41d.avi	17136	25.00000
PPH_41	0	0	0.00000	0	PPH_224_223_224_41e.avi	17148	25.00000
PPH_41	0	0	0.00000	0	PPH_224_223_224_41f.avi	14520	25.00000
PPH_41	1	0	0.00000	0	PPH_224_223_223_41a.avi	17099	25.00000
PPH_41	1	0	0.00000	0	PPH_224_223_223_41b.avi	17136	25.00000
PPH_41	1	0	0.00000	0	PPH_224_223_223_41c.avi	17208	25.00000
PPH_41	1	0	0.00000	0	PPH_224_223_223_41d.avi	17220	25.00000
PPH_41	1	0	0.00000	0	PPH_224_223_223_41e.avi	17124	25.00000
PPH_41	1	0	0.00000	0	PPH_224_223_223_41f.avi	13944	25.00000
PPH_42	0	0	0.00000	0	PPH_224_223_224_42a.avi	17219	25.00000
PPH_42	0	0	0.00000	0	PPH_224_223_224_42b.avi	17268	25.00000
PPH_42	0	0	0.00000	0	PPH_224_223_224_42c.avi	17124	25.00000
PPH_42	0	0	0.00000	0	PPH_224_223_224_42d.avi	17112	25.00000
PPH_42	0	0	0.00000	0	PPH_224_223_224_42e.avi	17124	25.00000
PPH_42	0	0	0.00000	0	PPH_224_223_224_42f.avi	17124	25.00000
PPH_42	0	0	0.00000	0	PPH_224_223_224_42g.avi	94	25.00000
PPH_42	1	0	0.00000	0	PPH_224_223_223_42a.avi	17171	25.00000
PPH_42	1	0	0.00000	0	PPH_224_223_223_42b.avi	17244	25.00000
PPH_42	1	0	0.00000	0	PPH_224_223_223_42c.avi	17172	25.00000
PPH_42	1	0	0.00000	0	PPH_224_223_223_42d.avi	17112	25.00000
PPH_42	1	0	0.00000	0	PPH_224_223_223_42e.avi	17112	25.00000
PPH_42	1	0	0.00000	0	PPH_224_223_223_42f.avi	17100	25.00000
PPH_42	1	0	0.00000	0	PPH_224_223_223_42g.avi	334	25.00000
PPH_43	0	0	0.00000	0	PPH_174_173_174_43a.avi	17339	25.00000
PPH_43	0	0	0.00000	0	PPH_174_173_174_43b.avi	17148	25.00000
PPH_43	0	0	0.00000	0	PPH_174_173_174_43c.avi	17100	25.00000
PPH_43	0	0	0.00000	0	PPH_174_173_174_43d.avi	17100	25.00000
PPH_43	0	0	0.00000	0	PPH_174_173_174_43e.avi	17088	25.00000
PPH_43	0	0	0.00000	0	PPH_174_173_174_43f.avi	17100	25.00000
PPH_43	0	0	0.00000	0	PPH_174_173_174_43g.avi	4392	25.00000
PPH_43	1	0	0.00000	0	PPH_174_173_173_43a.avi	17339	25.00000
PPH_43	1	0	0.00000	0	PPH_174_173_173_43b.avi	17148	25.00000
PPH_43	1	0	0.00000	0	PPH_174_173_173_43c.avi	17100	25.00000
PPH_43	1	0	0.00000	0	PPH_174_173_173_43d.avi	17088	25.00000
PPH_43	1	0	0.00000	0	PPH_174_173_173_43e.avi	17088	25.00000
PPH_43	1	0	0.00000	0	PPH_174_173_173_43f.avi	17100	25.00000
PPH_43	1	0	0.00000	0	PPH_174_173_173_43g.avi	4860	25.00000
PPH_44	0	0	0.00000	0	PPH_224_223_224_44a.avi	17267	25.00000
PPH_44	0	0	0.00000	0	PPH_224_223_224_44b.avi	17220	25.00000
PPH_44	0	0	0.00000	0	PPH_224_223_224_44c.avi	17112	25.00000
PPH_44	0	0	0.00000	0	PPH_224_223_224_44d.avi	17112	25.00000
PPH_44	0	0	0.00000	0	PPH_224_223_224_44e.avi	17112	25.00000
PPH_44	0	0	0.00000	0	PPH_224_223_224_44f.avi	17112	25.00000
PPH_44	0	0	0.00000	0	PPH_224_223_224_44g.avi	5064	25.00000
PPH_44	1	0	0.00000	0	PPH_224_223_223_44a.avi	17219	25.00000
PPH_44	1	0	0.00000	0	PPH_224_223_223_44b.avi	17220	25.00000
PPH_44	1	0	0.00000	0	PPH_224_223_223_44c.avi	17136	25.00000
PPH_44	1	0	0.00000	0	PPH_224_223_223_44d.avi	17100	25.00000
PPH_44	1	0	0.00000	0	PPH_224_223_223_44e.avi	17100	25.00000
PPH_44	1	0	0.00000	0	PPH_224_223_223_44f.avi	17100	25.00000
PPH_44	1	0	0.00000	0	PPH_224_223_223_44g.avi	4464	25.00000
PPH_45	0	0	0.00000	0	PPH_180_179_180_45a.avi	17363	25.00000
PPH_45	0	0	0.00000	0	PPH_180_179_180_45b.avi	17172	25.00000
PPH_45	0	0	0.00000	0	PPH_180_179_180_45c.avi	17160	25.00000
PPH_45	0	0	0.00000	0	PPH_180_179_180_45d.avi	17136	25.00000
PPH_45	0	0	0.00000	0	PPH_180_179_180_45e.avi	17136	25.00000
PPH_45	0	0	0.00000	0	PPH_180_179_180_45f.avi	17184	25.00000
PPH_45	0	0	0.00000	0	PPH_180_179_180_45g.avi	3072	25.00000
PPH_45	1	0	0.00000	0	PPH_180_179_179_45a.avi	17387	25.00000
PPH_45	1	0	0.00000	0	PPH_180_179_179_45b.avi	17148	25.00000
PPH_45	1	0	0.00000	0	PPH_180_179_179_45c.avi	17160	25.00000
PPH_45	1	0	0.00000	0	PPH_180_179_179_45d.avi	17148	25.00000
PPH_45	1	0	0.00000	0	PPH_180_179_179_45e.avi	17148	25.00000
PPH_45	1	0	0.00000	0	PPH_180_179_179_45f.avi	17184	25.00000
PPH_45	1	0	0.00000	0	PPH_180_179_179_45g.avi	2472	25.00000
PPH_45	1	0	0.00000	0	PPH_180_179_180_45a.avi	17363	25.00000
PPH_46	0	0	0.00000	0	PPH_226_225_226_46a.avi	17399	25.00000
PPH_46	0	0	0.00000	0	PPH_226_225_226_46b.avi	17196	25.00000
PPH_46	0	0	0.00000	0	PPH_226_225_226_46c.avi	17196	25.00000
PPH_46	0	0	0.00000	0	PPH_226_225_226_46d.avi	17160	25.00000
PPH_46	0	0	0.00000	0	PPH_226_225_226_46e.avi	17184	25.00000
PPH_46	0	0	0.00000	0	PPH_226_225_226_46f.avi	17208	25.00000
PPH_46	0	0	0.00000	0	PPH_226_225_226_46g.avi	3168	25.00000
PPH_46	1	0	0.00000	0	PPH_226_225_225_46a.avi	17411	25.00000
PPH_46	1	0	0.00000	0	PPH_226_225_225_46b.avi	17208	25.00000
PPH_46	1	0	0.00000	0	PPH_226_225_225_46c.avi	17208	25.00000
PPH_46	1	0	0.00000	0	PPH_226_225_225_46d.avi	17160	25.00000
PPH_46	1	0	0.00000	0	PPH_226_225_225_46e.avi	17184	25.00000
PPH_46	1	0	0.00000	0	PPH_226_225_225_46f.avi	17196	25.00000
PPH_46	1	0	0.00000	0	PPH_226_225_225_46g.avi	3036	25.00000
PPH_47	0	0	0.00000	0	PPH_174_173_174_47a.avi	17387	25.00000
PPH_47	0	0	0.00000	0	PPH_174_173_174_47b.avi	17160	25.00000
PPH_47	0	0	0.00000	0	PPH_174_173_174_47c.avi	17172	25.00000
PPH_47	0	0	0.00000	0	PPH_174_173_174_47d.avi	17172	25.00000
PPH_47	0	0	0.00000	0	PPH_174_173_174_47e.avi	17160	25.00000
PPH_47	0	0	0.00000	0	PPH_174_173_174_47f.avi	17172	25.00000
PPH_47	0	0	0.00000	0	PPH_174_173_174_47g.avi	2808	25.00000
PPH_47	1	0	0.00000	0	PPH_174_173_173_47a.avi	17351	25.00000
PPH_47	1	0	0.00000	0	PPH_174_173_173_47b.avi	17196	25.00000
PPH_47	1	0	0.00000	0	PPH_174_173_173_47c.avi	17184	25.00000
PPH_47	1	0	0.00000	0	PPH_174_173_173_47d.avi	17172	25.00000
PPH_47	1	0	0.00000	0	PPH_174_173_173_47e.avi	17172	25.00000
PPH_47	1	0	0.00000	0	PPH_174_173_173_47f.avi	17208	25.00000
PPH_47	1	0	0.00000	0	PPH_174_173_173_47g.avi	2076	25.00000
PPH_48	0	0	0.00000	0	PPH_278_279_278_48a.avi	17387	25.00000
PPH_48	0	0	0.00000	0	PPH_278_279_278_48b.avi	17100	25.00000
PPH_48	0	0	0.00000	0	PPH_278_279_278_48c.avi	17100	25.00000
PPH_48	0	0	0.00000	0	PPH_278_279_278_48d.avi	17100	25.00000
PPH_48	0	0	0.00000	0	PPH_278_279_278_48e.avi	17112	25.00000
PPH_48	0	0	0.00000	0	PPH_278_279_278_48f.avi	17112	25.00000
PPH_48	0	0	0.00000	0	PPH_278_279_278_48g.avi	1920	25.00000
PPH_48	1	0	0.00000	0	PPH_278_279_279_48a.avi	17363	25.00000
PPH_48	1	0	0.00000	0	PPH_278_279_279_48b.avi	17112	25.00000
PPH_48	1	0	0.00000	0	PPH_278_279_279_48c.avi	17100	25.00000
PPH_48	1	0	0.00000	0	PPH_278_279_279_48d.avi	17100	25.00000
PPH_48	1	0	0.00000	0	PPH_278_279_279_48e.avi	17100	25.00000
PPH_48	1	0	0.00000	0	PPH_278_279_279_48f.avi	17100	25.00000
PPH_48	1	0	0.00000	0	PPH_278_279_279_48g.avi	1920	25.00000
PPH_49	0	0	0.00000	0	PPH_178_177_178_49a.avi	17303	25.00000
PPH_49	0	0	0.00000	0	PPH_178_177_178_49b.avi	17184	25.00000
PPH_49	0	0	0.00000	0	PPH_178_177_178_49c.avi	17112	25.00000
PPH_49	0	0	0.00000	0	PPH_178_177_178_49d.avi	17099	25.00000
PPH_49	0	0	0.00000	0	PPH_178_177_178_49e.avi	17100	25.00000
PPH_49	0	0	0.00000	0	PPH_178_177_178_49f.avi	17100	25.00000
PPH_49	0	0	0.00000	0	PPH_178_177_178_49g.avi	432	25.00000
PPH_49	1	0	0.00000	0	PPH_178_177_177_49a.avi	17339	25.00000
PPH_49	1	0	0.00000	0	PPH_178_177_177_49b.avi	17160	25.00000
PPH_49	1	0	0.00000	0	PPH_178_177_177_49c.avi	17112	25.00000
PPH_49	1	0	0.00000	0	PPH_178_177_177_49d.avi	17100	25.00000
PPH_49	1	0	0.00000	0	PPH_178_177_177_49e.avi	17100	25.00000
PPH_49	1	0	0.00000	0	PPH_178_177_177_49f.avi	17100	25.00000
PPH_49	1	0	0.00000	0	PPH_178_177_177_49g.avi	203	25.00000
PPH_50	0	0	0.00000	0	PPH_178_177_178_50a.avi	17231	25.00000
PPH_50	0	0	0.00000	0	PPH_178_177_178_50b.avi	17220	25.00000
PPH_50	0	0	0.00000	0	PPH_178_177_178_50c.avi	17148	25.00000
PPH_50	0	0	0.00000	0	PPH_178_177_178_50d.avi	17136	25.00000
PPH_50	0	0	0.00000	0	PPH_178_177_178_50e.avi	17112	25.00000
PPH_50	0	0	0.00000	0	PPH_178_177_178_50f.avi	11568	25.00000
PPH_50	1	0	0.00000	0	PPH_178_177_177_50a.avi	17291	25.00000
PPH_50	1	0	0.00000	0	PPH_178_177_177_50b.avi	17196	25.00000
PPH_50	1	0	0.00000	0	PPH_178_177_177_50c.avi	17124	25.00000
PPH_50	1	0	0.00000	0	PPH_178_177_177_50d.avi	17124	25.00000
PPH_50	1	0	0.00000	0	PPH_178_177_177_50e.avi	17112	25.00000
PPH_50	1	0	0.00000	0	PPH_178_177_177_50f.avi	9420	25.00000
PPH_51	0	0	0.00000	0	PPH_278_279_278_51a.avi	17387	25.00000
PPH_51	0	0	0.00000	0	PPH_278_279_278_51b.avi	17088	25.00000
PPH_51	0	0	0.00000	0	PPH_278_279_278_51c.avi	17088	25.00000
PPH_51	0	0	0.00000	0	PPH_278_279_278_51d.avi	17088	25.00000
PPH_51	0	0	0.00000	0	PPH_278_279_278_51e.avi	17088	25.00000
PPH_51	0	0	0.00000	0	PPH_278_279_278_51f.avi	11076	25.00000
PPH_51	1	0	0.00000	0	PPH_278_279_279_51a.avi	17387	25.00000
PPH_51	1	0	0.00000	0	PPH_278_279_279_51b.avi	17088	25.00000
PPH_51	1	0	0.00000	0	PPH_278_279_279_51c.avi	17088	25.00000
PPH_51	1	0	0.00000	0	PPH_278_279_279_51d.avi	17088	25.00000
PPH_51	1	0	0.00000	0	PPH_278_279_279_51e.avi	17088	25.00000
PPH_51	1	0	0.00000	0	PPH_278_279_279_51f.avi	9108	25.00000
PPH_52	0	0	0.00000	0	PPH_174_173_174_52a.avi	17207	25.00000
PPH_52	0	0	0.00000	0	PPH_174_173_174_52b.avi	17220	25.00000
PPH_52	0	0	0.00000	0	PPH_174_173_174_52c.avi	17148	25.00000
PPH_52	0	0	0.00000	0	PPH_174_173_174_52d.avi	17112	25.00000
PPH_52	0	0	0.00000	0	PPH_174_173_174_52e.avi	17112	25.00000
PPH_52	0	0	0.00000	0	PPH_174_173_174_52f.avi	14316	25.00000
PPH_52	1	0	0.00000	0	PPH_174_173_173_52a.avi	17231	25.00000
PPH_52	1	0	0.00000	0	PPH_174_173_173_52b.avi	17232	25.00000
PPH_52	1	0	0.00000	0	PPH_174_173_173_52c.avi	17124	25.00000
PPH_52	1	0	0.00000	0	PPH_174_173_173_52d.avi	17124	25.00000
PPH_52	1	0	0.00000	0	PPH_174_173_173_52e.avi	17112	25.00000
PPH_52	1	0	0.00000	0	PPH_174_173_173_52f.avi	12408	25.00000
PPH_53	0	0	0.00000	0	PPH_180_179_180_53a.avi	17219	25.00000
PPH_53	0	0	0.00000	0	PPH_180_179_180_53b.avi	17208	25.00000
PPH_53	0	0	0.00000	0	PPH_180_179_180_53c.avi	17148	25.00000
PPH_53	0	0	0.00000	0	PPH_180_179_180_53d.avi	17112	25.00000
PPH_53	0	0	0.00000	0	PPH_180_179_180_53e.avi	17112	25.00000
PPH_53	0	0	0.00000	0	PPH_180_179_180_53f.avi	8460	25.00000
PPH_53	1	0	0.00000	0	PPH_180_179_179_53a.avi	17219	25.00000
PPH_53	1	0	0.00000	0	PPH_180_179_179_53b.avi	17220	25.00000
PPH_53	1	0	0.00000	0	PPH_180_179_179_53c.avi	17160	25.00000
PPH_53	1	0	0.00000	0	PPH_180_179_179_53d.avi	17136	25.00000
PPH_53	1	0	0.00000	0	PPH_180_179_179_53e.avi	17112	25.00000
PPH_53	1	0	0.00000	0	PPH_180_179_179_53f.avi	9576	25.00000
PPH_54	0	0	0.00000	0	PPH_226_225_226_54a.avi	17123	25.00000
PPH_54	0	0	0.00000	0	PPH_226_225_226_54b.avi	17112	25.00000
PPH_54	0	0	0.00000	0	PPH_226_225_226_54c.avi	17136	25.00000
PPH_54	0	0	0.00000	0	PPH_226_225_226_54d.avi	17148	25.00000
PPH_54	0	0	0.00000	0	PPH_226_225_226_54e.avi	17148	25.00000
PPH_54	0	0	0.00000	0	PPH_226_225_226_54f.avi	17100	25.00000
PPH_54	0	0	0.00000	0	PPH_226_225_226_54g.avi	10248	25.00000
PPH_54	1	0	0.00000	0	PPH_226_225_225_54a.avi	17171	25.00000
PPH_54	1	0	0.00000	0	PPH_226_225_225_54b.avi	17112	25.00000
PPH_54	1	0	0.00000	0	PPH_226_225_225_54c.avi	17160	25.00000
PPH_54	1	0	0.00000	0	PPH_226_225_225_54d.avi	17124	25.00000
PPH_54	1	0	0.00000	0	PPH_226_225_225_54e.avi	17124	25.00000
PPH_54	1	0	0.00000	0	PPH_226_225_225_54f.avi	17112	25.00000
PPH_54	1	0	0.00000	0	PPH_226_225_225_54g.avi	9072	25.00000
PPH_55	0	0	0.00000	0	PPH_180_179_180_55a.avi	17207	25.00000
PPH_55	0	0	0.00000	0	PPH_180_179_180_55b.avi	17244	25.00000
PPH_55	0	0	0.00000	0	PPH_180_179_180_55c.avi	17124	25.00000
PPH_55	0	0	0.00000	0	PPH_180_179_180_55d.avi	17112	25.00000
PPH_55	0	0	0.00000	0	PPH_180_179_180_55e.avi	17100	25.00000
PPH_55	0	0	0.00000	0	PPH_180_179_180_55f.avi	17112	25.00000
PPH_55	0	0	0.00000	0	PPH_180_179_180_55g.avi	10632	25.00000
PPH_55	1	0	0.00000	0	PPH_180_179_179_55a.avi	17219	25.00000
PPH_55	1	0	0.00000	0	PPH_180_179_179_55b.avi	17256	25.00000
PPH_55	1	0	0.00000	0	PPH_180_179_179_55c.avi	17112	25.00000
PPH_55	1	0	0.00000	0	PPH_180_179_179_55d.avi	17112	25.00000
PPH_55	1	0	0.00000	0	PPH_180_179_179_55e.avi	17112	25.00000
PPH_55	1	0	0.00000	0	PPH_180_179_179_55f.avi	17112	25.00000
PPH_55	1	0	0.00000	0	PPH_180_179_179_55g.avi	10620	25.00000
PPH_56	0	0	0.00000	0	PPH_278_279_278_56a.avi	17267	25.00000
PPH_56	0	0	0.00000	0	PPH_278_279_278_56b.avi	17208	25.00000
PPH_56	0	0	0.00000	0	PPH_278_279_278_56c.avi	17100	25.00000
PPH_56	0	0	0.00000	0	PPH_278_279_278_56d.avi	17100	25.00000
PPH_56	0	0	0.00000	0	PPH_278_279_278_56e.avi	17099	25.00000
PPH_56	0	0	0.00000	0	PPH_278_279_278_56f.avi	17100	25.00000
PPH_56	0	0	0.00000	0	PPH_278_279_278_56g.avi	10548	25.00000
PPH_56	1	0	0.00000	0	PPH_278_279_279_56a.avi	17315	25.00000
PPH_56	1	0	0.00000	0	PPH_278_279_279_56b.avi	17172	25.00000
PPH_56	1	0	0.00000	0	PPH_278_279_279_56c.avi	17112	25.00000
PPH_56	1	0	0.00000	0	PPH_278_279_279_56d.avi	17100	25.00000
PPH_56	1	0	0.00000	0	PPH_278_279_279_56e.avi	17100	25.00000
PPH_56	1	0	0.00000	0	PPH_278_279_279_56f.avi	17100	25.00000
PPH_56	1	0	0.00000	0	PPH_278_279_279_56g.avi	10524	25.00000
PPH_57	0	0	0.00000	0	PPH_178_177_178_57a.avi	17303	25.00000
PPH_57	0	0	0.00000	0	PPH_178_177_178_57b.avi	17208	25.00000
PPH_57	0	0	0.00000	0	PPH_178_177_178_57c.avi	17136	25.00000
PPH_57	0	0	0.00000	0	PPH_178_177_178_57d.avi	17148	25.00000
PPH_57	0	0	0.00000	0	PPH_178_177_178_57e.avi	17124	25.00000
PPH_57	0	0	0.00000	0	PPH_178_177_178_57f.avi	17124	25.00000
PPH_57	0	0	0.00000	0	PPH_178_177_178_57g.avi	767	25.00000
PPH_57	1	0	0.00000	0	PPH_178_177_177_57a.avi	17399	25.00000
PPH_57	1	0	0.00000	0	PPH_178_177_177_57b.avi	17196	25.00000
PPH_57	1	0	0.00000	0	PPH_178_177_177_57c.avi	17160	25.00000
PPH_57	1	0	0.00000	0	PPH_178_177_177_57d.avi	17184	25.00000
PPH_57	1	0	0.00000	0	PPH_178_177_177_57e.avi	17124	25.00000
PPH_57	1	0	0.00000	0	PPH_178_177_177_57f.avi	17148	25.00000
PPH_57	1	0	0.00000	0	PPH_178_177_177_57g.avi	430	25.00000
PPH_58	0	0	0.00000	0	PPH_180_179_180_58a.avi	17075	25.00000
PPH_58	0	0	0.00000	0	PPH_180_179_180_58b.avi	17015	25.00000
PPH_58	0	0	0.00000	0	PPH_180_179_180_58c.avi	17015	25.00000
PPH_58	0	0	0.00000	0	PPH_180_179_180_58d.avi	17015	25.00000
PPH_58	0	0	0.00000	0	PPH_180_179_180_58e.avi	17015	25.00000
PPH_58	0	0	0.00000	0	PPH_180_179_180_58f.avi	17015	25.00000
PPH_58	0	0	0.00000	0	PPH_180_179_180_58g.avi	2484	25.00000
PPH_58	1	0	0.00000	0	PPH_180_179_179_58a.avi	17063	25.00000
PPH_58	1	0	0.00000	0	PPH_180_179_179_58b.avi	17015	25.00000
PPH_58	1	0	0.00000	0	PPH_180_179_179_58c.avi	17014	25.00000
PPH_58	1	0	0.00000	0	PPH_180_179_179_58d.avi	17015	25.00000
PPH_58	1	0	0.00000	0	PPH_180_179_179_58e.avi	17015	25.00000
PPH_58	1	0	0.00000	0	PPH_180_179_179_58f.avi	17015	25.00000
PPH_58	1	0	0.00000	0	PPH_180_179_179_58g.avi	2124	25.00000
PPH_59	0	0	0.00000	0	PPH_178_177_178_59a.avi	17087	25.00000
PPH_59	0	0	0.00000	0	PPH_178_177_178_59b.avi	17015	25.00000
PPH_59	0	0	0.00000	0	PPH_178_177_178_59c.avi	17038	25.00000
PPH_59	0	0	0.00000	0	PPH_178_177_178_59d.avi	17099	25.00000
PPH_59	0	0	0.00000	0	PPH_178_177_178_59e.avi	17112	25.00000
PPH_59	0	0	0.00000	0	PPH_178_177_178_59f.avi	17148	25.00000
PPH_59	0	0	0.00000	0	PPH_178_177_178_59g.avi	17160	25.00000
PPH_59	0	0	0.00000	0	PPH_178_177_178_59h.avi	1067	25.00000
PPH_59	1	0	0.00000	0	PPH_178_177_177_59a.avi	17111	25.00000
PPH_59	1	0	0.00000	0	PPH_178_177_177_59b.avi	17027	25.00000
PPH_59	1	0	0.00000	0	PPH_178_177_177_59c.avi	17038	25.00000
PPH_59	1	0	0.00000	0	PPH_178_177_177_59d.avi	17110	25.00000
PPH_59	1	0	0.00000	0	PPH_178_177_177_59e.avi	17124	25.00000
PPH_59	1	0	0.00000	0	PPH_178_177_177_59f.avi	17172	25.00000
PPH_59	1	0	0.00000	0	PPH_178_177_177_59g.avi	8375	25.00000
PPH_61	0	0	0.00000	0	PPH_174_173_174_61a.avi	17291	25.00000
PPH_61	0	0	0.00000	0	PPH_174_173_174_61b.avi	17244	25.00000
PPH_61	0	0	0.00000	0	PPH_174_173_174_61c.avi	17148	25.00000
PPH_61	0	0	0.00000	0	PPH_174_173_174_61d.avi	17160	25.00000
PPH_61	0	0	0.00000	0	PPH_174_173_174_61e.avi	17160	25.00000
PPH_61	0	0	0.00000	0	PPH_174_173_174_61f.avi	17196	25.00000
PPH_61	0	0	0.00000	0	PPH_174_173_174_61g.avi	7956	25.00000
PPH_61	1	0	0.00000	0	PPH_174_173_173_61a.avi	17267	25.00000
PPH_61	1	0	0.00000	0	PPH_174_173_173_61b.avi	17244	25.00000
PPH_61	1	0	0.00000	0	PPH_174_173_173_61c.avi	17148	25.00000
PPH_61	1	0	0.00000	0	PPH_174_173_173_61d.avi	17148	25.00000
PPH_61	1	0	0.00000	0	PPH_174_173_173_61e.avi	17148	25.00000
PPH_61	1	0	0.00000	0	PPH_174_173_173_61f.avi	17148	25.00000
PPH_61	1	0	0.00000	0	PPH_174_173_173_61g.avi	7536	25.00000
