OpCode	ImagePtPair	Index	Lx	Ly	Rx	Ry
PPH_01	0	0	1031.52151	519.85075	1067.78594	497.68657
PPH_01	0	1	906.61070	443.28358	936.83106	421.11940
PPH_01	1	0	1452.59182	368.73134	1486.84155	334.47761
PPH_01	1	1	1299.47534	308.28358	1297.46065	272.01493
PPH_01	2	0	842.14061	548.05970	801.84680	517.83582
PPH_01	2	1	674.92130	521.86567	630.59811	481.56716
PPH_01	3	0	1277.31375	415.07463	1184.63799	380.82090
PPH_01	3	1	1474.75341	392.91045	1382.07765	356.64179
PPH_01	4	0	870.34627	529.92537	965.03673	505.74627
PPH_01	4	1	705.14166	519.85075	807.89087	493.65672
PPH_01	5	0	1627.86988	554.10448	1472.73872	525.89552
PPH_01	5	1	1895.82371	527.91045	1730.61910	499.70149
PPH_01	6	0	245.79224	405.00000	350.55614	380.82090
PPH_01	6	1	398.90871	503.73134	469.42288	473.50746
PPH_01	7	0	622.53935	455.37313	719.24449	437.23881
PPH_01	7	1	797.81742	475.52239	888.47849	451.34328
PPH_01	8	0	634.62749	775.74627	425.09969	713.28358
PPH_01	8	1	310.26233	660.89552	112.82267	592.38806
PPH_01	9	0	622.53935	358.65672	558.06925	332.46269
PPH_01	9	1	489.56978	203.50746	433.15845	189.40299
PPH_01	10	0	1357.90136	100.74627	1271.26967	46.34328
PPH_01	10	1	1474.75341	217.61194	1406.25393	169.25373
PPH_01	11	0	777.98951	34.25373	758.18888	15.11194
PPH_01	11	1	930.09864	38.28358	919.36411	16.11940
PPH_01	12	0	1428.41553	588.35821	1293.43127	568.20896
PPH_01	12	1	1613.76705	578.28358	1515.04722	562.16418
PPH_01	13	0	721.25918	656.86567	509.71668	612.53731
PPH_01	13	1	515.76076	574.25373	350.55614	525.89552
PPH_01	14	0	1001.30115	398.95522	1043.60965	372.76119
PPH_01	14	1	886.46380	364.70149	928.77230	338.50746
PPH_01	15	0	1057.71249	729.40299	944.88982	711.26866
PPH_01	15	1	1168.52046	743.50746	1057.71249	721.34328
PPH_01	16	0	944.88982	646.79104	1017.41868	616.56716
PPH_01	16	1	1035.55089	677.01493	1108.07975	654.85075
PPH_01	17	0	1130.24134	947.01493	866.31689	910.74627
PPH_01	17	1	961.00735	878.50746	745.43547	844.25373
PPH_01	18	0	410.99685	725.37313	346.52676	666.94030
PPH_01	18	1	958.99265	713.28358	932.80168	695.14925
PPH_01	19	0	259.89507	691.11940	163.18993	622.61194
PPH_01	19	1	535.90766	648.80597	449.27597	594.40299
PPH_01	20	0	1587.57608	771.71642	1210.82896	749.55224
PPH_01	20	1	1875.67681	727.38806	1472.73872	719.32836
PPH_01	21	0	963.02204	616.56716	870.34627	576.26866
PPH_01	21	1	1293.43127	489.62687	1243.06401	455.37313
PPH_01	22	0	1150.38825	447.31343	1184.63799	421.11940
PPH_01	22	1	1317.60756	419.10448	1367.97482	388.88060
PPH_01	23	0	312.27702	566.19403	334.43861	517.83582
PPH_01	23	1	979.13956	636.71642	954.96327	630.67164
PPH_01	24	0	801.84680	531.94030	952.94858	507.76119
PPH_01	24	1	1220.90241	540.00000	1390.13641	533.95522
PPH_01	25	0	175.27807	139.02985	203.48374	147.08955
PPH_01	25	1	392.86464	227.68657	374.73242	229.70149
PPH_01	26	0	66.48478	253.88060	10.07345	243.80597
PPH_01	26	1	340.48269	296.19403	163.18993	270.00000
PPH_01	27	0	1384.09234	390.89552	1019.43337	332.46269
PPH_01	27	1	1716.51626	356.64179	1440.50367	316.34328
PPH_01	28	0	308.24764	173.28358	255.86569	171.26866
PPH_01	28	1	596.34837	237.76119	511.73137	225.67164
PPH_01	29	0	840.12592	431.19403	815.94963	402.98507
PPH_01	29	1	1029.50682	493.65672	1023.46275	469.47761
PPH_01	30	0	975.11018	687.08955	687.00944	628.65672
PPH_01	30	1	1230.97587	580.29851	1023.46275	556.11940
PPH_01	31	0	1289.40189	787.83582	926.75761	753.58209
PPH_01	31	1	1646.00210	550.07463	1319.62225	515.82090
PPH_01	32	0	789.75866	274.02985	741.40609	253.88060
PPH_01	32	1	989.21301	346.56716	952.94858	318.35821
PPH_01	33	0	191.39559	733.43284	149.08709	658.88060
PPH_01	33	1	467.40818	697.16418	421.07030	636.71642
PPH_01	34	0	1029.50682	864.40299	757.52361	818.05970
PPH_01	34	1	787.74397	866.41791	543.96642	805.97015
PPH_01	35	0	1164.49108	979.25373	783.71459	928.88060
PPH_01	35	1	924.74292	1045.74627	453.30535	965.14925
PPH_01	36	0	1643.98741	546.04478	1430.43022	523.88060
PPH_01	36	1	1915.97062	542.01493	1734.64848	525.89552
PPH_01	37	0	1069.80063	473.50746	995.25708	441.26866
PPH_01	37	1	1613.76705	411.04478	1549.29696	376.79104
PPH_02	0	0	147.07240	507.76119	195.42497	517.83582
PPH_02	0	1	435.17314	579.09701	456.32739	581.00746
PPH_02	1	0	1712.48688	618.58209	1511.01784	628.65672
PPH_02	1	1	1448.56243	540.00000	1251.12277	554.10448
PPH_02	2	0	1136.28541	612.53731	1162.47639	624.62687
PPH_02	2	1	1025.47744	616.56716	1047.63903	624.62687
PPH_02	3	0	570.03253	442.03731	569.15005	455.20896
PPH_02	3	1	452.17314	386.62687	463.37880	409.87313
PPH_02	4	0	1216.87303	477.53731	1293.43127	479.55224
PPH_02	4	1	1791.05981	560.14925	1901.86779	578.28358
PPH_02	5	0	1206.79958	838.20896	938.84575	848.28358
PPH_02	5	1	241.76285	737.46269	110.80797	711.26866
PPH_02	6	0	481.51102	265.97015	481.51102	294.17910
PPH_02	6	1	308.24764	215.59701	332.42392	257.91045
PPH_02	7	0	682.98006	340.52239	709.17104	352.61194
PPH_02	7	1	465.39349	225.67164	515.76076	259.92537
PPH_02	8	0	594.33368	489.62687	600.37775	499.70149
PPH_02	8	1	352.57083	417.08955	380.77650	437.23881
PPH_02	9	0	1281.34313	513.80597	1241.04932	517.83582
PPH_02	9	1	1039.58027	459.40299	1023.46275	467.46269
PPH_02	10	0	1698.38405	654.85075	1609.73767	677.01493
PPH_02	10	1	1891.79433	630.67164	1877.69150	654.85075
PPH_03	0	0	388.83526	626.64179	257.88038	568.20896
PPH_03	0	1	588.28961	683.05970	404.95278	644.77612
PPH_03	1	0	344.51207	239.77612	332.42392	231.71642
PPH_03	1	1	541.95173	382.83582	509.71668	378.80597
PPH_03	2	0	94.69045	185.37313	82.60231	157.16418
PPH_03	2	1	334.43861	352.61194	257.88038	324.40299
PPH_03	3	0	1065.77125	537.98507	1136.28541	598.43284
PPH_03	3	1	918.69885	519.85075	983.16894	570.22388
PPH_03	4	0	280.04197	535.97015	276.01259	483.58209
PPH_03	4	1	84.61700	402.98507	112.82267	354.62687
PPH_03	5	0	626.56873	346.56716	269.96852	314.32836
PPH_03	5	1	348.54145	265.97015	52.38195	221.64179
PPH_03	6	0	1500.94439	687.08955	1394.16579	805.97015
PPH_03	6	1	1621.82581	727.38806	1529.15005	870.44776
PPH_03	7	0	1533.17943	590.37313	1365.96013	695.14925
PPH_03	7	1	1635.92865	610.52239	1509.00315	743.50746
PPH_03	8	0	723.27387	616.56716	646.71563	614.55224
PPH_03	8	1	963.02204	638.73134	878.40504	648.80597
PPH_03	9	0	1585.56139	602.46269	1434.45960	727.38806
PPH_03	9	1	1917.98531	622.61194	1760.83945	785.82090
PPH_03	10	0	999.28646	540.00000	963.02204	584.32836
PPH_03	10	1	1218.88772	546.04478	1186.65268	620.59701
PPH_03	11	0	1442.51836	407.01493	1476.76810	501.71642
PPH_03	11	1	1637.94334	505.74627	1676.22246	638.73134
PPH_03	12	0	1480.79748	715.29851	1488.85624	842.23881
PPH_03	12	1	1643.98741	743.50746	1680.25184	904.70149
PPH_03	13	0	874.37566	574.25373	660.81847	580.29851
PPH_03	13	1	1051.66842	622.61194	848.18468	652.83582
PPH_03	14	0	1054.70304	438.41791	1123.58552	496.39552
PPH_03	14	1	1309.56139	510.95522	1384.48793	607.21642
PPH_03	15	0	1583.54669	683.05970	1416.32739	803.95522
PPH_03	15	1	1734.64848	699.17910	1621.82581	838.20896
PPH_03	16	0	733.34732	114.85075	628.58342	130.97015
PPH_03	16	1	1085.91815	233.73134	981.15425	280.07463
PPH_03	17	0	699.09759	217.61194	564.11333	223.65672
PPH_03	17	1	997.27177	292.16418	834.08185	326.41791
PPH_03	18	0	676.93599	296.19403	554.03987	302.23881
PPH_03	18	1	975.11018	405.00000	828.03778	435.22388
PPH_03	19	0	944.88982	348.58209	838.11123	382.83582
PPH_03	19	1	1200.75551	499.70149	1081.88877	560.14925
PPH_03	20	0	1019.43337	334.47761	888.47849	364.70149
PPH_03	20	1	1198.74082	415.07463	1106.06506	481.56716
PPH_03	21	0	813.93494	429.17910	771.62644	451.34328
PPH_03	21	1	1053.68311	525.89552	993.24239	576.26866
PPH_03	22	0	942.87513	632.68657	900.56663	666.94030
PPH_03	22	1	1212.84365	642.76119	1178.59391	727.38806
PPH_03	23	0	308.24764	322.38806	211.54250	292.16418
PPH_03	23	1	610.45121	435.22388	396.89402	413.05970
PPH_03	24	0	46.33788	461.41791	16.11752	382.83582
PPH_03	24	1	398.90871	499.70149	265.93914	457.38806
PPH_03	25	0	666.86254	515.82090	525.83421	505.74627
PPH_03	25	1	973.09549	542.01493	838.11123	564.17910
PPH_03	26	0	1523.10598	590.37313	1230.97587	677.01493
PPH_03	26	1	1637.94334	707.23881	1430.43022	838.20896
PPH_03	27	0	616.49528	402.98507	519.79014	396.94030
PPH_03	27	1	958.99265	525.89552	876.39035	564.17910
PPH_04	0	0	554.03987	699.17910	433.15845	687.08955
PPH_04	0	1	374.73242	681.04478	304.21826	675.00000
PPH_04	1	0	1140.31480	685.07463	1144.34418	699.17910
PPH_04	1	1	1396.18048	614.55224	1456.62120	642.76119
PPH_04	2	0	1067.78594	610.52239	1045.62434	620.59701
PPH_04	2	1	856.24344	632.68657	807.89087	644.77612
PPH_04	3	0	934.81637	626.64179	819.97901	638.73134
PPH_04	3	1	729.31794	592.38806	620.52466	598.43284
PPH_04	4	0	255.86569	670.97015	167.21931	662.91045
PPH_04	4	1	82.60231	679.02985	30.22036	664.92537
PPH_04	5	0	312.27702	540.00000	195.42497	542.01493
PPH_04	5	1	102.74921	558.13433	4.02938	556.11940
PPH_04	6	0	703.12697	344.55224	545.98111	362.68657
PPH_04	6	1	479.49633	270.00000	302.20357	302.23881
PPH_04	7	0	1398.19517	362.68657	1432.44491	360.67164
PPH_04	7	1	1228.96118	400.97015	1259.18153	407.01493
PPH_04	8	0	1206.79958	810.00000	773.64113	812.01493
PPH_04	8	1	924.74292	828.13433	497.62854	822.08955
PPH_04	9	0	360.62959	463.43284	280.04197	481.56716
PPH_04	9	1	678.95068	582.31343	612.46590	590.37313
PPH_04	10	0	904.59601	540.00000	654.77440	544.02985
PPH_04	10	1	517.77545	521.86567	191.39559	537.98507
PPH_06	0	0	1198.74082	552.08955	781.69990	525.89552
PPH_06	0	1	1488.85624	606.49254	1029.50682	576.26866
PPH_06	1	0	1053.68311	400.97015	787.74397	388.88060
PPH_06	1	1	1259.18153	396.94030	985.18363	376.79104
PPH_06	2	0	1424.38615	352.61194	1079.87408	326.41791
PPH_06	2	1	1643.98741	356.64179	1374.01889	330.44776
PPH_06	3	0	388.83526	191.41791	243.77754	211.56716
PPH_06	3	1	139.01364	20.14925	64.47009	60.44776
PPH_06	4	0	1077.85939	552.08955	775.65582	546.04478
PPH_06	4	1	870.34627	483.58209	616.49528	467.46269
PPH_06	5	0	576.20147	336.49254	354.58552	336.49254
PPH_06	5	1	388.83526	360.67164	201.46905	362.68657
PPH_06	6	0	1182.62329	108.80597	1168.52046	106.79104
PPH_06	6	1	1243.06401	187.38806	1249.10808	181.34328
PPH_06	7	0	1132.25603	582.31343	729.31794	558.13433
PPH_06	7	1	1873.66212	483.58209	1694.35467	459.40299
PPH_06	8	0	1251.12277	417.08955	741.40609	394.92537
PPH_06	8	1	918.69885	949.02985	90.66107	884.55224
PPH_06	9	0	570.15740	155.14925	227.66002	153.13433
PPH_06	9	1	370.70304	251.86567	36.26443	249.85075
PPH_06	10	0	824.00839	499.70149	427.11438	477.53731
PPH_06	10	1	410.99685	348.58209	30.22036	328.43284
PPH_06	11	0	1128.22665	409.02985	564.11333	382.83582
PPH_06	11	1	608.43652	253.88060	16.11752	233.73134
PPH_07	0	0	509.71668	695.14925	413.01154	634.70149
PPH_07	0	1	634.62749	586.34328	515.76076	540.00000
PPH_07	1	0	1567.42917	749.55224	1414.31270	803.95522
PPH_07	1	1	1742.70724	636.71642	1643.98741	701.19403
PPH_07	2	0	1474.75341	604.47761	1408.26863	636.71642
PPH_07	2	1	1255.15215	628.65672	1188.66737	636.71642
PPH_07	3	0	1323.65163	957.08955	1019.43337	963.13433
PPH_07	3	1	1108.07975	1041.71642	797.81742	1041.71642
PPH_07	4	0	1320.73137	866.41791	1134.41343	888.58209
PPH_07	4	1	1143.43861	845.26119	998.42183	846.26866
PPH_07	5	0	769.62225	243.80597	938.93179	248.84328
PPH_07	5	1	674.93179	230.70896	849.27807	233.73134
PPH_07	6	0	1112.10913	282.08955	1182.62329	286.11940
PPH_07	6	1	1031.52151	280.07463	1091.96222	286.11940
PPH_07	7	0	1267.24029	844.25373	1196.72613	866.41791
PPH_07	7	1	672.90661	959.10448	640.67156	906.71642
PPH_07	8	0	1134.27072	370.74627	977.12487	360.67164
PPH_07	8	1	1325.66632	201.49254	1245.07870	203.50746
PPH_07	9	0	1081.88877	713.28358	646.71563	662.91045
PPH_07	9	1	749.46485	797.91045	384.80588	719.32836
PPH_07	10	0	1547.76705	492.05224	1514.34837	521.02985
PPH_07	10	1	1288.87933	504.14179	1210.13012	513.97761
PPH_07	11	0	928.77230	515.82090	803.86149	505.74627
PPH_07	11	1	809.90556	465.44776	670.89192	435.22388
PPH_07	12	0	826.02308	626.64179	616.49528	586.34328
PPH_07	12	1	614.48059	598.43284	421.07030	550.07463
PPH_07	13	0	858.25813	773.73134	429.12907	695.14925
PPH_07	13	1	483.52571	687.08955	66.48478	590.37313
PPH_07	14	0	769.61175	572.23881	751.47954	550.07463
PPH_07	14	1	1049.65373	556.11940	1011.37461	554.10448
PPH_07	15	0	1589.59077	392.91045	1704.42812	427.16418
PPH_07	15	1	1414.31270	471.49254	1474.75341	505.74627
PPH_07	16	0	1303.50472	930.89552	979.13956	942.98507
PPH_07	16	1	1652.04617	787.83582	1365.96013	830.14925
PPH_07	17	0	1019.43337	807.98507	648.73033	771.71642
PPH_07	17	1	691.03882	749.55224	288.10073	662.91045
PPH_07	18	0	276.01259	737.46269	112.82267	636.71642
PPH_07	18	1	715.21511	679.02985	471.43757	614.55224
PPH_07	19	0	674.92130	257.91045	755.50892	249.85075
PPH_07	19	1	439.20252	243.80597	545.98111	231.71642
PPH_07	20	0	1246.81322	400.25373	1204.43022	411.11194
PPH_07	20	1	1384.81952	322.67910	1343.44386	338.57463
PPH_07	21	0	1552.03882	366.00000	1554.98636	391.97015
PPH_07	21	1	1647.73662	327.71642	1683.92655	353.68657
PPH_07	22	0	791.77335	731.41791	427.11438	664.92537
PPH_07	22	1	394.87933	691.11940	50.36726	590.37313
PPH_08	0	0	1607.72298	828.13433	1335.73977	832.16418
PPH_08	0	1	1895.82371	757.61194	1601.67891	755.59701
PPH_08	1	0	1273.28437	648.80597	1005.33054	622.61194
PPH_08	1	1	1494.90031	630.67164	1230.97587	608.50746
PPH_08	2	0	910.64008	816.04478	759.53830	769.70149
PPH_08	2	1	1091.96222	818.05970	938.84575	791.86567
PPH_08	3	0	1106.53305	263.73134	1146.82791	240.24627
PPH_08	3	1	1258.64218	331.23134	1309.01049	303.71642
PPH_08	4	0	58.42602	695.14925	88.64638	626.64179
PPH_08	4	1	322.35047	693.13433	318.32109	634.70149
PPH_08	5	0	753.49423	685.07463	763.56768	648.80597
PPH_08	5	1	614.48059	642.76119	642.68625	602.46269
PPH_08	6	0	1255.15215	620.59701	1069.80063	594.40299
PPH_08	6	1	1462.66527	566.19403	1261.19622	533.95522
PPH_08	7	0	1641.97272	816.04478	1498.92970	830.14925
PPH_08	7	1	1831.35362	816.04478	1712.48688	836.19403
PPH_08	8	0	1750.76600	1031.64179	1434.45960	1053.80597
PPH_08	8	1	826.02308	787.83582	431.14376	715.29851
PPH_08	9	0	1003.31584	608.50746	924.74292	580.29851
PPH_08	9	1	739.39140	656.86567	680.96537	622.61194
PPH_08	10	0	602.39244	785.82090	4.02938	697.16418
PPH_08	10	1	1563.39979	576.26866	1126.21196	548.05970
PPH_08	11	0	1447.84785	600.13433	1430.43022	583.71642
PPH_08	11	1	1162.76915	536.66418	1140.31480	515.20896
PPH_08	12	0	1607.00839	700.88060	1526.12802	703.60448
PPH_08	12	1	1265.51836	735.13433	1164.49108	723.75373
PPH_08	13	0	342.49738	298.20896	394.87933	282.08955
PPH_08	13	1	497.62854	284.10448	519.79014	265.97015
PPH_08	14	0	58.42602	439.25373	22.16159	409.02985
PPH_08	14	1	1891.79433	580.29851	1855.52991	574.25373
PPH_08	15	0	668.87723	356.64179	646.71563	336.49254
PPH_08	15	1	862.28751	292.16418	852.21406	263.95522
PPH_08	16	0	900.56663	558.13433	870.34627	529.92537
PPH_08	16	1	1124.19727	519.85075	1073.83001	489.62687
PPH_08	17	0	1093.97692	290.14925	1126.21196	265.97015
PPH_08	17	1	1263.21091	280.07463	1301.49003	247.83582
PPH_09	0	0	1855.52991	753.58209	1813.22141	791.86567
PPH_09	0	1	463.37880	771.71642	376.74711	757.61194
PPH_09	1	0	606.42183	181.34328	628.58342	211.56716
PPH_09	1	1	797.81742	98.73134	805.87618	114.85075
PPH_09	2	0	350.55614	779.77612	237.73347	755.59701
PPH_09	2	1	691.03882	824.10448	572.17209	810.00000
PPH_09	3	0	632.61280	691.11940	699.09759	691.11940
PPH_09	3	1	1271.26967	656.86567	1293.43127	668.95522
PPH_09	4	0	1521.97901	947.01493	1386.10703	995.37313
PPH_09	4	1	864.18258	872.46269	785.72928	884.55224
PPH_09	5	0	1563.39979	912.76119	1126.21196	951.04478
PPH_09	5	1	1206.79958	838.20896	830.05247	844.25373
PPH_10	0	0	109.80063	653.15672	30.22036	574.25373
PPH_10	0	1	383.29486	647.11194	215.57188	586.59328
PPH_10	1	0	972.78069	597.55597	908.46065	601.83582
PPH_10	1	1	738.57293	606.11940	673.74921	588.23507
PPH_10	2	0	1085.50157	546.18657	1070.83526	561.79104
PPH_10	2	1	878.99580	532.58582	871.88458	533.07836
PPH_10	3	0	506.25918	762.63060	203.48374	694.09328
PPH_10	3	1	295.22036	784.79478	47.34523	695.10075
PPH_10	4	0	539.31060	675.55597	409.85100	630.01493
PPH_10	4	1	345.39664	617.62687	243.63903	564.52985
PPH_10	5	0	331.46485	405.05224	335.76285	375.05224
PPH_10	5	1	190.94019	408.57836	208.33368	370.01493
PPH_10	6	0	518.24134	842.51866	270.74816	771.97761
PPH_10	6	1	1068.99790	693.07463	892.74082	699.36940
PPH_10	7	0	898.38405	684.71269	817.82896	680.00746
PPH_10	7	1	738.21616	668.59328	676.80063	649.27985
PPH_10	8	0	661.07975	646.96269	583.42497	619.97015
PPH_10	8	1	508.59706	652.51866	450.45540	610.39925
PPH_10	9	0	966.68940	674.51866	896.69675	682.40672
PPH_10	9	1	840.26758	672.50373	768.76390	661.25000
PPH_11	0	0	1490.87093	687.08955	1386.10703	729.40299
PPH_11	0	1	1670.17838	689.10448	1579.51731	743.50746
PPH_11	1	0	1793.07450	215.59701	739.39140	153.13433
PPH_11	1	1	1009.35992	173.28358	2.01469	106.79104
PPH_11	2	0	320.33578	346.56716	215.57188	306.26866
PPH_11	2	1	515.76076	368.73134	394.87933	336.49254
PPH_11	3	0	253.85100	443.28358	112.82267	378.80597
PPH_11	3	1	507.70199	461.41791	384.80588	417.08955
PPH_11	4	0	1440.50367	564.17910	1245.07870	592.38806
PPH_11	4	1	1654.06086	574.25373	1426.40084	600.44776
PPH_11	5	0	1551.31165	672.98507	1535.19412	737.46269
PPH_11	5	1	1692.33998	646.79104	1698.38405	723.35821
PPH_11	6	0	298.17419	433.20896	171.24869	374.77612
PPH_11	6	1	110.80797	451.34328	18.13221	382.83582
PPH_11	7	0	413.01154	521.86567	400.92340	483.58209
PPH_11	7	1	229.67471	431.19403	253.85100	392.91045
PPH_11	8	0	834.08185	431.19403	713.20042	427.16418
PPH_11	8	1	650.74502	354.62687	578.21616	336.49254
PPH_11	9	0	1208.81427	286.11940	1237.01994	302.23881
PPH_11	9	1	1069.80063	280.07463	1091.96222	286.11940
PPH_11	10	0	1307.53410	372.76119	1208.81427	384.85075
PPH_11	10	1	1134.27072	352.61194	1045.62434	352.61194
PPH_11	11	0	1551.31165	306.26866	1523.10598	330.44776
PPH_11	11	1	1412.29801	296.19403	1349.84260	310.29851
PPH_11	12	0	286.08604	282.08955	302.20357	253.88060
PPH_11	12	1	126.92550	175.29851	163.18993	155.14925
PPH_11	13	0	1271.26967	590.37313	1132.25603	616.56716
PPH_11	13	1	739.39140	580.29851	556.05456	537.98507
PPH_11	14	0	545.98111	312.31343	380.77650	280.07463
PPH_11	14	1	390.84995	249.85075	221.61595	217.61194
PPH_11	15	0	793.78804	415.07463	699.09759	396.94030
PPH_11	15	1	920.71354	451.34328	830.05247	445.29851
PPH_11	16	0	1412.29801	542.01493	1128.22665	548.05970
PPH_11	16	1	1251.12277	497.68657	952.94858	487.61194
PPH_11	17	0	576.20147	455.37313	503.67261	425.14925
PPH_11	17	1	717.22980	457.38806	644.70094	433.20896
PPH_11	18	0	628.58342	280.07463	298.17419	243.80597
PPH_11	18	1	390.84995	126.94030	197.43966	96.71642
PPH_11	19	0	828.03778	475.52239	717.22980	453.35821
PPH_11	19	1	550.01049	407.01493	485.54040	378.80597
PPH_11	20	0	586.27492	237.76119	435.17314	215.59701
PPH_11	20	1	876.39035	272.01493	725.28856	257.91045
PPH_11	21	0	1591.60546	618.58209	1472.73872	664.92537
PPH_11	21	1	1770.91291	626.64179	1662.11962	681.04478
PPH_11	22	0	1523.10598	618.58209	1353.87198	654.85075
PPH_11	22	1	1728.60441	608.50746	1551.31165	662.91045
PPH_12	0	0	1126.21196	890.59701	775.65582	920.82090
PPH_12	0	1	872.36097	947.01493	527.84890	928.88060
PPH_12	1	0	1571.45855	570.22388	1430.43022	687.08955
PPH_12	1	1	1815.23610	636.71642	1656.07555	799.92537
PPH_12	2	0	1112.10913	265.97015	989.21301	308.28358
PPH_12	2	1	1021.44806	227.68657	896.53725	263.95522
PPH_12	3	0	1202.77020	775.74627	860.27282	814.02985
PPH_12	3	1	326.37985	856.34328	110.80797	755.59701
PPH_12	4	0	749.46485	378.80597	725.28856	394.92537
PPH_12	4	1	900.56663	366.71642	858.25813	402.98507
PPH_12	5	0	771.62644	453.35821	801.84680	477.53731
PPH_12	5	1	660.81847	465.44776	697.08290	479.55224
PPH_12	6	0	1128.37146	387.41045	1112.65897	444.89552
PPH_12	6	1	1284.50997	372.29851	1272.82686	444.89552
PPH_12	7	0	1335.53305	473.72388	1383.08499	567.76119
PPH_12	7	1	1516.85519	471.70896	1576.49528	583.88060
PPH_12	8	0	499.64323	675.00000	235.71878	614.55224
PPH_12	8	1	725.28856	719.32836	427.11438	689.10448
PPH_12	9	0	691.83316	490.45522	636.47324	497.96269
PPH_12	9	1	443.01889	620.41791	344.34313	584.60448
PPH_13	0	0	1498.92970	479.55224	1402.22455	495.67164
PPH_13	0	1	1224.93179	423.13433	1089.94753	415.07463
PPH_13	1	0	104.76390	485.59701	122.89612	411.04478
PPH_13	1	1	441.21721	437.23881	429.12907	400.97015
PPH_13	2	0	501.65792	378.80597	314.29171	336.49254
PPH_13	2	1	269.96852	312.31343	98.71983	257.91045
PPH_13	3	0	1891.79433	672.98507	1680.25184	735.44776
PPH_13	3	1	1666.14900	578.28358	1353.87198	592.38806
PPH_13	4	0	1073.83001	670.97015	999.28646	672.98507
PPH_13	4	1	928.77230	652.83582	870.34627	634.70149
PPH_13	5	0	894.52256	614.55224	300.18888	531.94030
PPH_13	5	1	1079.87408	441.26866	556.05456	380.82090
PPH_13	6	0	1265.22560	995.37313	531.87828	940.97015
PPH_13	6	1	1033.53620	1005.44776	344.51207	916.79104
PPH_13	7	0	787.74397	533.95522	207.51312	449.32836
PPH_13	7	1	1128.22665	592.38806	505.68730	529.92537
PPH_13	8	0	795.80273	453.35821	221.61595	380.82090
PPH_13	8	1	1106.06506	485.59701	564.11333	429.17910
PPH_13	9	0	1184.63799	447.31343	942.87513	431.19403
PPH_13	9	1	1414.31270	400.97015	1210.82896	394.92537
PPH_13	10	0	1652.04617	540.00000	1293.43127	548.05970
PPH_13	10	1	1819.26548	427.16418	1573.47324	439.25373
PPH_14	0	0	878.40504	723.35821	842.14061	751.56716
PPH_14	0	1	1055.69780	703.20896	1023.46275	755.59701
PPH_14	1	0	815.94963	910.74627	419.05561	862.38806
PPH_14	1	1	497.62854	995.37313	179.30745	902.68657
PPH_14	2	0	1196.72613	894.62687	926.75761	947.01493
PPH_14	2	1	1365.96013	838.20896	1124.19727	928.88060
PPH_14	3	0	809.90556	755.59701	707.15635	753.58209
PPH_14	3	1	747.45016	747.53731	640.67156	743.50746
PPH_14	4	0	435.17314	469.47761	431.14376	445.29851
PPH_14	4	1	308.24764	394.92537	336.45331	364.70149
PPH_14	5	0	1132.25603	963.13433	830.05247	995.37313
PPH_14	5	1	950.93389	947.01493	676.93599	951.04478
PPH_14	6	0	860.27282	914.77612	485.54040	884.55224
PPH_14	6	1	1017.41868	848.28358	678.95068	846.26866
PPH_14	7	0	1815.23610	620.59701	1664.13431	773.73134
PPH_14	7	1	1494.90031	624.62687	1353.87198	729.40299
PPH_14	8	0	1603.69360	531.94030	1515.04722	644.77612
PPH_14	8	1	1430.43022	548.05970	1341.78384	634.70149
PPH_14	9	0	1071.04092	831.15672	967.80588	882.53731
PPH_14	9	1	1175.80483	826.11940	1094.73137	900.67164
PPH_14	10	0	145.05771	193.43284	120.88143	171.26866
PPH_14	10	1	378.76180	163.20896	322.35047	151.11940
PPH_16	0	0	1226.94648	431.19403	1261.19622	423.13433
PPH_16	0	1	1001.30115	376.79104	1047.63903	376.79104
PPH_16	1	0	60.44071	413.05970	94.69045	411.04478
PPH_16	1	1	263.92445	469.47761	263.92445	477.53731
PPH_16	2	0	1198.74082	820.07463	952.94858	810.00000
PPH_16	2	1	1043.60965	785.82090	817.96432	771.71642
PPH_16	3	0	703.12697	594.40299	326.37985	570.22388
PPH_16	3	1	862.28751	554.10448	507.70199	525.89552
PPH_16	4	0	1917.98531	489.62687	1426.40084	449.32836
PPH_16	4	1	1557.35572	572.23881	1124.19727	546.04478
PPH_16	5	0	741.40609	439.25373	523.81952	423.13433
PPH_16	5	1	576.20147	225.67164	423.08499	237.76119
PPH_16	6	0	1492.88562	656.86567	1313.57817	648.80597
PPH_16	6	1	1168.52046	497.68657	1011.37461	489.62687
PPH_16	7	0	1865.60336	727.38806	1571.45855	711.26866
PPH_16	7	1	1674.20776	683.05970	1384.09234	668.95522
PPH_16	8	0	1464.67996	707.23881	1136.28541	679.02985
PPH_16	8	1	1688.31060	481.56716	1446.54774	465.44776
PPH_16	9	0	807.89087	648.80597	707.15635	634.70149
PPH_16	9	1	646.71563	600.44776	531.87828	582.31343
PPH_16	10	0	1204.78489	652.83582	898.55194	630.67164
PPH_16	10	1	1607.72298	765.67164	1226.94648	747.53731
PPH_16	11	0	501.65792	942.98507	56.41133	896.64179
PPH_16	11	1	676.93599	912.76119	294.14481	870.44776
PPH_16	12	0	1142.32949	705.22388	900.56663	689.10448
PPH_16	12	1	1277.31375	755.59701	1065.77125	755.59701
PPH_16	13	0	1412.29801	636.71642	1279.32844	630.67164
PPH_16	13	1	1597.64953	656.86567	1494.90031	662.91045
PPH_16	14	0	821.99370	342.53731	747.45016	332.46269
PPH_16	14	1	1100.02099	207.53731	1009.35992	193.43284
PPH_16	15	0	963.02204	737.46269	616.49528	713.28358
PPH_16	15	1	499.64323	421.11940	201.46905	407.01493
PPH_16	16	0	1730.61910	868.43284	1742.70724	892.61194
PPH_16	16	1	1879.70619	872.46269	1905.89717	898.65672
PPH_16	17	0	1120.16789	662.91045	1102.03568	660.89552
PPH_16	17	1	1468.70934	614.55224	1440.50367	610.52239
PPH_16	18	0	695.06821	763.65672	360.62959	727.38806
PPH_16	18	1	380.77650	818.05970	52.38195	779.77612
PPH_16	19	0	898.55194	322.38806	493.59916	312.31343
PPH_16	19	1	1083.90346	324.40299	703.12697	296.19403
PPH_16	20	0	1192.69675	497.68657	977.12487	485.59701
PPH_16	20	1	836.09654	475.52239	626.56873	459.40299
PPH_16	21	0	1513.03253	743.50746	920.71354	705.22388
PPH_16	21	1	1291.41658	741.49254	676.93599	705.22388
PPH_16	22	0	342.49738	352.61194	278.02728	358.65672
PPH_16	22	1	187.36621	310.29851	130.95488	316.34328
PPH_16	23	0	1372.00420	602.46269	1166.50577	590.37313
PPH_16	23	1	1247.09339	590.37313	1043.60965	576.26866
PPH_16	24	0	1253.13746	590.37313	938.84575	574.25373
PPH_16	24	1	1446.54774	681.04478	1126.21196	658.88060
PPH_16	25	0	1269.25498	638.73134	854.22875	612.53731
PPH_16	25	1	1462.66527	771.71642	1005.33054	751.56716
PPH_16	26	0	997.27177	485.59701	1011.37461	483.58209
PPH_16	26	1	1241.04932	453.35821	1259.18153	447.31343
PPH_19	0	0	1567.42917	427.16418	1543.25289	402.98507
PPH_19	0	1	1295.44596	405.00000	1265.22560	382.83582
PPH_19	1	0	890.49318	473.50746	799.83211	449.32836
PPH_19	1	1	1087.93284	443.28358	975.11018	415.07463
PPH_19	2	0	1218.88772	334.47761	1182.62329	318.35821
PPH_19	2	1	1434.45960	286.11940	1412.29801	253.88060
PPH_19	3	0	1162.47639	249.85075	1239.03463	219.62687
PPH_19	3	1	1321.63694	179.32836	1418.34208	145.07463
PPH_19	4	0	689.02413	568.20896	340.48269	517.83582
PPH_19	4	1	1003.31584	533.95522	630.59811	487.61194
PPH_19	5	0	1132.25603	382.83582	979.13956	356.64179
PPH_19	5	1	1436.47429	431.19403	1289.40189	409.02985
PPH_19	6	0	1531.16474	556.11940	1470.72403	537.98507
PPH_19	6	1	1378.04827	606.49254	1305.51941	586.34328
PPH_19	7	0	1668.16369	737.46269	1196.72613	729.40299
PPH_19	7	1	1889.77964	630.67164	1496.91501	618.58209
PPH_19	8	0	1239.03463	592.38806	1027.49213	572.23881
PPH_19	8	1	1382.07765	622.61194	1212.84365	604.47761
PPH_19	9	0	1003.31584	411.04478	942.87513	388.88060
PPH_19	9	1	1150.38825	429.17910	1089.94753	409.02985
PPH_19	10	0	1162.47639	405.00000	1104.05037	374.77612
PPH_19	10	1	1313.57817	396.94030	1273.28437	370.74627
PPH_19	11	0	924.74292	76.56716	733.34732	40.29851
PPH_19	11	1	600.37775	223.65672	451.29066	205.52239
PPH_19	12	0	731.33263	481.56716	580.23085	449.32836
PPH_19	12	1	598.36306	469.47761	455.32004	441.26866
PPH_19	13	0	1073.83001	296.19403	469.42288	241.79104
PPH_19	13	1	1301.49003	177.31343	713.20042	124.92537
PPH_19	14	0	777.67051	495.67164	632.61280	459.40299
PPH_19	14	1	946.90451	455.37313	813.93494	425.14925
PPH_19	15	0	1390.13641	439.25373	844.15530	390.89552
PPH_19	15	1	1787.03043	435.22388	1267.24029	376.79104
PPH_19	16	0	519.79014	213.58209	368.68835	195.44776
PPH_19	16	1	195.42497	290.14925	90.66107	270.00000
PPH_19	17	0	1551.31165	505.74627	1247.09339	471.49254
PPH_19	17	1	1903.88248	382.83582	1670.17838	346.56716
PPH_19	18	0	1740.69255	128.95522	1742.70724	70.52239
PPH_19	18	1	1551.31165	96.71642	1515.04722	20.14925
PPH_19	19	0	1313.57817	402.98507	1355.88667	378.80597
PPH_19	19	1	1446.54774	382.83582	1504.97377	358.65672
PPH_19	20	0	1009.35992	411.04478	779.68520	380.82090
PPH_19	20	1	1243.06401	517.83582	1015.40399	487.61194
PPH_19	21	0	1402.22455	342.53731	769.61175	280.07463
PPH_19	21	1	1813.22141	324.40299	1237.01994	265.97015
PPH_19	22	0	475.46695	852.31343	76.55824	761.64179
PPH_19	22	1	1581.53200	908.73134	1031.52151	894.62687
PPH_19	23	0	662.83316	521.86567	453.30535	477.53731
PPH_19	23	1	384.80588	604.47761	257.88038	554.10448
PPH_20	0	0	1085.91815	471.49254	1196.72613	471.49254
PPH_20	0	1	739.39140	419.10448	850.19937	425.14925
PPH_20	1	0	336.45331	310.29851	469.42288	320.37313
PPH_20	1	1	761.55299	396.94030	854.22875	396.94030
PPH_20	2	0	731.33263	741.49254	523.81952	711.26866
PPH_20	2	1	930.78699	759.62687	678.95068	739.47761
PPH_20	3	0	817.96432	598.43284	874.37566	590.37313
PPH_20	3	1	942.87513	677.01493	997.27177	679.02985
PPH_20	4	0	427.11438	743.50746	159.16055	705.22388
PPH_20	4	1	682.98006	703.20896	392.86464	679.02985
PPH_20	5	0	1355.88667	864.40299	1142.32949	840.22388
PPH_20	5	1	1087.93284	878.50746	840.12592	848.28358
PPH_20	6	0	406.96747	693.13433	205.49843	640.74627
PPH_20	6	1	554.03987	666.94030	354.58552	642.76119
PPH_20	7	0	1263.21091	511.79104	485.54040	463.43284
PPH_20	7	1	1750.76600	600.44776	1043.60965	562.16418
PPH_20	8	0	1281.34313	908.73134	930.78699	882.53731
PPH_20	8	1	832.06716	838.20896	602.39244	805.97015
PPH_20	9	0	126.92550	705.22388	318.32109	693.13433
PPH_20	9	1	417.04092	719.32836	568.14271	719.32836
PPH_20	10	0	398.90871	630.67164	419.05561	616.56716
PPH_20	10	1	124.91081	552.08955	179.30745	540.00000
PPH_20	11	0	560.08395	727.38806	693.05352	719.32836
PPH_20	11	1	739.39140	662.91045	852.21406	666.94030
PPH_20	12	0	12.08814	695.14925	199.45435	679.02985
PPH_20	12	1	302.20357	725.37313	437.18783	703.20896
PPH_20	13	0	1567.42917	765.67164	1523.10598	767.68657
PPH_20	13	1	1795.08919	832.16418	1764.86884	840.22388
PPH_20	14	0	1891.79433	773.73134	1877.69150	791.86567
PPH_20	14	1	1559.37041	709.25373	1549.29696	719.32836
PPH_20	15	0	453.30535	630.67164	453.30535	616.56716
PPH_20	15	1	803.86149	640.74627	745.43547	628.65672
PPH_20	16	0	1228.96118	630.67164	1168.52046	618.58209
PPH_20	16	1	910.64008	550.07463	894.52256	544.02985
PPH_20	17	0	1230.97587	771.71642	1126.21196	765.67164
PPH_20	17	1	753.49423	743.50746	721.25918	735.44776
PPH_20	18	0	1656.07555	654.85075	1678.23715	664.92537
PPH_20	18	1	1273.28437	644.77612	1275.29906	636.71642
PPH_21	0	0	1394.16579	227.68657	1363.94544	235.74627
PPH_21	0	1	1704.42812	185.37313	1720.54565	195.44776
PPH_21	1	0	824.00839	330.44776	664.84785	314.32836
PPH_21	1	1	973.09549	207.53731	811.92025	197.46269
PPH_21	2	0	18.13221	243.80597	78.57293	217.61194
PPH_21	2	1	217.58657	225.67164	235.71878	205.52239
PPH_21	3	0	1492.88562	997.38806	1170.53515	1035.67164
PPH_21	3	1	1696.36936	757.61194	1496.91501	830.14925
PPH_21	4	0	469.42288	423.13433	94.69045	368.73134
PPH_21	4	1	832.06716	558.13433	408.98216	509.77612
PPH_21	5	0	612.46590	296.19403	660.81847	288.13433
PPH_21	5	1	511.73137	274.02985	568.14271	265.97015
PPH_21	6	0	1210.82896	189.40299	991.22770	181.34328
PPH_21	6	1	971.08080	155.14925	811.92025	143.05970
PPH_21	7	0	562.09864	679.02985	92.67576	580.29851
PPH_21	7	1	801.84680	743.50746	340.48269	666.94030
PPH_21	8	0	1793.07450	14.10448	1811.20672	6.04478
PPH_21	8	1	1575.48793	14.10448	1565.41448	4.02985
PPH_21	9	0	1182.62329	278.05970	1299.47534	304.25373
PPH_21	9	1	1053.68311	290.14925	1164.49108	310.29851
PPH_21	10	0	1511.01784	197.46269	1378.04827	211.56716
PPH_21	10	1	1736.66317	74.55224	1664.13431	64.47761
PPH_21	11	0	1108.07975	322.38806	1057.71249	324.40299
PPH_21	11	1	1261.19622	259.92537	1239.03463	267.98507
PPH_21	12	0	334.43861	102.76119	356.60021	94.70149
PPH_21	12	1	60.44071	30.22388	151.10178	30.22388
PPH_21	13	0	1128.22665	370.74627	1067.78594	378.80597
PPH_21	13	1	983.16894	366.71642	932.80168	366.71642
PPH_21	14	0	1367.97482	461.41791	1003.31584	443.28358
PPH_21	14	1	1511.01784	368.73134	1204.78489	356.64179
PPH_22	0	0	668.72613	527.43284	671.06086	517.49254
PPH_22	0	1	505.53620	499.72761	538.59496	481.22388
PPH_22	1	0	529.72193	566.88806	377.78804	531.68284
PPH_22	1	1	358.97692	508.45522	234.24134	469.22015
PPH_22	2	0	607.33683	562.00000	572.82896	539.79104
PPH_22	2	1	769.51941	617.91418	707.81322	603.26119
PPH_22	3	0	187.86988	570.38433	231.23400	520.72388
PPH_22	3	1	367.68101	592.04478	364.20357	549.43657
PPH_22	4	0	913.19517	798.95522	672.36831	785.71642
PPH_22	4	1	581.27492	832.20149	352.53620	775.64179
PPH_22	5	0	1347.82791	1013.50746	725.28856	1027.61194
PPH_22	5	1	1738.67786	1017.53731	1192.69675	1071.94030
PPH_22	6	0	1141.73767	665.89925	878.71563	676.65672
PPH_22	6	1	1285.28437	558.60448	1051.47534	581.95522
PPH_22	7	0	700.66422	552.04104	503.72403	530.75000
PPH_22	7	1	893.57083	520.30597	698.64533	514.12687
PPH_22	8	0	1162.89087	576.70896	1009.04512	594.56343
PPH_22	8	1	1029.92130	592.32463	862.98006	595.57090
PPH_22	9	0	408.87198	803.95522	257.88038	732.61194
PPH_22	9	1	598.25289	845.26119	396.89402	785.00000
PPH_22	10	0	710.94334	192.42537	582.07660	191.41791
PPH_22	10	1	487.31270	155.14925	380.60756	152.12687
PPH_22	11	0	1369.98951	566.19403	1047.63903	594.40299
PPH_22	11	1	1019.43337	356.64179	719.24449	356.64179
PPH_22	12	0	1212.84365	648.80597	894.52256	660.89552
PPH_22	12	1	1430.43022	491.64179	1210.82896	517.83582
PPH_22	13	0	387.24134	754.66045	232.90661	689.88433
PPH_22	13	1	593.24344	703.78358	441.42707	662.68284
PPH_23	0	0	1287.38720	350.59701	501.65792	350.59701
PPH_23	0	1	1750.76600	104.77612	1077.85939	112.83582
PPH_23	1	0	419.05561	677.01493	80.58762	602.46269
PPH_23	1	1	684.99475	701.19403	296.15950	654.85075
PPH_23	2	0	1500.94439	314.32836	1361.93075	346.56716
PPH_23	2	1	1228.96118	354.62687	1087.93284	374.77612
PPH_23	3	0	1061.74187	477.53731	989.21301	485.59701
PPH_23	3	1	852.21406	513.80597	757.52361	511.79104
PPH_23	4	0	985.18363	350.59701	608.43652	346.56716
PPH_23	4	1	1359.91605	288.13433	991.22770	296.19403
PPH_23	5	0	1152.40294	102.76119	620.52466	114.85075
PPH_23	5	1	771.62644	137.01493	199.45435	135.00000
PPH_23	6	0	1597.64953	205.52239	1067.78594	217.61194
PPH_23	6	1	1821.28017	86.64179	1400.20986	102.76119
PPH_23	7	0	1053.68311	374.77612	916.68416	378.80597
PPH_23	7	1	1269.25498	372.76119	1160.46170	394.92537
PPH_23	8	0	1345.81322	378.80597	1321.63694	419.10448
PPH_23	8	1	1527.13536	431.19403	1539.22350	479.55224
PPH_23	9	0	967.05142	425.14925	971.08080	439.25373
PPH_23	9	1	799.83211	390.89552	809.90556	388.88060
PPH_25	0	0	1033.53620	535.97015	979.13956	513.80597
PPH_25	0	1	1335.73977	582.31343	1289.40189	596.41791
PPH_25	1	0	1257.16684	795.89552	830.05247	763.65672
PPH_25	1	1	1813.22141	779.77612	1523.10598	840.22388
PPH_25	2	0	1424.38615	836.19403	991.22770	838.20896
PPH_25	2	1	1833.36831	824.10448	1484.82686	866.41791
PPH_25	3	0	1760.83945	537.98507	1710.47219	584.32836
PPH_25	3	1	1519.07660	576.26866	1436.47429	598.43284
PPH_25	4	0	1617.79643	610.52239	1440.50367	644.77612
PPH_25	4	1	1895.82371	590.37313	1776.95698	646.79104
PPH_25	5	0	1182.62329	618.58209	922.72823	602.46269
PPH_25	5	1	1492.88562	548.05970	1301.49003	552.08955
PPH_25	6	0	1484.82686	675.00000	1023.46275	658.88060
PPH_25	6	1	1861.57398	816.04478	1357.90136	844.25373
PPH_25	7	0	1363.94544	445.13433	1277.75446	448.11194
PPH_25	7	1	1500.94439	436.06716	1400.65058	445.08955
PPH_26	0	0	1909.92655	527.91045	1565.41448	503.73134
PPH_26	0	1	1785.01574	546.04478	1382.07765	519.85075
PPH_26	1	0	852.21406	656.86567	775.65582	652.83582
PPH_26	1	1	715.21511	608.50746	638.65687	604.47761
PPH_26	2	0	1013.38930	685.07463	896.53725	681.04478
PPH_26	2	1	1160.46170	656.86567	1079.87408	652.83582
PPH_26	3	0	1073.83001	535.97015	918.69885	523.88060
PPH_26	3	1	979.13956	437.23881	789.75866	427.16418
PPH_26	4	0	1500.94439	552.08955	1452.59182	552.08955
PPH_26	4	1	1867.61805	548.05970	1811.20672	537.98507
PPH_26	5	0	642.68625	642.76119	223.63064	622.61194
PPH_26	5	1	467.40818	675.00000	26.19098	654.85075
PPH_26	6	0	805.87618	580.29851	840.12592	584.32836
PPH_26	6	1	1742.70724	417.08955	1778.97167	398.95522
PPH_26	7	0	1410.28332	664.92537	1188.66737	652.83582
PPH_26	7	1	1571.45855	632.68657	1333.72508	614.55224
PPH_26	8	0	308.24764	467.46269	413.01154	483.58209
PPH_26	8	1	38.27912	461.41791	201.46905	475.52239
PPH_26	9	0	1311.56348	390.89552	1204.78489	380.82090
PPH_26	9	1	934.81637	419.10448	826.02308	417.08955
PPH_26	10	0	1015.40399	356.64179	948.91920	362.68657
PPH_26	10	1	846.16999	282.08955	761.55299	286.11940
PPH_26	11	0	1126.21196	429.17910	932.80168	427.16418
PPH_26	11	1	1369.98951	419.10448	1152.40294	405.00000
PPH_26	12	0	1539.22350	413.05970	1486.84155	398.95522
PPH_26	12	1	1724.57503	318.35821	1656.07555	290.14925
PPH_26	13	0	1594.28751	607.24627	1314.29906	593.49627
PPH_26	13	1	1403.89927	608.25373	1147.58342	595.00746
PPH_28	0	0	1502.95908	711.26866	1446.54774	711.26866
PPH_28	0	1	1738.67786	670.97015	1726.58972	660.89552
PPH_28	1	0	402.93809	868.43284	233.70409	787.83582
PPH_28	1	1	1039.58027	606.49254	828.03778	568.20896
PPH_28	2	0	1323.65163	928.88060	1085.91815	922.83582
PPH_28	2	1	1857.54460	789.85075	1766.88353	812.01493
PPH_29	0	0	1668.16369	767.68657	1799.11857	793.88060
PPH_29	0	1	958.99265	638.73134	1100.02099	648.80597
PPH_29	1	0	1106.06506	721.34328	997.27177	711.26866
PPH_29	1	1	1239.03463	703.20896	1126.21196	699.17910
PPH_29	2	0	890.49318	642.76119	777.67051	630.67164
PPH_29	2	1	995.25708	505.74627	910.64008	501.71642
PPH_29	3	0	658.80378	455.37313	606.42183	449.32836
PPH_29	3	1	809.90556	443.28358	723.27387	441.26866
PPH_29	4	0	427.11438	421.11940	346.52676	421.11940
PPH_29	4	1	604.40714	407.01493	465.39349	407.01493
PPH_29	5	0	1120.16789	572.23881	946.90451	564.17910
PPH_29	5	1	1255.15215	618.58209	1102.03568	614.55224
PPH_29	6	0	1226.94648	687.08955	1063.75656	672.98507
PPH_29	6	1	1337.75446	612.53731	1224.93179	606.49254
PPH_29	7	0	1075.84470	826.11940	969.06611	814.02985
PPH_29	7	1	298.17419	715.29851	227.66002	683.05970
PPH_29	8	0	201.46905	489.62687	34.24974	483.58209
PPH_29	8	1	441.21721	469.47761	302.20357	467.46269
PPH_29	9	0	586.27492	640.74627	431.14376	634.70149
PPH_29	9	1	838.11123	717.31343	695.06821	709.25373
PPH_29	10	0	971.08080	725.37313	928.77230	717.31343
PPH_29	10	1	1265.22560	828.13433	1200.75551	840.22388
PPH_29	11	0	828.03778	610.52239	596.34837	596.41791
PPH_29	11	1	477.48164	368.73134	269.96852	370.74627
PPH_29	12	0	1003.31584	628.65672	803.86149	614.55224
PPH_29	12	1	767.59706	356.64179	558.06925	354.62687
PPH_29	13	0	1273.28437	455.37313	1051.66842	447.31343
PPH_29	13	1	971.08080	332.46269	693.05352	320.37313
PPH_29	14	0	1029.50682	479.55224	813.93494	467.46269
PPH_29	14	1	707.15635	316.34328	455.32004	310.29851
PPH_29	15	0	761.55299	284.10448	491.58447	272.01493
PPH_29	15	1	376.74711	66.49254	80.58762	80.59701
PPH_29	16	0	1539.22350	670.97015	1436.47429	670.97015
PPH_29	16	1	1243.06401	586.34328	1112.10913	568.20896
PPH_29	17	0	237.73347	709.25373	24.17629	679.02985
PPH_29	17	1	1023.46275	840.22388	838.11123	828.13433
PPH_29	18	0	515.76076	703.20896	183.33683	670.97015
PPH_29	18	1	799.83211	747.53731	541.95173	723.35821
PPH_29	19	0	1009.35992	614.55224	819.97901	602.46269
PPH_29	19	1	684.99475	489.62687	507.70199	481.56716
PPH_30	0	0	1639.95803	858.35821	1160.46170	882.53731
PPH_30	0	1	1452.59182	868.43284	850.19937	884.55224
PPH_30	1	0	1387.17209	897.64925	1397.88562	933.91791
PPH_30	1	1	1207.86464	893.61940	1205.48269	919.81343
PPH_30	2	0	1034.03358	699.17910	1091.57817	716.12687
PPH_30	2	1	1218.37775	676.00746	1289.01784	693.96269
PPH_30	3	0	969.06611	727.38806	1043.60965	733.43284
PPH_30	3	1	1110.09444	711.26866	1188.66737	731.41791
PPH_30	4	0	1303.50472	729.40299	1359.91605	739.47761
PPH_30	4	1	1492.88562	697.16418	1575.48793	721.34328
PPH_30	5	0	1253.13746	761.64179	1279.32844	779.77612
PPH_30	5	1	1148.37356	721.34328	1168.52046	729.40299
PPH_30	6	0	1319.62225	864.40299	1331.71039	890.59701
PPH_30	6	1	826.02308	787.83582	862.28751	783.80597
PPH_30	7	0	940.86044	572.23881	890.49318	586.34328
PPH_30	7	1	789.75866	527.91045	739.39140	533.95522
PPH_30	8	0	711.18573	876.49254	441.21721	860.37313
PPH_30	8	1	437.18783	934.92537	126.92550	902.68657
PPH_30	9	0	878.40504	828.13433	811.92025	830.14925
PPH_30	9	1	733.34732	779.77612	684.99475	775.74627
PPH_30	10	0	1780.70304	606.05597	1884.74292	626.19403
PPH_30	10	1	1495.62434	600.51493	1562.89612	618.63806
PPH_30	11	0	136.99895	642.76119	0.00000	636.71642
PPH_30	11	1	368.68835	745.52239	195.42497	723.35821
PPH_30	12	0	1285.35782	885.73134	1260.20357	906.79851
PPH_30	12	1	1117.63484	884.22015	1061.25289	906.79851
PPH_30	13	0	980.58552	884.69776	869.65897	894.75746
PPH_30	13	1	808.32949	850.94776	681.78909	843.37687
PPH_30	14	0	1344.50997	815.03731	1405.27492	844.30597
PPH_30	14	1	1186.35677	778.76866	1231.00420	805.01493
PPH_31	0	0	975.47534	918.35821	868.62539	917.92537
PPH_31	0	1	780.55404	929.44030	666.65268	899.79104
PPH_31	1	0	1322.80693	984.29104	1305.05666	1044.23507
PPH_31	1	1	1161.63169	965.14925	1141.36306	999.40299
PPH_31	2	0	955.13326	923.36194	931.40189	931.57090
PPH_31	2	1	736.53935	926.38433	704.74921	897.82090
PPH_31	3	0	815.29591	319.54104	462.92865	313.89552
PPH_31	3	1	1273.01259	282.90299	841.90241	290.53358
PPH_31	4	0	431.78909	999.40299	475.45750	931.90299
PPH_31	4	1	1314.70409	802.11194	1353.35467	854.39925
PPH_31	5	0	1912.44491	702.17164	1804.65897	803.47388
PPH_31	5	1	1631.89927	713.75746	1518.06925	786.85075
PPH_31	6	0	1449.63064	911.75373	1357.55719	980.26119
PPH_31	6	1	1268.30850	955.57836	1180.26443	999.40299
PPH_31	7	0	1451.63064	332.17910	906.47324	345.27239
PPH_31	7	1	1675.76495	263.67164	1256.30325	287.03731
PPH_32	0	0	1500.94439	737.46269	1434.45960	777.76119
PPH_32	0	1	1164.49108	731.41791	1098.00630	735.44776
PPH_32	1	0	1571.45855	435.22388	1511.01784	455.37313
PPH_32	1	1	1432.44491	429.17910	1357.90136	439.25373
PPH_34	0	0	870.34627	425.14925	850.19937	437.23881
PPH_34	0	1	1142.32949	497.68657	1075.84470	501.71642
PPH_34	1	0	487.55509	535.97015	358.61490	552.08955
PPH_34	1	1	286.08604	560.14925	171.24869	564.17910
PPH_34	2	0	1001.30115	479.55224	664.84785	491.64179
PPH_34	2	1	1188.66737	441.26866	908.62539	447.31343
PPH_34	3	0	368.68835	507.76119	165.20462	517.83582
PPH_34	3	1	120.88143	320.37313	26.19098	354.62687
PPH_34	4	0	1331.71039	70.52239	1025.47744	56.41791
PPH_34	4	1	991.22770	132.98507	767.59706	149.10448
PPH_34	5	0	1539.22350	328.43284	1180.60860	330.44776
PPH_34	5	1	1758.82476	272.01493	1424.38615	253.88060
PPH_34	6	0	870.34627	104.77612	844.15530	128.95522
PPH_34	6	1	767.59706	32.23881	755.50892	68.50746
PPH_34	7	0	1289.40189	42.31343	1134.27072	30.22388
PPH_34	7	1	1396.18048	52.38806	1275.29906	36.26866
PPH_34	8	0	1416.32739	443.28358	1305.51941	447.31343
PPH_34	8	1	1603.69360	439.25373	1551.31165	439.25373
PPH_34	9	0	515.76076	18.13433	332.42392	70.52239
PPH_34	9	1	805.87618	54.40299	612.46590	82.61194
PPH_34	10	0	1573.47324	183.35821	1545.26758	161.19403
PPH_34	10	1	1740.69255	205.52239	1748.75131	173.28358
PPH_34	11	0	1539.22350	586.34328	838.11123	590.37313
PPH_34	11	1	1911.94124	574.25373	1341.78384	580.29851
PPH_34	12	0	662.83316	294.17910	358.61490	348.58209
PPH_34	12	1	985.18363	193.43284	622.53935	211.56716
PPH_34	13	0	408.98216	435.22388	243.77754	453.35821
PPH_34	13	1	604.40714	364.70149	453.30535	380.82090
PPH_34	14	0	253.85100	880.52239	143.04302	844.25373
PPH_34	14	1	862.28751	773.73134	570.15740	749.55224
PPH_34	15	0	765.58237	932.91045	425.09969	922.83582
PPH_34	15	1	1357.90136	610.52239	1108.07975	612.53731
PPH_34	16	0	362.64428	423.13433	354.58552	449.32836
PPH_34	16	1	50.36726	425.14925	110.80797	445.29851
PPH_34	17	0	729.31794	515.82090	598.36306	535.97015
PPH_34	17	1	491.58447	578.28358	382.79119	582.31343
PPH_35	0	0	582.24554	62.46269	104.76390	54.40299
PPH_35	0	1	876.39035	68.50746	491.58447	72.53731
PPH_35	1	0	862.28751	197.46269	664.84785	193.43284
PPH_35	1	1	1114.12382	173.28358	961.00735	163.20896
PPH_36	0	0	261.90976	509.77612	348.54145	453.35821
PPH_36	0	1	497.62854	495.67164	550.01049	455.37313
PPH_36	1	0	1085.91815	683.05970	1033.53620	683.05970
PPH_36	1	1	171.24869	725.37313	161.17524	630.67164
PPH_36	2	0	1446.54774	588.35821	1422.37146	614.55224
PPH_36	2	1	1821.28017	620.59701	1811.20672	679.02985
PPH_36	3	0	455.32004	564.17910	406.96747	511.79104
PPH_36	3	1	114.83736	562.16418	92.67576	477.53731
PPH_36	4	0	930.78699	604.47761	821.99370	578.28358
PPH_36	4	1	745.43547	610.52239	616.49528	568.20896
PPH_36	5	0	731.33263	582.31343	707.15635	548.05970
PPH_36	5	1	543.96642	598.43284	547.99580	554.10448
PPH_36	6	0	1210.82896	882.53731	594.33368	818.05970
PPH_36	6	1	729.31794	858.35821	76.55824	729.40299
PPH_36	7	0	1059.72718	715.29851	840.12592	691.11940
PPH_36	7	1	840.12592	685.07463	622.53935	636.71642
PPH_36	8	0	594.33368	546.04478	370.70304	477.53731
PPH_36	8	1	308.24764	618.58209	104.76390	529.92537
PPH_36	9	0	423.08499	672.98507	386.82057	608.50746
PPH_36	9	1	163.18993	664.92537	159.16055	576.26866
PPH_36	10	0	1885.75026	672.98507	1718.53095	731.41791
PPH_36	10	1	699.09759	612.53731	578.21616	564.17910
PPH_36	11	0	1214.85834	1023.58209	368.68835	922.83582
PPH_36	11	1	626.56873	981.26866	6.04407	814.02985
PPH_36	12	0	251.83631	842.23881	145.05771	729.40299
PPH_36	12	1	453.30535	799.92537	328.39454	711.26866
PPH_36	13	0	1873.66212	443.28358	1815.23610	475.52239
PPH_36	13	1	1575.48793	451.34328	1484.82686	473.50746
PPH_36	14	0	973.09549	646.79104	898.55194	630.67164
PPH_36	14	1	709.17104	584.32836	672.90661	544.02985
PPH_36	15	0	481.51102	517.83582	380.77650	449.32836
PPH_36	15	1	139.01364	441.26866	66.48478	372.76119
PPH_37	0	0	761.55299	947.01493	523.81952	910.74627
PPH_37	0	1	1037.56558	1049.77612	757.52361	1029.62687
PPH_37	1	0	948.91920	775.74627	813.93494	779.77612
PPH_37	1	1	664.84785	779.77612	562.09864	753.58209
PPH_37	2	0	737.95173	495.75373	761.57608	500.09701
PPH_37	2	1	566.70304	485.67910	592.34208	489.01493
PPH_37	3	0	713.20042	749.55224	777.67051	739.47761
PPH_37	3	1	1400.20986	707.23881	1430.43022	717.31343
PPH_37	4	0	815.94963	562.16418	1003.31584	568.20896
PPH_37	4	1	223.63064	485.59701	477.48164	499.70149
PPH_37	5	0	1170.53515	803.95522	1152.40294	807.98507
PPH_37	5	1	507.70199	695.14925	505.68730	679.02985
PPH_37	6	0	1466.69465	1029.62687	987.19832	1009.47761
PPH_37	6	1	630.59811	983.28358	106.77859	928.88060
PPH_37	7	0	735.36201	791.86567	598.36306	773.73134
PPH_37	7	1	255.86569	723.35821	189.38090	705.22388
PPH_39	0	0	562.09864	580.29851	352.57083	537.98507
PPH_39	0	1	783.71459	548.05970	596.34837	537.98507
PPH_39	1	0	858.25813	618.58209	803.86149	644.77612
PPH_39	1	1	1214.85834	535.97015	1178.59391	600.44776
PPH_39	2	0	1398.19517	959.10448	787.74397	1007.46269
PPH_39	2	1	1029.50682	981.26866	497.62854	959.10448
PPH_39	3	0	1502.95908	687.08955	793.78804	729.40299
PPH_39	3	1	1899.85310	751.56716	1271.26967	870.44776
PPH_40	0	0	1420.35677	668.95522	918.69885	652.83582
PPH_40	0	1	1744.72193	616.56716	1309.54879	630.67164
PPH_40	1	0	1243.06401	662.91045	840.12592	638.73134
PPH_40	1	1	1696.36936	636.71642	1313.57817	638.73134
PPH_40	2	0	1517.06191	731.41791	1289.40189	773.73134
PPH_40	2	1	1827.32424	731.41791	1660.10493	801.94030
PPH_40	3	0	1478.78279	773.73134	1247.09339	805.97015
PPH_40	3	1	1831.35362	749.55224	1627.86988	805.97015
PPH_40	4	0	1363.94544	606.49254	1025.47744	600.44776
PPH_40	4	1	1754.79538	801.94030	1446.54774	846.26866
PPH_40	5	0	1342.61735	582.85874	1004.75693	577.45353
PPH_40	5	1	1562.41871	691.76208	1216.02718	703.92193
PPH_40	6	0	1597.64953	677.06716	1449.56978	713.82836
PPH_40	6	1	1836.39035	682.10448	1756.81007	746.06716
PPH_40	7	0	773.64113	793.88060	332.42392	709.25373
PPH_40	7	1	1525.12067	799.92537	1037.56558	803.95522
PPH_40	8	0	1065.77125	646.79104	890.49318	630.67164
PPH_40	8	1	1654.06086	612.53731	1557.35572	642.76119
PPH_40	9	0	1849.48583	620.59701	1857.54460	697.16418
PPH_40	9	1	1216.87303	542.01493	1150.38825	552.08955
PPH_40	10	0	1853.51522	642.76119	1839.41238	713.28358
PPH_40	10	1	1267.24029	552.08955	1208.81427	550.07463
PPH_40	11	0	1081.88877	598.43284	813.93494	580.29851
PPH_40	11	1	1295.44596	537.98507	1065.77125	531.94030
PPH_40	12	0	1327.68101	602.46269	1116.13851	604.47761
PPH_40	12	1	1504.97377	560.14925	1345.81322	574.25373
PPH_40	13	0	1500.94439	622.61194	1323.65163	642.76119
PPH_40	13	1	1619.81112	610.52239	1515.04722	654.85075
PPH_40	14	0	1672.19307	560.14925	1452.59182	586.34328
PPH_40	14	1	1903.88248	533.95522	1764.86884	574.25373
PPH_41	0	0	1142.32949	785.82090	965.03673	842.23881
PPH_41	0	1	1744.72193	749.55224	1635.92865	902.68657
PPH_41	1	0	290.11542	866.41791	58.42602	757.61194
PPH_41	1	1	995.25708	672.98507	793.78804	707.23881
PPH_41	2	0	975.11018	509.77612	918.69885	548.05970
PPH_41	2	1	1104.05037	517.83582	1039.58027	568.20896
PPH_41	3	0	1446.54774	515.82090	1271.26967	596.41791
PPH_41	3	1	1712.48688	501.71642	1539.22350	618.58209
PPH_41	4	0	1440.50367	348.58209	1184.63799	413.05970
PPH_41	4	1	1162.47639	342.53731	860.27282	368.73134
PPH_41	5	0	1722.56034	239.77612	1662.11962	330.44776
PPH_41	5	1	1525.12067	195.44776	1396.18048	261.94030
PPH_41	6	0	1525.12067	660.89552	1359.91605	765.67164
PPH_41	6	1	1772.92760	737.46269	1635.92865	892.61194
PPH_41	7	0	1436.47429	793.88060	1079.87408	868.43284
PPH_41	7	1	1718.53095	860.37313	1382.07765	997.38806
PPH_41	8	0	1283.35782	449.32836	1035.55089	505.74627
PPH_41	8	1	1488.85624	356.64179	1263.21091	429.17910
PPH_42	0	0	1204.78489	723.35821	1265.22560	814.02985
PPH_42	0	1	1077.85939	751.56716	1120.16789	818.05970
PPH_42	1	0	676.93599	989.32836	461.36411	947.01493
PPH_42	1	1	310.26233	1027.61194	120.88143	920.82090
PPH_42	2	0	775.65582	443.28358	912.65477	477.53731
PPH_42	2	1	922.72823	451.34328	1053.68311	497.68657
PPH_42	3	0	700.21616	576.87313	440.20986	553.23881
PPH_42	3	1	490.68835	571.83582	224.63799	517.97761
PPH_42	4	0	340.48269	642.76119	288.10073	580.29851
PPH_42	4	1	76.55824	537.98507	44.32319	457.38806
PPH_42	5	0	1345.81322	977.23881	1077.85939	1061.86567
PPH_42	5	1	1172.54984	951.04478	936.83106	1009.47761
PPH_42	6	0	1067.78594	938.95522	894.52256	989.32836
PPH_42	6	1	1239.03463	930.89552	1053.68311	997.38806
PPH_42	7	0	1106.06506	576.26866	697.08290	586.34328
PPH_42	7	1	741.40609	346.56716	278.02728	326.41791
PPH_42	8	0	975.11018	608.50746	703.12697	624.62687
PPH_42	8	1	676.93599	394.92537	483.52571	386.86567
PPH_42	9	0	1087.93284	296.19403	1273.28437	366.71642
PPH_42	9	1	950.93389	270.00000	1134.27072	328.43284
PPH_42	10	0	848.18468	525.89552	965.03673	566.19403
PPH_42	10	1	719.24449	453.35821	850.19937	477.53731
PPH_42	11	0	606.42183	793.88060	449.27597	761.64179
PPH_42	11	1	789.75866	715.29851	648.73033	709.25373
PPH_42	12	0	586.27492	971.19403	441.21721	922.83582
PPH_42	12	1	797.81742	981.26866	634.62749	977.23881
PPH_42	13	0	852.95383	841.23134	807.11647	858.35821
PPH_42	13	1	1420.08919	807.98507	1359.14166	930.89552
PPH_42	14	0	574.18678	636.71642	461.36411	616.56716
PPH_42	14	1	372.71773	513.80597	330.40923	475.52239
PPH_42	15	0	1531.16474	820.07463	1482.81217	947.01493
PPH_42	15	1	1004.96013	788.20149	968.30745	833.17164
PPH_42	16	0	940.86044	916.79104	846.16999	934.92537
PPH_42	16	1	385.81322	955.07463	296.15950	894.62687
PPH_42	17	0	1776.95698	902.68657	1502.95908	1059.85075
PPH_42	17	1	932.80168	1027.61194	592.31899	1019.55224
PPH_43	0	0	413.01154	553.59701	323.35782	515.17910
PPH_43	0	1	230.68206	563.67164	170.24134	511.14925
PPH_43	1	0	1604.70094	632.56716	1441.51102	693.63433
PPH_43	1	1	1854.52256	613.42537	1677.22980	696.65672
PPH_43	2	0	1089.94753	697.16418	993.24239	717.31343
PPH_43	2	1	668.87723	618.58209	638.65687	610.52239
PPH_43	3	0	920.71354	912.76119	485.54040	884.55224
PPH_43	3	1	1713.49423	885.55970	1183.33368	953.05970
PPH_43	4	0	723.27387	803.95522	455.32004	767.68657
PPH_43	4	1	350.55614	715.29851	120.88143	638.73134
PPH_43	5	0	926.75761	529.92537	699.09759	527.91045
PPH_43	5	1	1235.00525	487.61194	1033.53620	503.73134
PPH_43	6	0	1365.96013	908.73134	876.39035	938.95522
PPH_43	6	1	1845.45645	773.73134	1305.51941	844.25373
PPH_43	7	0	1323.65163	519.85075	924.74292	535.97015
PPH_43	7	1	1535.19412	548.05970	1249.10808	592.38806
PPH_43	8	0	213.55719	650.82090	179.30745	594.40299
PPH_43	8	1	503.67261	654.85075	443.23190	614.55224
PPH_43	9	0	954.96327	588.35821	628.58342	588.35821
PPH_43	9	1	703.12697	542.01493	298.17419	517.83582
PPH_43	10	0	1251.12277	640.74627	811.92025	656.86567
PPH_43	10	1	1668.16369	691.11940	1126.21196	737.46269
PPH_43	11	0	535.90766	570.22388	439.20252	544.02985
PPH_43	11	1	1448.56243	596.41791	1353.87198	646.79104
PPH_43	12	0	1329.69570	679.02985	1015.40399	703.20896
PPH_43	12	1	191.39559	747.53731	130.95488	666.94030
PPH_43	13	0	1122.18258	572.23881	809.90556	588.35821
PPH_43	13	1	791.77335	338.50746	584.26023	332.46269
PPH_43	14	0	1369.98951	485.59701	1214.85834	515.82090
PPH_43	14	1	1694.35467	481.56716	1494.90031	535.97015
PPH_43	15	0	1414.31270	910.74627	824.00839	934.92537
PPH_43	15	1	1017.41868	1001.41791	348.54145	953.05970
PPH_43	16	0	640.67156	155.14925	642.68625	161.19403
PPH_43	16	1	904.59601	175.29851	908.62539	189.40299
PPH_43	17	0	1015.40399	316.34328	1077.85939	330.44776
PPH_43	17	1	1261.19622	304.25373	1325.66632	324.40299
PPH_43	18	0	1176.57922	96.71642	1235.00525	114.85075
PPH_43	18	1	1396.18048	104.77612	1478.78279	122.91045
PPH_43	19	0	1301.49003	149.10448	1341.78384	167.23881
PPH_43	19	1	1581.53200	153.13433	1643.98741	187.38806
PPH_43	20	0	1059.72718	181.34328	1124.19727	195.44776
PPH_43	20	1	1269.25498	211.56716	1357.90136	233.73134
PPH_43	21	0	1087.93284	308.28358	1148.37356	324.40299
PPH_43	21	1	1315.59286	324.40299	1390.13641	360.67164
PPH_43	22	0	1226.94648	175.29851	1323.65163	197.46269
PPH_43	22	1	1450.57712	171.26866	1567.42917	193.43284
PPH_44	0	0	797.81742	427.16418	562.09864	423.13433
PPH_44	0	1	632.61280	439.25373	396.89402	417.08955
PPH_44	1	0	836.09654	503.73134	638.65687	505.74627
PPH_44	1	1	644.70094	529.92537	408.98216	507.76119
PPH_44	2	0	717.22980	560.14925	539.93704	544.02985
PPH_44	2	1	566.12802	620.59701	362.64428	596.41791
PPH_44	3	0	1142.32949	578.28358	892.50787	616.56716
PPH_44	3	1	989.21301	578.28358	733.34732	598.43284
PPH_44	4	0	376.74711	50.37313	243.77754	44.32836
PPH_44	4	1	197.43966	110.82090	100.73452	90.67164
PPH_44	5	0	580.23085	542.01493	445.24659	517.83582
PPH_44	5	1	948.91920	503.73134	741.40609	517.83582
PPH_44	6	0	487.55509	459.40299	483.52571	431.19403
PPH_44	6	1	1664.13431	221.64179	1631.89927	318.35821
PPH_44	7	0	1446.54774	46.34328	894.52256	78.58209
PPH_44	7	1	789.75866	205.52239	259.89507	187.38806
PPH_44	8	0	1595.63484	249.85075	1686.29591	358.65672
PPH_44	8	1	1402.22455	257.91045	1464.67996	348.58209
PPH_44	9	0	1239.03463	310.29851	1337.75446	388.88060
PPH_44	9	1	1061.74187	322.38806	1140.31480	380.82090
PPH_44	10	0	890.49318	302.23881	979.13956	342.53731
PPH_44	10	1	691.03882	292.16418	781.69990	324.40299
PPH_44	11	0	1335.73977	402.98507	809.90556	435.22388
PPH_44	11	1	1688.31060	445.29851	1134.27072	519.85075
PPH_44	12	0	92.67576	672.98507	20.14690	564.17910
PPH_44	12	1	284.07135	540.00000	211.54250	487.61194
PPH_44	13	0	1547.28227	318.35821	1438.48898	402.98507
PPH_44	13	1	1343.79853	237.76119	1222.91710	302.23881
PPH_44	14	0	1031.52151	294.17910	954.96327	338.50746
PPH_44	14	1	1226.94648	340.52239	1174.56453	407.01493
PPH_44	15	0	709.17104	267.98507	604.40714	278.05970
PPH_44	15	1	509.71668	376.79104	386.82057	362.68657
PPH_44	16	0	568.14271	638.73134	360.62959	602.46269
PPH_44	16	1	330.40923	664.92537	201.46905	596.41791
PPH_45	0	0	1168.52046	880.52239	824.00839	884.55224
PPH_45	0	1	1539.22350	922.83582	1095.99161	947.01493
PPH_45	1	0	1363.94544	892.61194	1178.59391	922.83582
PPH_45	1	1	1098.00630	910.74627	924.74292	912.76119
PPH_45	2	0	322.35047	1031.64179	155.13116	967.16418
PPH_45	2	1	509.71668	991.34328	348.54145	951.04478
PPH_45	3	0	1650.03148	626.64179	1603.69360	644.77612
PPH_45	3	1	1758.82476	616.56716	1744.72193	638.73134
PPH_45	4	0	1519.07660	544.02985	1301.49003	556.11940
PPH_45	4	1	1708.45750	515.82090	1537.20881	519.85075
PPH_45	5	0	1587.57608	691.11940	1573.47324	709.25373
PPH_45	5	1	1819.26548	687.08955	1827.32424	719.32836
PPH_45	6	0	1410.28332	529.92537	1083.90346	529.92537
PPH_45	6	1	1529.15005	564.17910	1263.21091	572.23881
PPH_45	7	0	1543.25289	606.49254	1218.88772	618.58209
PPH_45	7	1	1740.69255	618.58209	1424.38615	630.67164
PPH_45	8	0	1204.78489	666.94030	866.31689	670.97015
PPH_45	8	1	1380.06296	582.31343	1051.66842	590.37313
PPH_45	9	0	1287.38720	886.56716	1045.62434	900.67164
PPH_45	9	1	1410.28332	872.46269	1190.68206	892.61194
PPH_45	10	0	1752.78069	677.01493	1728.60441	703.20896
PPH_45	10	1	1869.63274	687.08955	1877.69150	721.34328
PPH_45	11	0	840.12592	739.47761	777.67051	739.47761
PPH_45	11	1	1047.63903	685.07463	1015.40399	705.22388
PPH_45	12	0	815.94963	936.94030	535.90766	920.82090
PPH_45	12	1	1053.68311	896.64179	852.21406	906.71642
PPH_45	13	0	1513.03253	668.95522	1525.12067	693.13433
PPH_45	13	1	1742.70724	672.98507	1799.11857	701.19403
PPH_45	14	0	1434.45960	830.14925	1321.63694	854.32836
PPH_45	14	1	1863.58867	759.62687	1843.44176	789.85075
PPH_46	0	0	1865.60336	312.31343	1496.91501	306.26866
PPH_46	0	1	1694.35467	286.11940	1343.79853	272.01493
PPH_46	1	0	1406.25393	441.26866	163.18993	334.47761
PPH_46	1	1	1845.45645	431.19403	604.40714	348.58209
PPH_46	2	0	1269.25498	368.73134	868.33158	338.50746
PPH_46	2	1	1430.43022	366.71642	1059.72718	356.64179
PPH_46	3	0	884.44911	485.59701	654.77440	447.31343
PPH_46	3	1	727.30325	493.65672	463.37880	439.25373
PPH_46	4	0	1154.41763	924.85075	834.08185	906.71642
PPH_46	4	1	886.46380	947.01493	511.73137	882.53731
PPH_46	5	0	1208.81427	824.10448	1053.68311	832.16418
PPH_46	5	1	1001.30115	757.61194	870.34627	741.49254
PPH_46	6	0	1559.37041	999.40299	1108.07975	1015.52239
PPH_46	6	1	1029.50682	1053.80597	481.51102	983.28358
PPH_46	7	0	366.67366	838.20896	215.57188	733.43284
PPH_46	7	1	961.00735	743.50746	842.14061	729.40299
PPH_46	8	0	999.57817	661.47015	930.73977	652.83582
PPH_46	8	1	1104.34208	652.40299	1042.55509	652.83582
PPH_47	0	0	1015.40399	1063.88060	82.60231	999.40299
PPH_47	0	1	1345.81322	991.34328	415.02623	967.16418
PPH_47	1	0	667.06401	991.34328	596.36936	949.66045
PPH_47	1	1	582.44701	963.63806	531.89927	913.89552
PPH_47	2	0	1127.92445	853.24254	1044.92550	878.00000
PPH_47	2	1	597.52361	880.42910	547.36621	835.34701
PPH_47	3	0	1468.78489	876.26493	1278.50892	934.92537
PPH_47	3	1	1231.05142	948.80224	1045.30850	979.25373
PPH_47	4	0	861.30325	913.06716	753.00210	897.77612
PPH_47	4	1	688.54355	960.41791	591.32319	921.95522
PPH_48	0	0	1200.75551	805.97015	1259.18153	818.05970
PPH_48	0	1	104.76390	828.13433	227.66002	785.82090
PPH_48	1	0	1009.35992	675.00000	838.11123	660.89552
PPH_48	1	1	1152.40294	600.44776	1007.34523	594.40299
PPH_48	2	0	120.88143	612.53731	255.86569	612.53731
PPH_48	2	1	243.77754	616.56716	360.62959	614.55224
PPH_48	3	0	560.08395	540.00000	566.12802	542.01493
PPH_48	3	1	457.33473	574.25373	489.56978	570.22388
PPH_48	4	0	1090.13641	777.78358	1120.01889	784.30597
PPH_48	4	1	1185.83421	797.93284	1225.79014	805.46269
PPH_48	5	0	934.81637	695.14925	886.46380	697.16418
PPH_48	5	1	789.75866	689.10448	757.52361	695.14925
PPH_48	6	0	1037.56558	765.67164	1085.91815	771.71642
PPH_48	6	1	1150.38825	777.76119	1204.78489	785.82090
PPH_48	7	0	1041.59496	1007.46269	1041.59496	1011.49254
PPH_48	7	1	912.65477	991.34328	928.77230	987.31343
PPH_48	8	0	874.37566	898.65672	1041.59496	886.56716
PPH_48	8	1	326.37985	1017.53731	487.55509	1009.47761
PPH_49	0	0	1327.68101	503.73134	1247.09339	477.53731
PPH_49	0	1	1525.12067	574.25373	1464.67996	564.17910
PPH_49	1	0	1168.52046	433.20896	1206.79958	415.07463
PPH_49	1	1	1343.79853	405.00000	1390.13641	384.85075
PPH_49	2	0	1567.42917	550.07463	1434.45960	523.88060
PPH_49	2	1	1770.91291	580.29851	1629.88458	576.26866
PPH_49	3	0	394.87933	447.31343	300.18888	402.98507
PPH_49	3	1	70.51417	376.79104	48.35257	348.58209
PPH_49	4	0	1410.28332	183.35821	1492.88562	143.05970
PPH_49	4	1	1226.94648	145.07463	1293.43127	102.76119
PPH_49	5	0	1529.15005	409.02985	1444.53305	378.80597
PPH_49	5	1	1325.66632	392.91045	1235.00525	366.71642
PPH_49	6	0	1245.07870	578.28358	672.90661	521.86567
PPH_49	6	1	705.14166	519.85075	122.89612	463.43284
PPH_49	7	0	1138.30010	822.08955	872.36097	791.86567
PPH_49	7	1	1418.34208	662.91045	1166.50577	644.77612
PPH_49	8	0	1903.88248	588.35821	1744.72193	574.25373
PPH_49	8	1	1537.20881	568.20896	1303.50472	540.00000
PPH_49	9	0	463.37880	745.52239	116.85205	664.92537
PPH_49	9	1	813.93494	858.35821	332.42392	753.58209
PPH_49	10	0	1005.33054	910.74627	384.80588	830.14925
PPH_49	10	1	1285.37251	884.55224	777.67051	838.20896
PPH_49	11	0	977.12487	316.34328	769.61175	290.14925
PPH_49	11	1	1239.03463	302.23881	995.25708	261.94030
PPH_49	12	0	376.74711	616.56716	229.67471	558.13433
PPH_49	12	1	527.84890	570.22388	392.86464	523.88060
PPH_49	13	0	1416.32739	862.38806	908.62539	826.11940
PPH_49	13	1	1688.31060	771.71642	1285.37251	755.59701
PPH_49	14	0	813.93494	656.86567	298.17419	584.32836
PPH_49	14	1	1019.43337	542.01493	572.17209	493.65672
PPH_49	15	0	1714.50157	761.64179	1585.56139	769.70149
PPH_49	15	1	1881.72088	753.58209	1825.30955	781.79104
PPH_49	16	0	1635.92865	407.01493	1384.09234	370.74627
PPH_49	16	1	1915.97062	394.92537	1676.22246	352.61194
PPH_49	17	0	591.82896	538.47015	560.95488	497.65672
PPH_49	17	1	1177.09654	632.16418	1094.84785	608.47761
PPH_49	18	0	1128.22665	429.17910	58.42602	346.56716
PPH_49	18	1	1563.39979	372.76119	668.87723	300.22388
PPH_49	19	0	1629.88458	533.95522	1517.06191	509.77612
PPH_49	19	1	1897.83841	445.29851	1815.23610	417.08955
PPH_49	20	0	1359.91605	531.94030	989.21301	491.64179
PPH_49	20	1	1531.16474	612.53731	1299.47534	600.44776
PPH_49	21	0	1011.37461	767.68657	699.09759	721.34328
PPH_49	21	1	789.75866	554.10448	429.12907	499.70149
PPH_49	22	0	1300.03987	703.11940	1097.42183	648.31343
PPH_49	22	1	1028.05666	598.34328	886.88667	565.70149
PPH_49	23	0	1357.90136	455.37313	1311.56348	433.20896
PPH_49	23	1	1571.45855	523.88060	1519.07660	509.77612
PPH_49	24	0	493.59916	374.77612	203.48374	342.53731
PPH_49	24	1	777.67051	471.49254	539.93704	435.22388
PPH_49	25	0	482.51836	282.84328	544.97377	267.98507
PPH_49	25	1	250.82896	330.19403	348.54145	309.29104
PPH_49	26	0	1473.80378	502.47015	1367.81007	482.14179
PPH_49	26	1	1151.45331	481.31343	1083.73872	454.94030
PPH_49	27	0	777.67051	505.74627	783.71459	477.53731
PPH_49	27	1	1093.97692	566.19403	1116.13851	552.08955
PPH_49	28	0	1190.68206	537.98507	1190.68206	519.85075
PPH_49	28	1	477.48164	296.19403	556.05456	278.05970
PPH_50	0	0	838.11123	602.46269	759.53830	566.19403
PPH_50	0	1	751.47954	542.01493	662.83316	503.73134
PPH_50	1	0	1571.45855	747.53731	1436.47429	747.53731
PPH_50	1	1	1871.64743	763.65672	1780.98636	783.80597
PPH_50	2	0	1077.85939	1057.83582	896.53725	1023.58209
PPH_50	2	1	904.59601	1045.74627	747.45016	993.35821
PPH_50	3	0	576.20147	1023.58209	574.18678	963.13433
PPH_50	3	1	163.18993	699.17910	267.95383	644.77612
PPH_50	4	0	1476.76810	779.77612	1275.29906	771.71642
PPH_50	4	1	1674.20776	824.10448	1474.75341	832.16418
PPH_50	5	0	1591.60546	977.23881	1585.56139	1005.44776
PPH_50	5	1	1787.03043	1005.44776	1803.14795	1061.86567
PPH_50	6	0	1172.54984	1063.88060	1007.34523	1045.74627
PPH_50	6	1	989.21301	886.56716	840.12592	854.32836
PPH_50	7	0	910.64008	602.46269	689.02413	558.13433
PPH_50	7	1	1255.15215	701.19403	956.97796	656.86567
PPH_50	8	0	588.28961	1053.80597	441.21721	979.25373
PPH_50	8	1	340.48269	914.77612	239.74816	834.17910
PPH_50	9	0	497.62854	501.71642	338.46800	451.34328
PPH_50	9	1	819.97901	622.61194	678.95068	574.25373
PPH_50	10	0	632.61280	767.68657	314.29171	693.13433
PPH_50	10	1	451.29066	683.05970	106.77859	606.49254
PPH_50	11	0	938.84575	1003.43284	908.62539	975.22388
PPH_50	11	1	779.68520	920.82090	755.50892	878.50746
PPH_50	12	0	1418.34208	527.91045	1374.01889	499.70149
PPH_50	12	1	1720.54565	626.64179	1694.35467	632.68657
PPH_50	13	0	1444.53305	874.47761	781.69990	826.11940
PPH_50	13	1	558.06925	652.83582	56.41133	578.28358
PPH_51	0	0	511.73137	699.17910	237.73347	668.95522
PPH_51	0	1	278.02728	681.04478	6.04407	650.82090
PPH_51	1	0	840.12592	759.62687	578.21616	739.47761
PPH_51	1	1	570.15740	616.56716	338.46800	622.61194
PPH_51	2	0	552.02518	384.85075	449.27597	390.89552
PPH_51	2	1	747.45016	366.71642	580.23085	372.76119
PPH_51	3	0	457.33473	342.53731	304.21826	348.58209
PPH_51	3	1	652.75971	276.04478	423.08499	280.07463
PPH_51	4	0	485.54040	689.10448	225.64533	666.94030
PPH_51	4	1	205.49843	638.73134	38.27912	622.61194
PPH_51	5	0	1021.44806	747.53731	594.33368	721.34328
PPH_51	5	1	1509.00315	711.26866	888.47849	681.04478
PPH_51	6	0	1029.50682	411.04478	838.11123	400.97015
PPH_51	6	1	809.90556	451.34328	670.89192	445.29851
PPH_51	7	0	1382.07765	253.88060	803.86149	227.68657
PPH_51	7	1	1885.75026	139.02985	1319.62225	96.71642
PPH_51	8	0	739.39140	451.34328	594.33368	451.34328
PPH_51	8	1	406.96747	451.34328	221.61595	451.34328
PPH_51	9	0	1873.66212	630.67164	1237.01994	610.52239
PPH_51	9	1	880.41973	572.23881	384.80588	537.98507
PPH_51	10	0	259.89507	128.95522	12.08814	147.08955
PPH_51	10	1	654.77440	80.59701	376.74711	92.68657
PPH_51	11	0	755.50892	709.25373	459.34942	677.01493
PPH_51	11	1	537.92235	487.61194	187.36621	473.50746
PPH_51	12	0	646.71563	546.04478	419.05561	533.95522
PPH_51	12	1	338.46800	435.22388	106.77859	429.17910
PPH_51	13	0	517.77545	644.77612	501.65792	632.68657
PPH_51	13	1	344.51207	628.65672	358.61490	632.68657
PPH_51	14	0	241.76285	668.95522	249.82162	648.80597
PPH_51	14	1	431.14376	701.19403	425.09969	693.13433
PPH_51	15	0	535.90766	552.08955	453.30535	556.11940
PPH_51	15	1	735.36201	544.02985	656.78909	542.01493
PPH_51	16	0	306.23295	427.16418	88.64638	421.11940
PPH_51	16	1	572.17209	493.65672	394.87933	493.65672
PPH_51	17	0	398.90871	542.01493	169.23400	531.94030
PPH_51	17	1	652.75971	552.08955	425.09969	540.00000
PPH_51	18	0	479.49633	382.83582	273.99790	374.77612
PPH_51	18	1	652.75971	433.20896	425.09969	441.26866
PPH_52	0	0	225.14166	628.54851	225.64533	575.11194
PPH_52	0	1	102.74921	636.60821	122.89612	565.03731
PPH_52	1	0	1545.26758	754.39552	1453.79224	827.92537
PPH_52	1	1	1886.25393	742.80970	1853.51522	852.57836
PPH_52	2	0	1025.57922	857.52239	677.74502	838.20522
PPH_52	2	1	1547.28227	822.08955	1192.50577	877.80597
PPH_52	3	0	1536.20147	711.47388	1435.73767	774.42164
PPH_52	3	1	1838.40504	683.26493	1830.34627	781.45896
PPH_52	4	0	1212.79538	691.82463	834.59391	699.36940
PPH_52	4	1	1691.66317	792.57090	1320.57188	863.94030
PPH_52	5	0	122.23820	808.54104	5.03673	700.06716
PPH_52	5	1	378.10388	770.76119	238.74082	698.05224
PPH_52	6	0	1058.12277	911.25000	713.65268	904.54851
PPH_52	6	1	810.31584	824.60821	543.57188	754.76119
PPH_52	7	0	1522.05666	724.67537	1341.78384	785.82090
PPH_52	7	1	1778.46800	737.48881	1619.81112	834.17910
PPH_53	0	0	304.78489	690.77612	257.88038	677.01493
PPH_53	0	1	36.76810	691.96269	27.19832	668.99254
PPH_53	1	0	944.28122	282.48881	287.09339	297.58209
PPH_53	1	1	1304.29276	291.09328	514.73033	293.62687
PPH_53	2	0	1281.63799	860.35448	1098.00630	880.52239
PPH_53	2	1	713.03148	840.04478	505.19307	825.43657
PPH_53	3	0	712.27807	812.11567	517.87408	799.37687
PPH_53	3	1	1047.62329	794.67537	851.30535	798.87313
PPH_53	4	0	584.52046	791.51866	297.27807	770.95522
PPH_53	4	1	855.05666	757.66791	485.87303	746.52612
PPH_53	5	0	836.77440	751.23881	733.78909	750.08209
PPH_53	5	1	1166.54984	794.05224	1060.83631	806.32463
PPH_53	6	0	1641.08290	995.87687	1281.34313	1033.65672
PPH_53	6	1	1118.03148	894.72761	761.55299	898.65672
PPH_53	7	0	1483.41658	1008.01866	1066.92130	1036.17537
PPH_53	7	1	1211.93704	1057.88806	699.87828	1056.82836
PPH_53	8	0	1324.14166	779.19776	1273.58237	800.45149
PPH_53	8	1	1112.09549	779.70149	1049.44806	790.88060
PPH_53	9	0	1533.93599	861.74627	1423.85100	896.70896
PPH_53	9	1	1321.22246	834.92910	1195.18363	856.91418
PPH_54	0	0	997.27177	427.16418	840.12592	405.00000
PPH_54	0	1	1323.65163	568.20896	1130.24134	572.23881
PPH_54	1	0	261.90976	284.10448	159.16055	245.82090
PPH_54	1	1	406.96747	203.50746	322.35047	173.28358
PPH_54	2	0	471.43757	376.79104	386.82057	340.52239
PPH_54	2	1	326.37985	235.74627	247.80693	197.46269
PPH_54	3	0	1690.32529	602.46269	1557.35572	648.80597
PPH_54	3	1	1527.13536	570.22388	1378.04827	594.40299
PPH_54	4	0	80.58762	147.08955	110.80797	132.98507
PPH_54	4	1	352.57083	126.94030	356.60021	114.85075
PPH_54	5	0	705.14166	326.41791	566.12802	298.20896
PPH_54	5	1	973.09549	274.02985	846.16999	259.92537
PPH_54	6	0	1140.31480	888.58209	735.36201	862.38806
PPH_54	6	1	1390.13641	763.65672	1039.58027	755.59701
PPH_54	7	0	971.08080	402.98507	922.72823	394.92537
PPH_54	7	1	739.39140	298.20896	668.87723	284.10448
PPH_54	8	0	1132.25603	624.62687	846.16999	602.46269
PPH_54	8	1	1436.47429	672.98507	1251.12277	697.16418
PPH_54	9	0	922.72823	672.98507	777.67051	650.82090
PPH_54	9	1	773.64113	626.64179	612.46590	586.34328
PPH_54	10	0	1404.23924	540.00000	1210.82896	548.05970
PPH_54	10	1	1539.22350	455.37313	1386.10703	465.44776
PPH_54	11	0	1488.85624	588.35821	1279.32844	608.50746
PPH_54	11	1	1609.73767	697.16418	1436.47429	739.47761
PPH_54	12	0	896.53725	554.10448	588.28961	513.80597
PPH_54	12	1	693.05352	564.17910	445.24659	521.86567
PPH_54	13	0	896.53725	368.73134	795.80273	348.58209
PPH_54	13	1	757.52361	396.94030	626.56873	370.74627
PPH_54	14	0	1484.82686	751.56716	967.05142	743.50746
PPH_54	14	1	1285.37251	616.56716	775.65582	586.34328
PPH_54	15	0	1043.60965	368.73134	969.06611	364.70149
PPH_54	15	1	900.56663	316.34328	803.86149	308.28358
PPH_54	16	0	572.17209	263.95522	376.74711	233.73134
PPH_54	16	1	366.67366	100.74627	169.23400	62.46269
PPH_54	17	0	995.25708	344.55224	938.84575	342.53731
PPH_54	17	1	1182.62329	449.32836	1089.94753	455.37313
PPH_54	18	0	1017.41868	560.14925	1009.35992	558.13433
PPH_54	18	1	1093.97692	600.44776	1079.87408	608.50746
PPH_54	19	0	1903.88248	157.16418	942.87513	94.70149
PPH_54	19	1	1462.66527	60.44776	662.83316	14.10448
PPH_54	20	0	1313.57817	199.47761	525.83421	147.08955
PPH_54	20	1	1029.50682	151.11940	284.07135	94.70149
PPH_54	21	0	1267.24029	807.98507	1174.56453	830.14925
PPH_54	21	1	1156.43232	747.53731	1045.62434	755.59701
PPH_54	22	0	1905.89717	693.13433	1519.07660	741.49254
PPH_54	22	1	1728.60441	634.70149	1299.47534	648.80597
PPH_54	23	0	969.06611	977.23881	364.65897	888.58209
PPH_54	23	1	687.00944	747.53731	169.23400	648.80597
PPH_54	24	0	541.95173	193.43284	634.62749	181.34328
PPH_54	24	1	390.84995	193.43284	499.64323	187.38806
PPH_55	0	0	757.52361	828.13433	566.12802	814.02985
PPH_55	0	1	370.70304	1001.41791	203.48374	957.08955
PPH_55	1	0	1555.34103	947.01493	1523.10598	997.38806
PPH_55	1	1	1682.26653	940.97015	1658.09024	999.40299
PPH_55	2	0	1722.56034	985.29851	1676.22246	1045.74627
PPH_55	2	1	1849.48583	989.32836	1831.35362	1059.85075
PPH_55	3	0	759.53830	955.07463	761.55299	961.11940
PPH_55	3	1	932.80168	938.95522	932.80168	947.01493
PPH_55	4	0	842.14061	842.23881	904.59601	850.29851
PPH_55	4	1	977.12487	848.28358	1031.52151	858.35821
PPH_55	5	0	1188.66737	473.50746	554.03987	479.55224
PPH_55	5	1	938.84575	332.46269	392.86464	350.59701
PPH_55	6	0	612.46590	963.13433	602.39244	951.04478
PPH_55	6	1	771.62644	981.26866	739.39140	975.22388
PPH_55	7	0	914.66946	870.44776	751.47954	864.40299
PPH_55	7	1	699.09759	934.92537	519.79014	918.80597
PPH_55	8	0	975.11018	411.04478	584.26023	425.14925
PPH_55	8	1	775.65582	378.80597	346.52676	396.94030
PPH_55	9	0	842.14061	544.02985	473.45226	554.10448
PPH_55	9	1	646.71563	483.58209	342.49738	493.65672
PPH_55	10	0	1315.59286	582.31343	1037.56558	596.41791
PPH_55	10	1	1152.40294	515.82090	912.65477	523.88060
PPH_55	11	0	1849.48583	755.59701	1666.14900	789.85075
PPH_55	11	1	1686.29591	773.73134	1519.07660	805.97015
PPH_55	12	0	886.46380	576.26866	697.08290	586.34328
PPH_55	12	1	670.89192	584.32836	533.89297	592.38806
PPH_55	13	0	320.33578	497.68657	241.76285	507.76119
PPH_55	13	1	161.17524	509.77612	122.89612	519.85075
PPH_55	14	0	965.03673	558.13433	656.78909	568.20896
PPH_55	14	1	797.81742	515.82090	483.52571	527.91045
PPH_56	0	0	1289.40189	731.41791	1232.99056	731.41791
PPH_56	0	1	1150.38825	699.17910	1112.10913	693.13433
PPH_56	1	0	449.27597	951.04478	501.65792	916.79104
PPH_56	1	1	1160.46170	1063.88060	1188.66737	1063.88060
PPH_56	2	0	1186.65268	497.68657	433.15845	453.35821
PPH_56	2	1	890.49318	457.38806	68.49948	405.00000
PPH_56	3	0	1561.38510	687.08955	805.87618	648.80597
PPH_56	3	1	1226.94648	630.67164	523.81952	584.32836
PPH_56	4	0	1376.03358	747.53731	747.45016	713.28358
PPH_56	4	1	1108.07975	586.34328	489.56978	540.00000
PPH_56	5	0	1468.70934	670.97015	346.52676	616.56716
PPH_56	5	1	1220.90241	411.04478	32.23505	340.52239
PPH_56	6	0	886.46380	421.11940	398.90871	402.98507
PPH_56	6	1	646.71563	398.95522	136.99895	358.65672
PPH_56	7	0	824.00839	638.73134	743.42078	636.71642
PPH_56	7	1	678.95068	554.10448	606.42183	548.05970
PPH_56	8	0	1416.32739	805.97015	741.40609	767.68657
PPH_56	8	1	1150.38825	634.70149	543.96642	592.38806
PPH_56	9	0	1001.30115	626.64179	554.03987	598.43284
PPH_56	9	1	807.89087	509.77612	366.67366	483.58209
PPH_56	10	0	1807.17733	876.49254	1414.31270	874.47761
PPH_56	10	1	1637.94334	791.86567	1198.74082	771.71642
PPH_56	11	0	1134.27072	840.22388	584.26023	805.97015
PPH_56	11	1	876.39035	761.64179	354.58552	711.26866
PPH_56	12	0	455.32004	725.37313	360.62959	699.17910
PPH_56	12	1	118.86674	725.37313	14.10283	699.17910
PPH_57	0	0	1410.28332	969.17910	967.05142	949.02985
PPH_57	0	1	1694.35467	981.26866	1357.90136	991.34328
PPH_57	1	0	1476.76810	584.26866	1509.00315	574.23881
PPH_57	1	1	1606.71563	592.32836	1659.09759	586.32836
PPH_57	2	0	1647.00944	575.20149	1494.90031	561.14179
PPH_57	2	1	1544.26023	567.14179	1358.90871	544.01493
PPH_57	3	0	1182.62329	874.47761	958.99265	852.31343
PPH_57	3	1	1915.97062	828.13433	1789.04512	850.29851
PPH_57	4	0	1176.57922	832.16418	1025.47744	814.02985
PPH_57	4	1	1823.29486	799.92537	1780.98636	810.00000
PPH_57	5	0	1116.13851	884.55224	884.44911	854.32836
PPH_57	5	1	1903.88248	781.79104	1780.98636	803.95522
PPH_57	6	0	1011.37461	894.62687	769.61175	860.37313
PPH_57	6	1	1307.53410	894.62687	1057.71249	878.50746
PPH_58	0	0	1163.76285	593.97015	755.14481	596.10075
PPH_58	0	1	271.74082	20.65299	249.25184	82.61194
PPH_58	1	0	138.48793	118.34701	16.11752	170.37687
PPH_58	1	1	380.25079	170.73507	222.62329	213.69776
PPH_58	2	0	827.08709	154.08209	742.56873	174.26119
PPH_58	2	1	1063.81322	200.92910	950.08185	207.00373
PPH_58	3	0	1253.03568	433.44403	1145.40714	437.63806
PPH_58	3	1	1406.65582	455.60821	1280.39140	457.78731
PPH_58	4	0	906.20357	381.69030	843.00839	391.61567
PPH_58	4	1	735.96222	296.05597	658.16055	318.57463
PPH_58	5	0	1306.22560	489.75746	1182.53095	494.73507
PPH_58	5	1	1158.64953	400.59701	1040.49528	403.55970
PPH_58	6	0	567.64848	667.79478	295.17104	657.97015
PPH_58	6	1	376.75656	529.26866	131.98111	532.03731
PPH_58	7	0	1819.26548	964.14179	1448.93179	1011.99627
PPH_58	7	1	1594.12382	902.18284	1240.41133	933.91791
PPH_58	8	0	1027.81952	848.30597	717.58027	845.31716
PPH_58	8	1	1247.92445	880.04104	893.86569	889.14179
PPH_58	9	0	182.83316	403.44403	17.12487	423.93284
PPH_58	9	1	945.74816	494.69030	844.31060	501.87313
PPH_58	10	0	1610.61700	322.70149	1504.71459	311.58209
PPH_58	10	1	1713.61805	266.11940	1621.31480	242.05970
PPH_58	11	0	969.83211	373.26119	861.14481	373.23134
PPH_58	11	1	809.16055	311.80597	709.03568	325.37687
PPH_58	12	0	322.01784	74.04851	305.57188	128.43657
PPH_58	12	1	535.07135	81.60448	464.73242	129.94776
PPH_58	13	0	1680.25184	302.66418	1730.61910	285.82090
PPH_58	13	1	1812.21406	200.40672	1900.86044	162.91045
PPH_58	14	0	619.15320	63.97388	621.84050	98.22761
PPH_58	14	1	790.40189	110.31716	785.03043	130.97015
PPH_58	15	0	1035.55089	76.56716	936.83106	80.59701
PPH_58	15	1	1309.54879	137.01493	1172.54984	122.91045
PPH_58	16	0	649.21511	351.58955	471.03148	368.76866
PPH_58	16	1	733.67051	393.30597	539.41343	411.57090
PPH_59	0	0	1102.03568	276.04478	975.11018	241.79104
PPH_59	0	1	1188.66737	384.85075	1067.78594	352.61194
PPH_59	1	0	896.53725	284.10448	797.81742	249.85075
PPH_59	1	1	1009.35992	360.67164	890.49318	328.43284
PPH_59	2	0	1293.43127	570.22388	1190.68206	546.04478
PPH_59	2	1	1414.31270	648.80597	1307.53410	630.67164
PPH_59	3	0	890.49318	421.11940	852.21406	388.88060
PPH_59	3	1	785.72928	386.86567	739.39140	356.64179
PPH_59	4	0	614.48059	159.17910	463.37880	139.02985
PPH_59	4	1	745.43547	257.91045	596.34837	233.73134
PPH_59	5	0	1263.21091	866.41791	1186.65268	846.26866
PPH_59	5	1	1374.01889	920.82090	1313.57817	920.82090
PPH_59	6	0	1623.84050	1027.61194	1615.78174	1063.88060
PPH_59	6	1	1474.75341	997.38806	1446.54774	1021.56716
PPH_59	7	0	1551.31165	1029.62687	1486.84155	1051.79104
PPH_59	7	1	1740.69255	1027.61194	1684.28122	1069.92537
PPH_59	8	0	971.08080	1001.41791	336.45331	910.74627
PPH_59	8	1	767.59706	840.22388	175.27807	753.58209
PPH_59	9	0	942.87513	779.77612	483.52571	713.28358
PPH_59	9	1	773.64113	832.16418	273.99790	745.52239
PPH_59	10	0	878.40504	612.53731	880.41973	574.25373
PPH_59	10	1	989.21301	666.94030	995.25708	642.76119
PPH_59	11	0	465.39349	312.31343	427.11438	294.17910
PPH_59	11	1	646.71563	388.88060	582.24554	358.65672
PPH_59	12	0	1293.43127	914.77612	1071.81532	892.61194
PPH_59	12	1	991.22770	668.95522	789.75866	628.65672
PPH_59	13	0	235.71878	251.86567	278.02728	241.79104
PPH_59	13	1	151.10178	169.25373	211.54250	169.25373
PPH_59	14	0	90.66107	469.47761	78.57293	427.16418
PPH_59	14	1	215.57188	491.64179	183.33683	447.31343
PPH_59	15	0	1484.82686	326.41791	1472.73872	286.11940
PPH_59	15	1	1700.39874	413.05970	1706.44281	382.83582
PPH_59	16	0	1295.44596	449.32836	1331.71039	423.13433
PPH_59	16	1	1539.22350	499.70149	1597.64953	483.58209
PPH_59	17	0	1172.54984	511.79104	1224.93179	493.65672
PPH_59	17	1	1380.06296	604.47761	1446.54774	602.46269
PPH_59	18	0	1098.00630	614.55224	1162.47639	600.44776
PPH_59	18	1	1232.99056	701.19403	1313.57817	695.14925
PPH_59	19	0	1380.22455	464.67164	1393.15845	440.86567
PPH_59	19	1	1601.84050	540.23134	1636.93599	525.49254
PPH_59	20	0	1174.56453	1011.49254	826.02308	975.22388
PPH_59	20	1	1458.63589	945.00000	1182.62329	942.98507
PPH_59	21	0	1136.28541	237.76119	684.99475	191.41791
PPH_59	21	1	1480.79748	457.38806	985.18363	402.98507
PPH_59	22	0	1267.24029	533.95522	1188.66737	507.76119
PPH_59	22	1	1065.77125	429.17910	983.16894	398.95522
PPH_59	23	0	1263.21091	1061.86567	118.86674	940.97015
PPH_59	23	1	1716.51626	1051.79104	668.87723	993.35821
PPH_59	24	0	981.15425	900.67164	535.90766	832.16418
PPH_59	24	1	610.45121	854.32836	237.73347	761.64179
PPH_59	25	0	680.96537	402.98507	552.02518	366.71642
PPH_59	25	1	906.61070	471.49254	765.58237	433.20896
PPH_59	26	0	967.05142	362.68657	868.33158	330.44776
PPH_59	26	1	799.83211	298.20896	709.17104	267.98507
PPH_59	27	0	956.97796	729.40299	983.16894	733.43284
PPH_59	27	1	680.96537	566.19403	697.08290	546.04478
PPH_59	28	0	956.97796	745.52239	874.37566	709.25373
PPH_59	28	1	785.72928	658.88060	711.18573	610.52239
PPH_59	29	0	1202.77020	910.74627	783.71459	864.40299
PPH_59	29	1	1482.81217	987.31343	1091.96222	971.19403
PPH_59	30	0	368.68835	459.97761	189.38090	420.76119
PPH_59	30	1	217.58657	336.05970	77.56558	306.91791
PPH_59	31	0	385.81322	581.88060	242.77020	535.61194
PPH_59	31	1	214.56453	455.94776	111.81532	421.76866
PPH_61	0	0	1590.59811	973.20896	1408.62120	1073.95522
PPH_61	0	1	1509.00315	938.95522	1300.83526	1015.52239
PPH_61	1	0	85.62434	279.86567	225.64533	268.55970
PPH_61	1	1	447.26128	431.99254	518.78279	417.66418
PPH_61	2	0	1311.56348	916.79104	1136.28541	963.13433
PPH_61	2	1	1521.09129	969.17910	1319.62225	1047.76119
PPH_61	3	0	1025.47744	938.95522	318.32109	888.58209
PPH_61	3	1	1220.90241	1049.77612	541.95173	1045.74627
PPH_61	4	0	1335.73977	799.92537	1055.69780	832.16418
PPH_61	4	1	1474.75341	844.25373	1166.50577	900.67164
PPH_61	5	0	1678.23715	675.00000	1204.78489	731.41791
PPH_61	5	1	1913.95593	675.00000	1422.37146	753.58209
PPH_61	6	0	1130.24134	858.35821	961.00735	874.47761
PPH_61	6	1	1297.46065	890.59701	1148.37356	940.97015
PPH_61	7	0	834.08185	894.62687	584.26023	888.58209
PPH_61	7	1	1025.47744	1065.89552	731.33263	1067.91045
PPH_61	8	0	854.22875	818.05970	797.81742	810.00000
PPH_61	8	1	731.33263	771.71642	687.00944	751.56716
PPH_61	9	0	997.27177	846.26866	763.56768	842.23881
PPH_61	9	1	1180.60860	924.85075	890.49318	955.07463
PPH_61	10	0	1511.01784	947.01493	1408.26863	1023.58209
PPH_61	10	1	1434.45960	892.61194	1315.59286	947.01493
PPH_61	11	0	1331.71039	1003.43284	1194.71144	1055.82090
PPH_61	11	1	1273.28437	926.86567	1120.16789	975.22388
PPH_61	12	0	1353.87198	1001.41791	1172.54984	1055.82090
PPH_61	12	1	1214.85834	936.94030	1049.65373	963.13433
PPH_61	13	0	1228.01049	1039.70149	975.23820	1069.92537
PPH_61	13	1	1114.18048	982.27612	822.12172	988.32090
PPH_61	14	0	1104.25393	928.88060	910.72403	936.94030
PPH_61	14	1	1005.53410	898.65672	824.09234	897.64925
PPH_61	15	0	1357.90136	797.91045	884.44911	828.13433
PPH_61	15	1	1817.25079	723.35821	1369.98951	795.89552
PPH_61	16	0	1664.13431	940.97015	1261.19622	1017.53731
PPH_61	16	1	1913.95593	959.10448	1573.47324	1073.95522
