OpCode	ImagePtPair	Index	Lx	Ly	Rx	Ry
69 GRTS_10_10	0	0	900.83001	930.89552	618.74187	923.84328
69 GRTS_10_10	0	1	1502.21511	946.00746	1177.81847	977.23881
69 GRTS_10_10	1	0	1044.82267	655.78358	822.90976	662.85075
69 GRTS_10_10	1	1	1752.98636	761.56716	1421.27282	786.76866
69 GRTS_10_10	2	0	599.24659	1028.61940	211.54250	993.35821
69 GRTS_10_10	2	1	1623.84050	1016.52985	1186.65268	1049.77612
69 GRTS_10_10	3	0	1148.37356	875.48507	976.82896	887.57463
69 GRTS_10_10	3	1	1891.79433	786.91045	1483.52361	817.05224
69 GRTS_10_10	4	0	1564.40714	905.70896	1303.50472	942.98507
69 GRTS_10_10	4	1	1905.89717	825.11194	1579.51731	860.37313
69 GRTS_10_10	5	0	1915.97062	610.14925	1428.47429	617.00746
69 GRTS_10_10	5	1	1571.45855	611.15672	1201.82162	619.02239
69 GRTS_10_10	6	0	830.77650	500.14179	566.18153	509.97761
69 GRTS_10_10	6	1	1107.79643	482.00746	825.06925	488.82090
69 GRTS_10_10	7	0	1615.78174	732.94030	1551.31165	759.97761
69 GRTS_10_10	7	1	1824.30220	756.11194	1716.51626	792.21642
69 GRTS_10_10	8	0	340.18993	689.01493	201.46905	683.05970
69 GRTS_10_10	8	1	550.22141	707.65299	394.66737	702.54104
69 GRTS_10_10	9	0	1113.73977	524.03731	981.73242	534.03731
69 GRTS_10_10	9	1	1367.59077	519.00000	1220.47324	526.98507
69 GRTS_10_10	10	0	1272.33578	561.56716	992.81427	566.60448
69 GRTS_10_10	10	1	1599.72298	446.71642	1314.15740	442.68657
69 GRTS_10_10	11	0	1109.79853	455.69403	902.57817	463.72388
69 GRTS_10_10	11	1	1353.57608	525.20896	1126.20881	532.23134
69 GRTS_10_10	12	0	1037.57817	625.06716	770.39454	631.24627
69 GRTS_10_10	12	1	1277.32634	614.99254	977.90766	621.17164
69 GRTS_10_10	13	0	1136.56243	558.99254	665.49633	563.09701
69 GRTS_10_10	13	1	698.90136	541.77612	210.53515	543.92537
71 GRTS_10_477	0	0	928.62015	804.02239	764.52466	813.02239
71 GRTS_10_477	0	1	657.64428	851.37313	519.73977	841.23134
71 GRTS_10_477	1	0	438.19517	476.00746	442.22455	492.02239
71 GRTS_10_477	1	1	221.61595	458.88060	269.96852	474.89552
71 GRTS_10_477	2	0	1535.19412	731.47015	1310.09969	765.91791
71 GRTS_10_477	2	1	1892.80168	843.29851	1644.53830	907.97015
71 GRTS_10_477	3	0	1264.21826	556.96269	981.56348	570.90299
71 GRTS_10_477	3	1	1575.48793	580.13433	1186.05456	592.05970
71 GRTS_10_477	4	0	1314.64428	563.03731	1232.07030	582.08955
71 GRTS_10_477	4	1	1497.98111	540.87313	1467.78909	561.94030
71 GRTS_10_477	5	0	806.61595	380.62687	385.41028	385.06716
71 GRTS_10_477	5	1	1238.76705	406.82090	837.70829	410.25373
71 GRTS_10_477	6	0	767.59706	449.32836	149.08709	445.29851
71 GRTS_10_477	6	1	1259.18153	554.10448	384.80588	537.98507
71 GRTS_10_477	7	0	910.05666	590.73881	817.27597	603.98507
71 GRTS_10_477	7	1	1132.67996	581.67164	1001.62015	598.94776
71 GRTS_10_477	8	0	481.51102	632.68657	118.86674	618.58209
71 GRTS_10_477	8	1	896.53725	644.77612	449.27597	628.65672
71 GRTS_10_477	9	0	1225.63694	538.03731	1148.29486	557.77612
71 GRTS_10_477	9	1	1049.85519	552.64552	941.78909	566.33955
71 GRTS_10_477	10	0	278.40714	336.02985	33.74607	356.51866
71 GRTS_10_477	10	1	556.43442	307.82090	376.24344	331.33209
71 GRTS_10_477	11	0	843.85834	515.01493	521.53410	519.05970
71 GRTS_10_477	11	1	1191.39244	528.11194	799.56139	535.17910
71 GRTS_10_477	12	0	525.43022	738.95522	429.51941	730.59701
71 GRTS_10_477	12	1	795.39874	830.63433	649.12067	828.32090
71 GRTS_10_477	13	0	1411.56768	873.47015	1071.48898	901.67910
71 GRTS_10_477	13	1	902.85834	896.64179	616.16894	892.61194
71 GRTS_10_477	14	0	688.78174	641.94030	723.16369	656.13433
71 GRTS_10_477	14	1	403.94544	644.93284	463.26863	649.08209
71 GRTS_10_477	15	0	319.32844	535.86567	458.34208	549.80597
71 GRTS_10_477	15	1	248.81427	556.01493	371.71039	564.91791
71 GRTS_10_477	16	0	1281.34313	818.05970	989.21301	842.23881
71 GRTS_10_477	16	1	817.21721	912.76119	401.93075	888.58209
71 GRTS_10_477	17	0	1062.22350	793.97761	885.65687	809.13433
71 GRTS_10_477	17	1	436.18048	681.79851	374.73242	678.92537
71 GRTS_10_477	18	0	345.51941	639.89552	427.11438	643.12687
71 GRTS_10_477	18	1	1027.91501	895.63433	640.48898	891.60448
72 GRTS_10_586	0	0	267.09759	186.14179	438.48374	210.24627
72 GRTS_10_586	0	1	391.00105	137.78358	527.63379	160.37687
72 GRTS_10_586	1	0	1150.82581	376.35821	1092.87828	359.02239
72 GRTS_10_586	1	1	969.50367	360.23881	883.35047	348.94776
72 GRTS_10_586	2	0	1699.39140	862.38806	1576.49528	885.55970
72 GRTS_10_586	2	1	1877.69150	816.04478	1821.28017	844.25373
72 GRTS_10_586	3	0	997.63484	205.52239	832.90766	194.44030
72 GRTS_10_586	3	1	719.60756	120.89552	578.04932	126.94030
72 GRTS_10_586	4	0	261.90976	170.26119	262.91710	195.44776
72 GRTS_10_586	4	1	509.71668	157.16418	474.45960	172.27612
72 GRTS_10_586	5	0	529.57083	436.49627	592.60756	432.43657
72 GRTS_10_586	5	1	328.60546	435.99254	405.24134	432.94030
72 GRTS_10_586	6	0	1590.51207	715.69776	1497.71773	719.83209
72 GRTS_10_586	6	1	1326.58762	651.22015	1238.83001	644.77612
72 GRTS_10_586	7	0	425.00420	370.34328	307.24029	369.35075
72 GRTS_10_586	7	1	657.70094	261.53731	540.94439	264.57463
72 GRTS_10_586	8	0	541.73977	305.03731	612.09234	308.01493
72 GRTS_10_586	8	1	717.01784	300.00000	760.17209	298.94776
72 GRTS_10_586	9	0	1893.80902	849.29104	1836.39035	883.54478
72 GRTS_10_586	9	1	1654.06086	872.46269	1537.20881	893.61940
72 GRTS_10_586	10	0	1592.61280	1018.54478	1291.41658	1037.68657
72 GRTS_10_586	10	1	1741.69990	914.77612	1558.36306	941.97761
72 GRTS_10_586	11	0	1153.40609	771.53358	1317.48688	774.95522
72 GRTS_10_586	11	1	1075.84050	769.51866	1223.80378	769.41418
72 GRTS_10_586	12	0	1329.47429	634.04478	810.16579	610.73881
72 GRTS_10_586	12	1	979.28332	148.09701	375.73977	143.05970
72 GRTS_10_586	13	0	1253.13746	494.92537	678.58027	469.60448
72 GRTS_10_586	13	1	1710.47219	551.34328	1364.58237	532.06716
72 GRTS_10_586	14	0	903.62959	99.33582	440.20986	97.72388
72 GRTS_10_586	14	1	1243.58447	719.04478	790.58447	698.95522
72 GRTS_10_586	15	0	1736.66317	245.82090	1121.51102	196.45522
72 GRTS_10_586	15	1	1277.31375	370.74627	975.44596	345.55970
72 GRTS_10_586	16	0	1353.66422	647.52985	1357.41448	644.35821
72 GRTS_10_586	16	1	1065.56348	770.44030	1014.91710	761.22388
72 GRTS_10_586	17	0	1433.45226	546.39552	1280.76180	535.10448
72 GRTS_10_586	17	1	1533.17943	268.33582	1128.45960	226.67910
72 GRTS_10_586	18	0	797.65058	252.87313	404.95278	247.83582
72 GRTS_10_586	18	1	1127.49633	783.02985	644.44491	757.91791
72 GRTS_10_586	19	0	613.23190	268.87313	103.75656	266.87313
72 GRTS_10_586	19	1	1362.29801	552.42537	401.93075	519.74627
72 GRTS_10_586	20	0	1297.46065	787.29851	1123.52676	781.97761
72 GRTS_10_586	20	1	1743.71459	768.15672	1386.44386	770.89552
72 GRTS_10_586	21	0	1340.87723	420.89552	871.71459	397.44030
72 GRTS_10_586	21	1	794.89612	477.31343	543.32004	461.91791
72 GRTS_10_586	22	0	1566.42183	976.23134	1293.98111	992.35075
72 GRTS_10_586	22	1	1380.06296	646.79104	952.49108	630.67164
72 GRTS_10_586	23	0	1156.41448	689.69403	692.04617	666.83582
72 GRTS_10_586	23	1	734.33683	430.77612	75.55089	409.93284
70 GRTS_10_reef	0	0	1059.79853	324.37313	760.76180	321.11194
70 GRTS_10_reef	0	1	1210.90031	334.44776	874.59182	327.15672
70 GRTS_10_reef	1	0	1783.00105	448.26119	1405.28856	436.71642
70 GRTS_10_reef	1	1	1513.03253	391.84328	1148.41553	380.29851
70 GRTS_10_reef	2	0	837.59811	472.62687	704.02413	470.20149
70 GRTS_10_reef	2	1	548.49003	622.73881	387.71773	609.23134
70 GRTS_10_reef	3	0	1271.26967	482.95522	1106.46170	480.05224
70 GRTS_10_reef	3	1	1670.17838	479.93284	1505.37041	475.01493
70 GRTS_10_reef	4	0	1291.00210	353.95522	1401.66002	343.95522
70 GRTS_10_reef	4	1	1351.94648	360.50373	1488.79538	349.49627
70 GRTS_10_reef	5	0	364.44596	549.71642	354.89087	543.42164
70 GRTS_10_reef	5	1	168.51731	605.63060	177.59811	589.26119
70 GRTS_10_reef	6	0	173.26338	716.30597	1.00735	682.03731
70 GRTS_10_reef	6	1	422.07765	683.05970	233.70409	659.87313
70 GRTS_10_reef	7	0	1542.73767	352.44403	1677.22980	329.88060
70 GRTS_10_reef	7	1	1669.15950	384.68284	1818.25813	362.11940
70 GRTS_10_reef	8	0	1828.33158	883.54478	1148.47429	915.78358
70 GRTS_10_reef	8	1	1628.87723	732.42537	1175.67261	749.55224
70 GRTS_10_reef	9	0	672.69360	462.57090	690.66422	463.14925
70 GRTS_10_reef	9	1	796.09339	434.36194	811.04197	434.43657
70 GRTS_10_reef	10	0	672.16369	416.42164	767.45750	418.45149
70 GRTS_10_reef	10	1	582.00630	416.92537	658.16055	418.45149
70 GRTS_10_reef	11	0	430.98741	435.45896	531.49843	438.94030
70 GRTS_10_reef	11	1	488.40609	432.94030	601.00525	435.91791
70 GRTS_10_reef	12	0	1166.10073	370.56343	1239.89087	365.15672
70 GRTS_10_reef	12	1	970.17209	339.33209	1079.21931	336.94776
70 GRTS_10_reef	13	0	1079.87408	751.70896	667.85205	742.52239
70 GRTS_10_reef	13	1	1805.16264	558.27612	1506.98846	560.69403
70 GRTS_10_reef	14	0	1186.54774	501.78358	1052.22980	499.85821
70 GRTS_10_reef	14	1	980.04197	734.50746	635.18888	722.50746
70 GRTS_10_reef	15	0	1326.28646	606.66418	1047.24869	608.13060
70 GRTS_10_reef	15	1	1610.86149	682.72761	1255.76915	693.76493
70 GRTS_10_reef	16	0	325.76705	483.60821	99.72718	479.04478
70 GRTS_10_reef	16	1	468.81007	443.81343	295.15215	444.79104
70 GRTS_10_reef	17	0	1426.23610	236.40672	1329.57817	214.88060
70 GRTS_10_reef	17	1	1251.96537	293.83209	1121.56139	282.38060
70 GRTS_10_reef	18	0	679.82267	249.78731	535.94753	259.28358
70 GRTS_10_reef	18	1	882.80273	198.91045	763.10388	203.36940
70 GRTS_10_reef	19	0	299.85205	422.49254	261.26758	426.98134
70 GRTS_10_reef	19	1	475.13012	527.77239	417.40609	523.69776
70 GRTS_10_reef	20	0	1680.31060	374.90299	1785.01574	352.60821
70 GRTS_10_reef	20	1	1566.98426	352.23507	1662.11962	331.45149
70 GRTS_10_reef	21	0	757.78594	324.30970	630.26548	328.51493
70 GRTS_10_reef	21	1	546.80693	508.79478	388.50262	502.80597
70 GRTS_10_reef	22	0	1547.28227	311.27612	1364.95278	289.40299
70 GRTS_10_reef	22	1	1704.42812	457.35821	1565.41448	446.56716
70 GRTS_10_reef	23	0	431.72613	675.79478	157.98426	650.78731
70 GRTS_10_reef	23	1	621.61070	585.12313	425.39140	574.89925
70 GRTS_10_reef	24	0	1107.99056	747.02985	603.48164	737.01493
70 GRTS_10_reef	24	1	1458.54669	542.51493	1001.30115	540.00000
70 GRTS_10_reef	25	0	1461.25603	538.92910	1392.80378	539.93657
70 GRTS_10_reef	25	1	1659.70304	421.55970	1627.51522	410.98134
70 GRTS_10_reef	26	0	859.02308	32.23881	835.35047	33.75000
70 GRTS_10_reef	26	1	641.94019	51.38060	624.81532	71.52985
70 GRTS_10_reef	27	0	1903.37880	299.80224	1704.69990	264.85448
70 GRTS_10_reef	27	1	1603.18993	232.30224	1449.84155	201.88806
70 GRTS_10_reef	28	0	1565.41448	314.76866	1543.25289	291.65672
70 GRTS_10_reef	28	1	1770.91291	376.22388	1721.55299	353.11194
70 GRTS_10_reef	29	0	1494.91605	573.57090	1262.55614	572.11940
70 GRTS_10_reef	29	1	1244.08709	557.95522	1048.49528	555.49627
70 GRTS_10_reef	30	0	1774.94229	142.05224	1665.14166	87.64925
70 GRTS_10_reef	30	1	1497.92235	177.31343	1411.29066	146.08209
70 GRTS_10_reef	31	0	487.25393	389.29104	441.65163	395.08209
70 GRTS_10_reef	31	1	702.82581	367.12687	620.95908	371.91045
70 GRTS_10_reef	32	0	558.89087	279.64179	352.57083	291.74627
70 GRTS_10_reef	32	1	334.75656	403.05597	130.45121	408.61194
70 GRTS_10_reef	33	0	1083.90346	441.80970	800.39244	437.80970
70 GRTS_10_reef	33	1	1345.81322	353.15299	1090.00420	342.10075
70 GRTS_10_reef	34	0	579.18678	582.01493	397.94019	572.00000
70 GRTS_10_reef	34	1	862.25079	590.57836	673.44911	583.58582
70 GRTS_10_reef	35	0	729.99790	319.11940	711.23820	324.21642
70 GRTS_10_reef	35	1	546.66107	375.20149	553.75656	380.63433
70 GRTS_10_reef	36	0	1777.36097	429.05970	1641.89822	412.97015
70 GRTS_10_reef	36	1	1508.39979	434.09701	1397.11333	424.05224
70 GRTS_10_reef	37	0	481.35782	355.65672	302.83631	364.68657
70 GRTS_10_reef	37	1	751.32634	418.11940	575.82686	418.08209
70 GRTS_10_reef	38	0	498.94019	269.37687	465.59182	284.38433
70 GRTS_10_reef	38	1	682.27702	294.05970	655.47639	301.51119
70 GRTS_10_reef	39	0	1680.40189	569.79104	1196.60441	569.40672
70 GRTS_10_reef	39	1	1387.26443	619.66045	1032.40714	619.27612
70 GRTS_10_reef	40	0	1504.59077	441.17910	1241.62434	431.79478
70 GRTS_10_reef	40	1	1723.68835	404.91045	1518.14061	387.97015
70 GRTS_10_reef	41	0	1408.35467	612.00000	1045.14586	606.72761
70 GRTS_10_reef	41	1	1700.39874	554.10448	1216.87303	558.13433
70 GRTS_10_reef	42	0	754.55719	149.10448	778.10913	156.66045
70 GRTS_10_reef	42	1	907.67366	66.99627	923.67051	69.01119
70 GRTS_10_reef	43	0	1908.91920	449.20896	1533.64953	437.16418
70 GRTS_10_reef	43	1	1544.26023	440.14179	1200.21826	433.13433
70 GRTS_10_reef	44	0	1318.94229	212.39179	1231.82162	194.17164
70 GRTS_10_reef	44	1	1149.20462	209.87313	1065.60965	200.21642
70 GRTS_10_reef	45	0	558.06506	137.01493	284.12382	162.20149
70 GRTS_10_reef	45	1	1080.87723	84.62687	901.62644	77.57463
70 GRTS_10_reef	46	0	1050.10703	716.06716	602.63694	705.24627
70 GRTS_10_reef	46	1	1635.92865	342.85821	970.70934	323.05224
70 GRTS_10_reef	47	0	1213.93494	103.76866	855.08290	92.68657
70 GRTS_10_reef	47	1	547.07240	75.55970	284.92550	105.78358
70 GRTS_10_reef	48	0	1542.12697	159.39552	1387.34732	125.73881
70 GRTS_10_reef	48	1	1122.06401	501.93284	887.70409	497.49254
70 GRTS_10_reef	49	0	549.08709	542.21642	285.07870	532.91791
70 GRTS_10_reef	49	1	1220.98636	564.38060	827.03043	560.11940
44 GRTS_15_15	0	0	937.96747	650.14925	768.73242	633.08209
44 GRTS_15_15	0	1	1151.52466	635.03731	996.39244	623.00746
44 GRTS_15_15	1	0	832.10598	579.09701	851.95908	568.16418
44 GRTS_15_15	1	1	669.92340	582.11940	684.73977	570.17910
44 GRTS_15_15	2	0	499.85939	383.32090	420.43861	380.02985
44 GRTS_15_15	2	1	688.23295	265.44776	595.71668	272.23134
44 GRTS_15_15	3	0	1002.52466	548.91791	1003.64218	538.52612
44 GRTS_15_15	3	1	1152.11542	561.00746	1153.23295	551.11940
44 GRTS_15_15	4	0	937.49528	467.14925	975.92550	457.87313
44 GRTS_15_15	4	1	1137.45331	440.95522	1179.40923	429.16045
44 GRTS_15_15	5	0	1237.32844	386.51866	1341.33578	370.91791
44 GRTS_15_15	5	1	1063.56139	395.58582	1160.01364	384.01493
44 GRTS_15_15	6	0	1352.93599	1015.52239	763.09129	998.39552
44 GRTS_15_15	6	1	961.07870	1026.60448	528.37985	985.29851
44 GRTS_15_15	7	0	1693.34732	290.91791	1523.10598	247.83582
44 GRTS_15_15	7	1	1435.46695	344.31343	1258.17419	316.34328
44 GRTS_15_15	8	0	1340.82057	607.08209	1433.45226	602.13433
44 GRTS_15_15	8	1	1495.95173	584.91791	1599.66422	581.98507
44 GRTS_15_15	9	0	1306.74711	489.34328	1278.51207	474.70149
44 GRTS_15_15	9	1	1537.42917	508.48507	1522.28961	497.87313
44 GRTS_15_15	10	0	718.66422	703.45896	701.22350	684.91045
44 GRTS_15_15	10	1	915.09654	714.03731	896.14481	701.02985
44 GRTS_15_15	11	0	738.42392	503.87313	463.37880	485.59701
44 GRTS_15_15	11	1	1039.62015	467.60448	807.76705	452.77612
44 GRTS_15_15	12	0	922.94334	251.34328	409.98951	244.81343
44 GRTS_15_15	12	1	455.53515	333.95522	69.50682	330.44776
44 GRTS_15_15	13	0	713.28541	632.87313	626.02833	614.72388
44 GRTS_15_15	13	1	922.81322	679.21642	806.84680	664.08955
44 GRTS_15_15	14	0	535.78069	370.33955	518.56768	370.01493
44 GRTS_15_15	14	1	355.96957	408.62313	305.01049	404.77239
44 GRTS_15_15	15	0	1347.45331	585.36194	1194.94229	574.05970
44 GRTS_15_15	15	1	1112.74187	601.98507	973.83001	588.66791
44 GRTS_15_15	16	0	693.61280	256.67537	568.66842	257.21269
44 GRTS_15_15	16	1	957.03358	270.77985	843.67366	261.24254
44 GRTS_15_15	17	0	865.29171	864.40299	686.14481	839.21642
44 GRTS_15_15	17	1	1169.50997	846.26866	966.18678	838.20896
44 GRTS_15_15	18	0	531.87828	529.86567	557.87093	517.97761
44 GRTS_15_15	18	1	355.59286	552.02985	366.47534	538.12687
44 GRTS_15_15	19	0	1540.23085	631.20149	1453.59916	626.17910
44 GRTS_15_15	19	1	1828.33158	624.14925	1729.61175	619.12687
44 GRTS_15_15	20	0	501.51941	544.45896	558.72928	533.60821
44 GRTS_15_15	20	1	310.12382	532.87313	364.31165	521.01493
44 GRTS_15_15	21	0	1036.50892	547.74254	953.25918	535.04478
44 GRTS_15_15	21	1	937.28541	509.96269	896.84785	498.77612
44 GRTS_15_15	22	0	1553.32634	529.64179	1389.12907	512.00746
44 GRTS_15_15	22	1	1894.81637	543.74627	1722.56034	525.10448
44 GRTS_15_15	23	0	862.50472	638.10448	689.34313	621.05224
44 GRTS_15_15	23	1	1104.26758	617.95522	961.32634	604.93284
44 GRTS_15_15	24	0	294.12382	872.46269	292.06506	822.39552
44 GRTS_15_15	24	1	986.16999	701.19403	922.66317	688.40299
44 GRTS_15_15	25	0	1643.98741	675.97761	1440.59182	671.87313
44 GRTS_15_15	25	1	1076.85205	733.40299	800.58237	714.95522
44 GRTS_15_15	26	0	1083.90346	622.61194	1134.27072	616.56716
44 GRTS_15_15	26	1	779.68520	614.55224	757.52361	600.44776
44 GRTS_15_15	27	0	681.92340	1026.60448	392.53620	973.20896
44 GRTS_15_15	27	1	894.47324	1039.70149	605.08604	1003.43284
44 GRTS_15_15	28	0	1045.57503	908.73134	866.99580	894.62687
44 GRTS_15_15	28	1	1192.64743	897.64925	1066.45016	893.61940
46 GRTS_15_207	0	0	1140.52151	858.44403	985.15005	881.24254
46 GRTS_15_207	0	1	1403.43861	885.14179	1245.54879	928.08955
46 GRTS_15_207	1	0	1093.97692	926.86567	801.84680	936.94030
46 GRTS_15_207	1	1	799.83211	888.58209	533.89297	880.52239
46 GRTS_15_207	2	0	402.93809	739.94776	438.19517	738.08209
46 GRTS_15_207	2	1	168.22665	734.91045	244.78489	722.97015
46 GRTS_15_207	3	0	615.02728	919.81343	437.88038	900.67164
46 GRTS_15_207	3	1	917.23085	881.52985	701.80483	883.54478
46 GRTS_15_207	4	0	999.81952	849.29104	836.09654	861.06716
46 GRTS_15_207	4	1	408.98216	728.02239	306.23295	718.00746
46 GRTS_15_207	5	0	279.03463	471.10448	285.07870	488.06716
46 GRTS_15_207	5	1	505.68730	478.15672	495.61385	496.12687
46 GRTS_15_207	6	0	73.53620	576.53358	129.12067	580.07463
46 GRTS_15_207	6	1	295.15215	565.95522	336.13012	575.54104
46 GRTS_15_207	7	0	557.36411	1038.69403	228.66737	995.37313
46 GRTS_15_207	7	1	686.30430	1017.53731	356.60021	988.32090
46 GRTS_15_207	8	0	1044.89402	677.14552	1171.15110	709.59328
46 GRTS_15_207	8	1	693.83421	599.57090	855.34837	620.93657
47 GRTS_15_911	0	0	803.32109	570.79851	504.82057	563.14179
47 GRTS_15_911	0	1	1153.87723	550.64925	823.14166	548.02985
47 GRTS_15_911	1	0	959.25498	337.14179	864.04932	332.23881
47 GRTS_15_911	1	1	1192.95908	311.95522	1108.83421	304.02985
47 GRTS_15_911	2	0	1891.79433	560.02985	1476.76810	562.21642
47 GRTS_15_911	2	1	1593.62015	516.70896	1229.96852	511.84328
47 GRTS_15_911	3	0	971.19517	454.02239	839.75551	449.55970
47 GRTS_15_911	3	1	1127.52571	415.87313	1005.96747	410.26866
47 GRTS_15_911	4	0	1051.02623	580.82836	1072.22455	581.05224
47 GRTS_15_911	4	1	1218.24554	581.83582	1254.55404	586.08955
47 GRTS_15_911	5	0	1511.01784	1018.54478	944.50367	1034.66418
47 GRTS_15_911	5	1	611.29066	852.31343	230.68206	818.09701
47 GRTS_15_911	6	0	973.56348	733.81343	777.02728	728.80597
47 GRTS_15_911	6	1	1507.45645	742.88060	1338.11857	759.02985
47 GRTS_15_911	7	0	183.75656	621.37687	255.45855	604.50373
47 GRTS_15_911	7	1	455.73977	578.55970	533.98951	571.76119
47 GRTS_15_911	8	0	977.20776	736.09701	843.97272	732.92537
47 GRTS_15_911	8	1	341.57293	657.51493	279.85939	637.21642
47 GRTS_15_911	9	0	285.07870	851.30597	90.66107	801.94030
47 GRTS_15_911	9	1	409.98951	841.23134	262.91710	802.94776
47 GRTS_15_911	10	0	891.64428	1023.58209	301.14481	981.26866
47 GRTS_15_911	10	1	1117.28961	965.14925	596.29696	951.04478
47 GRTS_15_911	11	0	1157.54040	1032.64925	509.69570	1012.50000
47 GRTS_15_911	11	1	1244.17209	982.27612	730.30430	975.22388
47 GRTS_15_911	12	0	408.56348	925.85821	21.15425	866.41791
47 GRTS_15_911	12	1	588.87828	869.44030	223.63064	828.13433
47 GRTS_15_911	13	0	381.00525	936.94030	54.39664	877.50000
47 GRTS_15_911	13	1	849.42078	942.98507	488.56243	914.77612
47 GRTS_15_911	14	0	694.79643	1035.69403	175.27807	979.25373
47 GRTS_15_911	14	1	519.51836	843.26866	306.23295	807.98507
47 GRTS_15_911	15	0	778.02413	704.36194	759.38825	695.78358
47 GRTS_15_911	15	1	834.93914	709.90299	821.84365	704.85075
45 GRTS_15_reef	0	0	382.02728	542.55597	435.56768	553.60075
45 GRTS_15_reef	0	1	234.45121	502.76119	319.72298	519.85075
45 GRTS_15_reef	1	0	576.20147	585.68657	456.32739	592.78358
45 GRTS_15_reef	1	1	217.58657	578.84328	72.52886	583.97015
45 GRTS_15_reef	2	0	895.99685	645.17164	796.98216	651.97015
45 GRTS_15_reef	2	1	985.65058	629.05224	907.79014	640.88806
45 GRTS_15_reef	3	0	1195.00420	281.05224	869.48269	286.11940
45 GRTS_15_reef	3	1	1365.24554	270.97761	1147.50997	266.97761
45 GRTS_15_reef	4	0	1290.06925	600.16418	1184.22350	613.24627
45 GRTS_15_reef	4	1	1049.31375	561.88060	958.57817	569.92537
45 GRTS_15_reef	5	0	1447.55509	472.41045	1178.47534	474.39552
45 GRTS_15_reef	5	1	1827.32424	401.88806	1513.92130	390.77612
45 GRTS_15_reef	6	0	1125.97692	539.39179	1274.76390	555.01866
45 GRTS_15_reef	6	1	1235.77754	515.21269	1390.60860	528.82463
45 GRTS_15_reef	7	0	1789.04512	729.85821	1434.72193	754.97015
45 GRTS_15_reef	7	1	1551.31165	767.13433	1091.21721	785.19403
45 GRTS_15_reef	8	0	862.44596	174.29104	683.04932	198.47015
45 GRTS_15_reef	8	1	1145.50997	129.96269	935.89297	137.01493
45 GRTS_15_reef	9	0	684.26233	502.36567	432.66632	513.41791
45 GRTS_15_reef	9	1	948.18678	411.69403	725.80378	422.74627
45 GRTS_15_reef	10	0	470.83526	270.66418	357.60756	304.69403
45 GRTS_15_reef	10	1	640.06925	326.07463	566.12802	348.01493
45 GRTS_15_reef	11	0	1472.73872	360.05970	1198.37251	357.97015
45 GRTS_15_reef	11	1	1753.78804	339.91045	1443.15740	322.70896
45 GRTS_15_reef	12	0	923.77859	569.97015	248.70409	566.69403
45 GRTS_15_reef	12	1	1454.64953	451.08955	779.57503	448.82090
45 GRTS_15_reef	13	0	1222.91710	352.61194	346.52676	352.61194
45 GRTS_15_reef	13	1	828.03778	147.08955	84.61700	183.35821
45 GRTS_15_reef	14	0	1029.57817	480.92537	961.58552	493.91791
45 GRTS_15_reef	14	1	1203.84890	470.85075	1169.09864	479.81343
45 GRTS_15_reef	15	0	1823.29486	555.56716	1496.91501	562.05970
45 GRTS_15_reef	15	1	1595.63484	628.10448	1296.45331	642.65672
45 GRTS_15_reef	16	0	404.37985	192.42537	33.24239	235.74627
45 GRTS_15_reef	16	1	754.93599	207.53731	252.84365	238.76866
45 GRTS_15_reef	17	0	1648.01679	517.83582	634.62749	509.77612
45 GRTS_15_reef	17	1	1781.99370	451.87313	1125.87198	442.55224
45 GRTS_15_reef	18	0	963.02204	991.34328	550.01049	981.26866
45 GRTS_15_reef	18	1	1231.20986	419.50000	1032.17314	427.58955
45 GRTS_15_reef	19	0	853.71773	916.79104	565.65163	908.73134
45 GRTS_15_reef	19	1	1102.53200	960.11194	748.98846	962.12687
45 GRTS_15_reef	20	0	844.31270	945.00000	547.07030	933.91791
45 GRTS_15_reef	20	1	827.18783	835.18657	604.48898	831.15672
45 GRTS_15_reef	21	0	926.93075	976.23134	596.84260	968.17164
45 GRTS_15_reef	21	1	1120.34103	972.20149	738.87828	976.23134
53 GRTS_16_492	0	0	31.11645	924.23077	44.94598	858.46154
53 GRTS_16_492	0	1	117.55102	889.61538	155.58223	838.84615
53 GRTS_16_492	1	0	797.68788	776.38462	878.91236	769.46154
53 GRTS_16_492	1	1	660.54502	778.69231	752.14166	763.69231
53 GRTS_16_492	2	0	169.41176	911.53846	139.44778	846.92308
53 GRTS_16_492	2	1	270.82833	863.07692	282.35294	818.07692
53 GRTS_16_492	3	0	199.37575	988.84615	87.58703	916.15385
53 GRTS_16_492	3	1	292.72509	925.38462	231.64466	873.46154
53 GRTS_16_492	4	0	522.03361	639.46154	572.81393	628.76923
53 GRTS_16_492	4	1	659.17647	676.38462	709.95678	663.38462
53 GRTS_16_492	5	0	760.61224	733.15385	787.17167	719.92308
53 GRTS_16_492	5	1	912.73709	706.61538	924.31453	701.46154
53 GRTS_16_492	6	0	437.93517	866.53846	169.41176	817.30769
53 GRTS_16_492	6	1	248.93157	814.61538	56.47059	768.84615
53 GRTS_16_492	7	0	11.52461	553.30769	157.88715	549.15385
53 GRTS_16_492	7	1	126.77071	544.07692	218.96759	530.69231
53 GRTS_16_492	8	0	259.30372	738.30769	216.66267	702.15385
53 GRTS_16_492	8	1	475.96639	708.30769	387.22689	688.30769
53 GRTS_16_492	9	0	776.80912	757.23077	790.79592	748.15385
53 GRTS_16_492	9	1	597.02521	743.38462	630.60384	727.38462
53 GRTS_16_492	10	0	1259.88956	795.00000	1189.84514	799.84615
53 GRTS_16_492	10	1	1062.81873	810.00000	1021.58583	805.61538
53 GRTS_16_492	11	0	679.60264	626.07692	532.43697	616.15385
53 GRTS_16_492	11	1	424.90876	598.38462	230.49220	583.84615
53 GRTS_16_492	12	0	309.66267	503.76923	364.17767	501.69231
53 GRTS_16_492	12	1	485.98920	525.69231	527.82713	521.30769
53 GRTS_16_492	13	0	1061.48259	415.92308	931.18848	406.15385
53 GRTS_16_492	13	1	1214.75990	443.61538	1145.57623	439.84615
53 GRTS_16_492	14	0	1215.22569	658.53846	1297.53061	665.15385
53 GRTS_16_492	14	1	1121.87635	668.92308	1213.40096	668.61538
53 GRTS_16_492	15	0	165.95438	786.92308	262.76110	752.30769
53 GRTS_16_492	15	1	39.18367	766.15385	189.00360	722.30769
53 GRTS_16_492	16	0	39.18367	586.15385	117.55102	565.38462
53 GRTS_16_492	16	1	246.62665	593.07692	304.24970	574.61538
53 GRTS_16_492	17	0	1163.98559	657.69231	993.42137	648.46154
53 GRTS_16_492	17	1	1366.81873	646.15385	1244.65786	657.69231
53 GRTS_16_492	18	0	1208.30132	758.07692	715.54862	749.30769
53 GRTS_16_492	18	1	730.03001	636.92308	438.95798	609.69231
53 GRTS_16_492	19	0	1064.87395	740.76923	728.35534	724.61538
53 GRTS_16_492	19	1	1495.89436	533.07692	1263.09724	535.38462
53 GRTS_16_492	20	0	527.41537	502.84615	527.76951	501.46154
53 GRTS_16_492	20	1	844.34214	472.84615	847.00120	473.76923
53 GRTS_16_492	21	0	703.90516	370.61538	129.07563	366.92308
53 GRTS_16_492	21	1	1374.63745	580.61538	898.91957	574.61538
53 GRTS_16_492	22	0	1037.21489	860.76923	567.01080	840.00000
53 GRTS_16_492	22	1	562.40096	433.84615	322.68908	436.15385
53 GRTS_16_492	23	0	1447.50420	464.46154	1741.36855	458.53846
53 GRTS_16_492	23	1	1319.58103	471.38462	1591.54862	466.61538
55 GRTS_16_592	0	0	1024.55102	924.19231	833.79952	914.03846
55 GRTS_16_592	0	1	1294.22689	905.15385	1107.50900	915.19231
55 GRTS_16_592	1	0	1064.87395	1029.23077	730.66026	1020.00000
55 GRTS_16_592	1	1	1355.29412	1017.69231	1027.99520	1033.84615
55 GRTS_16_592	2	0	1002.64106	690.00000	364.17767	660.00000
55 GRTS_16_592	2	1	1463.62545	699.23077	792.89316	676.15385
55 GRTS_16_592	3	0	1327.63505	939.23077	1096.53061	962.30769
55 GRTS_16_592	3	1	1588.09124	980.76923	1361.02041	1013.07692
55 GRTS_16_592	4	0	1105.05771	766.67910	747.65163	751.75373
55 GRTS_16_592	4	1	1650.03148	821.08209	1208.00839	828.32090
55 GRTS_16_592	5	0	779.06363	761.53846	108.33133	720.00000
55 GRTS_16_592	5	1	1175.51020	694.61538	573.92557	660.00000
55 GRTS_16_592	6	0	707.61104	512.30769	716.83073	507.69231
55 GRTS_16_592	6	1	889.69988	521.53846	919.66387	514.61538
55 GRTS_16_592	7	0	859.73589	440.76923	640.76831	440.76923
55 GRTS_16_592	7	1	1166.29052	417.69231	970.37215	399.23077
55 GRTS_16_592	8	0	1299.97599	752.30769	1025.69028	750.00000
55 GRTS_16_592	8	1	1659.54382	782.30769	1366.81873	789.23077
55 GRTS_16_592	9	0	6.91477	148.23077	27.08283	190.42308
55 GRTS_16_592	9	1	261.60864	174.76923	262.76110	203.11538
55 GRTS_16_592	10	0	313.46939	341.53846	10.94838	346.46154
55 GRTS_16_592	10	1	511.69268	357.69231	293.30132	358.57692
55 GRTS_16_592	11	0	910.51020	338.11538	765.71669	330.50000
55 GRTS_16_592	11	1	1079.34574	336.38462	905.74070	326.46154
55 GRTS_16_592	12	0	1123.10924	405.30769	1063.85594	392.53846
55 GRTS_16_592	12	1	1329.39976	443.38462	1266.68908	422.53846
55 GRTS_16_592	13	0	1143.39616	537.53846	985.90756	531.92308
55 GRTS_16_592	13	1	1394.63265	521.96154	1188.16447	515.76923
55 GRTS_16_592	14	0	1481.03962	374.34615	1512.51261	352.73077
55 GRTS_16_592	14	1	1634.89316	366.84615	1664.06122	341.76923
55 GRTS_16_592	15	0	773.79952	496.73077	802.59784	492.61538
55 GRTS_16_592	15	1	876.94478	492.11538	924.75870	488.57692
55 GRTS_16_592	16	0	525.52221	339.23077	517.39376	349.73077
55 GRTS_16_592	16	1	599.27971	346.15385	621.69148	350.30769
55 GRTS_16_592	17	0	1299.97599	574.61538	1189.33974	570.00000
55 GRTS_16_592	17	1	1475.15006	546.92308	1334.54982	537.69231
55 GRTS_16_592	18	0	714.52581	768.46154	156.73469	733.84615
55 GRTS_16_592	18	1	1147.85114	632.30769	507.08283	606.92308
55 GRTS_16_592	19	0	403.36134	466.15385	4.60984	431.53846
55 GRTS_16_592	19	1	1046.43457	883.84615	629.24370	858.46154
55 GRTS_16_592	20	0	610.80432	113.07692	53.01321	133.84615
55 GRTS_16_592	20	1	1378.34334	380.76923	716.83073	355.38462
55 GRTS_16_592	21	0	259.38055	271.57692	392.03481	291.38462
55 GRTS_16_592	21	1	500.24490	283.11538	627.71309	294.84615
55 GRTS_16_592	22	0	984.20168	692.30769	649.98800	676.15385
55 GRTS_16_592	22	1	1618.05522	641.53846	1175.51020	632.30769
55 GRTS_16_592	23	0	951.48139	426.19231	1088.66987	424.00000
55 GRTS_16_592	23	1	1153.16206	436.00000	1271.33493	425.73077
52 GRTS_16_reef	0	0	1504.55102	707.00000	1115.83553	718.65385
52 GRTS_16_reef	0	1	1883.12125	779.80769	1384.35894	803.46154
52 GRTS_16_reef	1	0	1573.88475	1002.69231	1315.84874	1043.07692
52 GRTS_16_reef	1	1	1834.34094	981.34615	1624.20048	1031.53846
52 GRTS_16_reef	2	0	1436.24850	847.23077	630.70828	843.23077
52 GRTS_16_reef	2	1	1789.47779	1039.34615	1154.76591	1063.84615
52 GRTS_16_reef	3	0	1509.72389	510.00000	1198.55942	510.00000
52 GRTS_16_reef	3	1	1894.64586	507.69231	1486.67467	498.46154
52 GRTS_16_reef	4	0	679.95198	175.38462	96.80672	210.00000
52 GRTS_16_reef	4	1	1624.96999	182.30769	1085.61825	159.23077
52 GRTS_16_reef	5	0	1618.63145	754.23077	1725.81032	787.42308
52 GRTS_16_reef	5	1	1797.26291	719.61538	1909.05162	757.42308
52 GRTS_16_reef	6	0	1589.78391	734.23077	1703.33733	767.00000
52 GRTS_16_reef	6	1	1732.68908	753.84615	1864.68187	792.96154
52 GRTS_16_reef	7	0	706.07323	528.88462	667.95438	541.57692
52 GRTS_16_reef	7	1	1125.92917	558.11538	1041.89796	562.92308
52 GRTS_16_reef	8	0	1518.97239	529.57692	1500.50420	537.69231
52 GRTS_16_reef	8	1	1896.95078	590.76923	1913.08523	597.69231
78 GRTS_1_1	0	0	893.33473	649.92537	1013.87198	647.05224
78 GRTS_1_1	0	1	1059.54669	633.80597	1172.02518	631.94030
79 GRTS_1_1153	0	0	621.69990	869.39179	225.14166	828.33955
79 GRTS_1_1153	0	1	530.53515	874.42910	139.51731	836.39925
79 GRTS_1_1153	1	0	1241.18153	767.00000	1193.36201	776.51119
79 GRTS_1_1153	1	1	1195.34732	765.48881	1150.04617	773.99254
80 GRTS_1_2177	0	0	268.96118	712.73134	162.18258	719.73881
80 GRTS_1_2177	0	1	604.40714	733.88806	448.26863	750.97015
80 GRTS_1_2177	1	0	835.36831	789.22388	706.39454	813.48134
80 GRTS_1_2177	1	1	505.46275	775.62313	422.82686	789.30224
80 GRTS_1_2177	2	0	961.00735	955.07463	445.24659	949.02985
80 GRTS_1_2177	2	1	1355.88667	987.31343	906.61070	1013.50746
81 GRTS_1_577	0	0	1118.54879	813.02239	1007.37251	827.12687
81 GRTS_1_577	0	1	1358.29696	865.41045	1256.18678	889.58955
81 GRTS_1_577	1	0	989.15320	818.70896	787.01154	822.60448
81 GRTS_1_577	1	1	680.46905	898.45896	489.84365	885.88060
81 GRTS_1_577	2	0	1331.45435	835.43657	1177.82267	858.00000
81 GRTS_1_577	2	1	1544.92865	820.22015	1453.58237	853.09328
81 GRTS_1_577	3	0	733.66842	297.20149	785.19098	318.35821
81 GRTS_1_577	3	1	1575.80902	217.61194	1647.47849	197.46269
15 GRTS_23_1111	0	0	957.00315	553.73134	906.47429	566.08955
15 GRTS_23_1111	0	1	813.96013	530.55970	787.60756	539.89552
15 GRTS_23_1111	1	0	1248.43757	462.06716	1361.95908	478.11194
15 GRTS_23_1111	1	1	1389.46590	441.91791	1526.15635	456.95522
15 GRTS_23_1111	2	0	1169.86464	507.40299	1215.89402	523.44776
15 GRTS_23_1111	2	1	987.53515	459.04478	1041.62329	475.08955
15 GRTS_23_1111	3	0	1517.16264	973.20896	1251.95068	1016.52985
15 GRTS_23_1111	3	1	776.71878	873.47015	511.07030	858.35821
15 GRTS_23_1111	4	0	546.90976	1062.87313	139.01364	1002.42537
15 GRTS_23_1111	4	1	1635.92865	810.00000	1192.69675	832.16418
15 GRTS_23_1111	5	0	846.31270	48.35821	1080.07765	68.50746
15 GRTS_23_1111	5	1	964.17209	54.40299	1190.88562	69.51493
15 GRTS_23_1111	6	0	1570.45121	768.85075	1582.53935	812.06716
15 GRTS_23_1111	6	1	1792.06716	785.97761	1789.04512	841.28358
15 GRTS_23_1111	7	0	1514.03987	699.93284	1427.40818	731.11940
15 GRTS_23_1111	7	1	1800.12592	783.55224	1687.30325	832.87313
15 GRTS_23_1111	8	0	1479.79014	678.92537	1389.12907	704.82090
15 GRTS_23_1111	8	1	1745.72928	711.16418	1671.18573	751.16418
12 GRTS_23_23	0	0	673.64706	852.96154	282.44058	817.19231
12 GRTS_23_23	0	1	812.51861	988.53846	455.59064	936.57692
12 GRTS_23_23	1	0	898.91957	606.92308	548.57143	581.53846
12 GRTS_23_23	1	1	1113.27731	466.15385	762.92917	450.00000
12 GRTS_23_23	2	0	1616.79712	417.50000	1667.03481	397.03846
12 GRTS_23_23	2	1	1751.05882	339.03846	1809.93998	305.88462
12 GRTS_23_23	3	0	1476.76810	191.41791	1055.69780	155.14925
12 GRTS_23_23	3	1	1895.82371	350.59701	1563.39979	308.28358
12 GRTS_23_23	4	0	1571.95678	720.00000	1543.61585	728.11538
12 GRTS_23_23	4	1	1815.12605	726.57692	1783.32773	737.34615
12 GRTS_23_23	5	0	638.46339	579.23077	475.81753	558.88462
12 GRTS_23_23	5	1	803.49220	543.07692	703.42857	530.03846
12 GRTS_23_23	6	0	1546.60264	454.61538	1431.35654	433.84615
12 GRTS_23_23	6	1	1892.34094	516.92308	1730.99640	505.38462
12 GRTS_23_23	7	0	698.53301	866.15385	634.71669	837.88462
12 GRTS_23_23	7	1	1034.47539	953.84615	870.39496	945.76923
12 GRTS_23_23	8	0	1219.30372	747.69231	1313.80552	759.23077
12 GRTS_23_23	8	1	1567.34694	759.23077	1714.86194	773.07692
12 GRTS_23_23	9	0	1185.07083	830.11538	1131.68067	830.23077
12 GRTS_23_23	9	1	1597.31092	701.53846	1673.37335	710.76923
12 GRTS_23_23	10	0	1002.64106	1059.23077	656.90276	1036.15385
12 GRTS_23_23	10	1	1779.39976	874.61538	1560.43217	906.92308
12 GRTS_23_23	11	0	1518.87395	818.42308	1205.65186	818.88462
12 GRTS_23_23	11	1	1868.64586	936.11538	1448.24490	956.19231
12 GRTS_23_23	12	0	755.65186	914.88462	626.00120	884.11538
12 GRTS_23_23	12	1	1036.85234	854.88462	910.87755	843.50000
12 GRTS_23_23	13	0	1663.57743	609.53846	1611.02161	609.19231
12 GRTS_23_23	13	1	1839.32773	619.92308	1736.63986	616.11538
16 GRTS_23_855	0	0	1670.49220	788.42308	1217.29052	812.69231
16 GRTS_23_855	0	1	1678.77911	629.03846	1318.13085	640.76923
16 GRTS_23_855	1	0	547.66267	666.23077	217.78151	671.42308
16 GRTS_23_855	1	1	626.03001	903.34615	286.92917	901.03846
16 GRTS_23_855	2	0	1067.45858	712.88462	848.70348	723.46154
16 GRTS_23_855	2	1	1285.84994	690.38462	1108.58343	706.73077
16 GRTS_23_855	3	0	964.68908	655.76923	948.64946	673.53846
16 GRTS_23_855	3	1	1092.61224	652.88462	1059.28571	668.92308
16 GRTS_23_855	4	0	539.35174	1017.69231	297.33493	1001.53846
16 GRTS_23_855	4	1	1207.77911	893.07692	968.06723	916.15385
16 GRTS_23_855	5	0	1152.02641	867.73077	1072.83313	892.15385
16 GRTS_23_855	5	1	1358.89316	870.03846	1316.00240	903.11538
16 GRTS_23_855	6	0	506.22329	958.26923	507.17647	956.53846
16 GRTS_23_855	6	1	744.20648	989.42308	735.93998	994.61538
16 GRTS_23_855	7	0	974.44538	823.57692	724.90516	840.30769
16 GRTS_23_855	7	1	1199.17527	899.15385	909.29892	916.46154
16 GRTS_23_855	8	0	631.54862	962.30769	246.62665	948.46154
16 GRTS_23_855	8	1	1235.43818	955.38462	880.48019	992.30769
16 GRTS_23_855	9	0	13.82953	627.69231	18.43938	662.30769
16 GRTS_23_855	9	1	1002.64106	923.07692	1000.33613	941.53846
16 GRTS_23_855	10	0	789.25184	278.87313	605.17104	308.78358
16 GRTS_23_855	10	1	560.08080	324.20896	430.90031	359.15672
16 GRTS_23_855	11	0	600.63799	481.85821	452.14481	507.42910
16 GRTS_23_855	11	1	396.14690	470.27239	308.59811	500.88060
14 GRTS_23_967	0	0	1595.41763	810.02239	1457.37356	828.88806
14 GRTS_23_967	0	1	1674.49423	787.35448	1542.99790	811.76119
14 GRTS_23_967	1	0	437.62425	888.84615	30.73229	831.53846
14 GRTS_23_967	1	1	564.01080	744.61538	158.65546	707.69231
14 GRTS_23_967	2	0	721.14886	715.84615	381.06963	686.84615
14 GRTS_23_967	2	1	782.99760	615.84615	428.70468	597.61538
14 GRTS_23_967	3	0	940.38655	519.84615	622.73469	507.92308
14 GRTS_23_967	3	1	982.25930	386.76923	666.52821	379.84615
14 GRTS_23_967	4	0	681.75971	592.05970	735.90346	581.34701
14 GRTS_23_967	4	1	850.49003	587.02239	910.17419	579.33209
14 GRTS_23_967	5	0	1412.85474	397.15385	1616.08764	379.61538
14 GRTS_23_967	5	1	1546.15606	389.07692	1777.04802	368.07692
14 GRTS_23_967	6	0	1540.50780	334.84615	1404.59304	313.38462
14 GRTS_23_967	6	1	1665.35774	353.30769	1624.32893	326.46154
14 GRTS_23_967	7	0	1639.47179	379.38462	1688.11765	351.38462
14 GRTS_23_967	7	1	1757.79112	366.30769	1861.37095	337.92308
14 GRTS_23_967	8	0	890.63025	415.23077	1082.95318	410.53846
14 GRTS_23_967	8	1	991.27851	410.23077	1183.98559	404.76923
14 GRTS_23_967	9	0	50.32413	387.69231	286.67827	397.30769
14 GRTS_23_967	9	1	223.96158	390.38462	429.19928	396.92308
14 GRTS_23_967	10	0	424.38090	230.25746	558.72613	239.87313
14 GRTS_23_967	10	1	492.88038	246.88060	608.58972	258.51119
14 GRTS_23_967	11	0	476.19727	615.14179	547.06925	605.42164
14 GRTS_23_967	11	1	766.81637	610.60821	869.41973	607.94030
14 GRTS_23_967	12	0	418.90346	611.42537	417.04092	600.14925
14 GRTS_23_967	12	1	857.09864	747.43284	698.09024	736.15672
14 GRTS_23_967	13	0	1213.19088	742.23077	867.43337	731.23077
14 GRTS_23_967	13	1	1556.62425	734.15385	1377.97359	747.38462
14 GRTS_23_967	14	0	470.38655	63.07692	719.81273	81.53846
14 GRTS_23_967	14	1	604.45618	70.00000	850.42497	80.38462
14 GRTS_23_967	15	0	1631.59904	234.61538	1705.44178	187.53846
14 GRTS_23_967	15	1	1728.02161	206.15385	1813.38896	154.84615
100 GRTS_28_1052	0	0	1722.64106	802.65812	1718.36855	862.41880
100 GRTS_28_1052	0	1	1860.64826	826.19658	1867.03601	900.19658
100 GRTS_28_1052	1	0	1536.65546	777.32479	1515.21489	824.53846
100 GRTS_28_1052	1	1	1641.81753	786.91453	1632.18968	839.06838
100 GRTS_28_1052	2	0	1622.50180	713.02564	1777.95918	768.54701
100 GRTS_28_1052	2	1	1684.73469	716.51282	1854.59784	772.61538
100 GRTS_28_1052	3	0	1402.26411	633.77778	1418.77191	664.94017
100 GRTS_28_1052	3	1	1458.15846	639.29915	1471.49700	673.07692
100 GRTS_28_1052	4	0	1378.63866	610.52991	1393.41777	637.62393
100 GRTS_28_1052	4	1	1439.71909	613.14530	1456.80312	646.34188
100 GRTS_28_1052	5	0	1439.14286	591.35043	1463.14166	619.89744
100 GRTS_28_1052	5	1	1501.66387	596.00000	1521.91717	626.00000
100 GRTS_28_1052	6	0	1504.19688	581.03419	1527.68908	608.96581
100 GRTS_28_1052	6	1	1570.46339	594.69231	1595.10804	625.82051
100 GRTS_28_1052	7	0	1289.38535	582.69231	1300.73950	607.75214
100 GRTS_28_1052	7	1	1352.48259	585.88889	1362.39616	614.43590
100 GRTS_28_1052	8	0	1340.09364	576.58974	1365.85354	604.26496
100 GRTS_28_1052	8	1	1398.00480	581.52991	1417.71429	608.62393
100 GRTS_28_1052	9	0	1321.36615	542.88034	1342.22809	566.77778
100 GRTS_28_1052	9	1	1375.81993	549.27350	1402.73229	576.07692
100 GRTS_28_1052	10	0	1364.29532	521.08547	1386.59784	542.94872
100 GRTS_28_1052	10	1	1421.91837	528.05983	1441.62785	551.08547
100 GRTS_28_1052	11	0	1393.43337	568.48718	1423.53541	593.84615
100 GRTS_28_1052	11	1	1447.59904	570.52137	1475.97239	598.49573
100 GRTS_28_1052	12	0	1412.16086	557.73504	1417.19688	584.25641
100 GRTS_28_1052	12	1	1470.07203	554.82906	1470.49820	583.09402
100 GRTS_28_1052	13	0	1430.02401	544.94872	1464.15966	571.76068
100 GRTS_28_1052	13	1	1483.90156	549.59829	1519.18968	577.86325
100 GRTS_28_1052	14	0	1455.66627	519.08547	1476.54862	542.11966
100 GRTS_28_1052	14	1	1513.86555	528.96581	1536.76471	553.74359
98 GRTS_28_28	0	0	1639.95803	1028.61940	1289.04827	1060.85821
98 GRTS_28_28	0	1	1804.15530	1025.59701	1464.32634	1075.97015
98 GRTS_28_28	1	0	851.61345	562.42308	821.42737	574.80769
98 GRTS_28_28	1	1	1001.43337	563.00000	960.87515	573.65385
98 GRTS_28_28	2	0	274.22809	709.00000	80.67227	700.34615
98 GRTS_28_28	2	1	497.22929	681.30769	285.23409	675.53846
98 GRTS_28_28	3	0	821.03481	557.73077	819.35774	570.23077
98 GRTS_28_28	3	1	956.44898	528.88462	948.43337	543.11538
98 GRTS_28_28	4	0	1173.32413	563.92308	1208.56182	576.26923
98 GRTS_28_28	4	1	1264.36855	570.84615	1280.59064	580.30769
98 GRTS_28_28	5	0	879.61345	718.38462	837.38896	727.19231
98 GRTS_28_28	5	1	1019.63745	716.07692	948.60144	724.88462
98 GRTS_28_28	6	0	694.83313	590.00000	692.68307	600.84615
98 GRTS_28_28	6	1	830.24730	616.53846	809.08163	625.65385
98 GRTS_28_28	7	0	783.76591	517.88462	805.74790	532.03846
98 GRTS_28_28	7	1	897.28331	546.73077	903.13085	562.61538
98 GRTS_28_28	8	0	1216.28812	539.88462	1301.27251	550.34615
98 GRTS_28_28	8	1	1292.35054	557.76923	1360.62425	569.38462
98 GRTS_28_28	9	0	1510.45018	752.26923	1350.68427	775.38462
98 GRTS_28_28	9	1	1672.37095	745.34615	1472.84514	756.92308
98 GRTS_28_28	10	0	1570.37815	667.46154	1428.07323	682.26923
98 GRTS_28_28	10	1	1700.03001	655.92308	1533.52341	673.03846
98 GRTS_28_28	11	0	1655.66026	719.96154	1584.63385	742.19231
98 GRTS_28_28	11	1	1838.90156	701.50000	1783.43337	730.65385
98 GRTS_28_28	12	0	235.10444	479.23077	414.27251	501.34615
98 GRTS_28_28	12	1	331.33493	469.42308	485.14886	493.84615
98 GRTS_28_28	13	0	256.42497	501.15385	441.93157	522.11538
98 GRTS_28_28	13	1	348.62185	501.15385	511.65546	520.96154
98 GRTS_28_28	14	0	1529.47659	573.65385	1641.68067	585.30769
98 GRTS_28_28	14	1	1630.31693	582.88462	1736.75870	595.11538
98 GRTS_28_28	15	0	771.78391	597.50000	690.30852	608.00000
98 GRTS_28_28	15	1	927.36615	583.07692	840.12845	593.00000
98 GRTS_28_28	16	0	1210.90036	501.84615	1249.63145	515.23077
98 GRTS_28_28	16	1	1340.55222	513.96154	1376.40216	521.00000
98 GRTS_28_28	17	0	1483.90756	509.88462	1465.05282	514.50000
98 GRTS_28_28	17	1	1644.67587	517.38462	1637.34574	523.15385
98 GRTS_28_28	18	0	1023.32413	547.19231	1089.71429	557.26923
98 GRTS_28_28	18	1	1108.60624	542.00000	1158.28571	552.65385
98 GRTS_28_28	19	0	966.95198	639.57692	983.35774	653.42308
98 GRTS_28_28	19	1	1089.11285	632.07692	1102.63745	648.23077
98 GRTS_28_28	20	0	1095.95198	613.46154	1163.44538	629.19231
98 GRTS_28_28	20	1	1180.65786	616.92308	1243.54142	633.80769
98 GRTS_28_28	21	0	942.44538	692.03846	897.37815	701.34615
98 GRTS_28_28	21	1	1093.99400	675.30769	1034.52101	689.23077
98 GRTS_28_28	22	0	1170.44538	559.50000	1183.25690	571.11538
98 GRTS_28_28	22	1	1296.63986	577.38462	1304.26531	590.15385
98 GRTS_28_28	23	0	1662.42497	667.19231	1694.69388	689.11538
98 GRTS_28_28	23	1	1758.65546	646.42308	1816.27851	668.34615
98 GRTS_28_28	24	0	1674.52581	610.23077	1809.36375	626.65385
98 GRTS_28_28	24	1	1747.13085	601.57692	1908.47539	621.46154
98 GRTS_28_28	25	0	1715.43818	747.30769	1642.83313	776.76923
98 GRTS_28_28	25	1	1880.81633	716.15385	1845.09004	746.19231
98 GRTS_28_28	26	0	859.84874	591.15385	882.93637	604.57692
98 GRTS_28_28	26	1	960.11285	605.00000	973.40456	616.11538
98 GRTS_28_28	27	0	546.48739	768.15385	462.87515	768.07692
98 GRTS_28_28	27	1	404.73469	757.76923	296.34454	749.61538
98 GRTS_28_28	28	0	1632.46098	795.34615	1379.63385	820.07692
98 GRTS_28_28	28	1	1894.06963	706.50000	1652.19088	728.92308
101 GRTS_28_284	0	0	120.01049	715.75373	1.51102	681.26493
101 GRTS_28_284	0	1	494.23924	758.57090	329.90556	729.11940
101 GRTS_28_284	1	0	362.82581	769.99254	265.27912	739.88806
101 GRTS_28_284	1	1	735.51626	797.81716	627.39140	780.92537
101 GRTS_28_284	2	0	737.57503	26.53846	492.10084	43.84615
101 GRTS_28_284	2	1	401.05642	80.76923	259.30372	113.07692
101 GRTS_28_284	3	0	392.86464	78.58209	259.51731	113.84328
101 GRTS_28_284	3	1	574.61280	74.04851	378.38405	102.76119
101 GRTS_28_284	4	0	1257.16206	900.00000	982.06483	908.07692
101 GRTS_28_284	4	1	889.52701	931.15385	569.48379	910.38462
101 GRTS_28_284	5	0	1070.38776	692.69231	1131.09604	689.38462
101 GRTS_28_284	5	1	951.68427	695.00000	993.95318	694.00000
101 GRTS_28_284	6	0	1720.62425	973.84615	1369.12365	1026.92308
101 GRTS_28_284	6	1	1219.30372	879.23077	942.11885	881.53846
101 GRTS_28_284	7	0	398.75150	711.92308	368.78752	691.76923
101 GRTS_28_284	7	1	5.76230	737.30769	19.59184	702.15385
99 GRTS_28_348	0	0	1407.91837	965.76923	1240.71669	979.61538
99 GRTS_28_348	0	1	1502.42017	947.30769	1343.86194	966.34615
99 GRTS_28_348	1	0	1180.12005	461.53846	723.74550	438.46154
99 GRTS_28_348	1	1	1274.62185	720.00000	792.89316	699.23077
99 GRTS_28_348	2	0	1304.58583	664.61538	938.10324	655.38462
99 GRTS_28_348	2	1	1569.65186	669.23077	1203.16927	666.92308
99 GRTS_28_348	3	0	1834.14166	806.34615	1474.18727	817.61538
99 GRTS_28_348	3	1	1842.20888	657.50000	1530.08163	654.92308
99 GRTS_28_348	4	0	1477.33974	686.34615	1363.92077	691.50000
99 GRTS_28_348	4	1	1684.20648	667.30769	1634.17287	670.15385
99 GRTS_28_348	5	0	1283.83553	488.76923	1168.68067	468.96154
99 GRTS_28_348	5	1	1420.97839	477.80769	1304.67107	458.57692
99 GRTS_28_348	6	0	1132.86315	540.11538	1219.38896	530.69231
99 GRTS_28_348	6	1	1294.20768	530.30769	1369.78511	522.03846
99 GRTS_28_348	7	0	1380.75030	463.07692	1311.22569	448.07692
99 GRTS_28_348	7	1	1547.28091	474.61538	1475.45138	460.76923
99 GRTS_28_348	8	0	1224.10684	583.73077	1236.59784	573.19231
99 GRTS_28_348	8	1	1365.28331	573.92308	1367.40216	568.00000
99 GRTS_28_348	9	0	1417.14406	527.19231	1391.02761	513.76923
99 GRTS_28_348	9	1	1518.56062	520.84615	1486.68187	509.73077
99 GRTS_28_348	10	0	1664.72989	400.88462	1488.97959	366.92308
99 GRTS_28_348	10	1	1899.83193	382.42308	1747.13085	341.53846
99 GRTS_28_348	11	0	1647.44298	561.30769	1586.93878	552.11538
99 GRTS_28_348	11	1	1834.14166	548.61538	1800.72029	537.11538
99 GRTS_28_348	12	0	1454.31333	145.76923	1281.27491	105.57692
99 GRTS_28_348	12	1	1658.29892	97.88462	1428.21369	38.65385
33 GRTS_2_1597	0	0	1770.91291	711.08955	1836.39035	758.02239
33 GRTS_2_1597	0	1	1580.52466	664.74627	1640.96537	698.58209
33 GRTS_2_1597	1	0	977.81427	661.92537	1064.87618	680.56343
33 GRTS_2_1597	1	1	827.71983	663.43657	904.20462	674.51866
33 GRTS_2_1597	2	0	784.39244	864.40299	602.39244	853.32090
33 GRTS_2_1597	2	1	411.67471	853.32090	171.24869	814.02985
33 GRTS_2_1597	3	0	1635.69255	729.54851	1818.76180	775.36940
33 GRTS_2_1597	3	1	1501.21196	721.48881	1640.46170	761.26493
33 GRTS_2_1597	4	0	1646.00210	781.79104	1676.22246	830.14925
33 GRTS_2_1597	4	1	1873.66212	890.59701	1793.07450	951.04478
33 GRTS_2_1597	5	0	1270.26233	592.25373	1147.42497	603.24627
33 GRTS_2_1597	5	1	1679.24449	464.30597	1527.19412	465.22388
33 GRTS_2_1597	6	0	664.72718	665.46642	853.66107	677.29478
33 GRTS_2_1597	6	1	908.50472	681.58582	1080.81742	701.97761
33 GRTS_2_1597	7	0	1198.44281	754.97015	1257.16684	785.82090
33 GRTS_2_1597	7	1	802.93599	700.34701	886.46380	709.25373
30 GRTS_2_2	0	0	700.46695	354.66418	336.45331	385.44030
30 GRTS_2_2	0	1	652.11438	618.61940	207.51312	630.25373
30 GRTS_2_2	1	0	561.39454	6.04478	123.90346	61.45522
30 GRTS_2_2	1	1	937.13431	74.55224	464.38615	105.78358
30 GRTS_2_2	2	0	734.03987	502.60448	212.54984	521.50746
30 GRTS_2_2	2	1	614.16579	565.06716	36.26443	582.96269
30 GRTS_2_2	3	0	910.64008	576.26866	201.46905	586.34328
30 GRTS_2_2	3	1	1692.33998	38.28358	729.31794	20.14925
30 GRTS_2_2	4	0	1843.44176	173.28358	1192.69675	143.05970
30 GRTS_2_2	4	1	749.46485	306.26866	18.13221	334.47761
30 GRTS_2_2	5	0	1825.30955	18.13433	969.06611	6.04478
30 GRTS_2_2	5	1	926.75761	288.13433	2.01469	316.34328
30 GRTS_2_2	6	0	1015.40399	620.59701	171.24869	630.67164
30 GRTS_2_2	6	1	1819.26548	451.34328	1085.91815	437.23881
30 GRTS_2_2	7	0	558.06925	350.59701	62.45540	398.95522
30 GRTS_2_2	7	1	1239.03463	388.88060	634.62749	392.91045
30 GRTS_2_2	8	0	1726.58972	953.05970	791.77335	981.26866
30 GRTS_2_2	8	1	1158.44701	419.10448	588.28961	425.14925
30 GRTS_2_2	9	0	1204.78489	564.17910	568.14271	572.23881
30 GRTS_2_2	9	1	1764.86884	253.88060	1196.72613	233.73134
30 GRTS_2_2	10	0	979.13956	491.64179	32.23505	507.76119
30 GRTS_2_2	10	1	1621.82581	634.70149	908.62539	644.77612
30 GRTS_2_2	11	0	1885.75026	596.41791	1192.69675	600.44776
30 GRTS_2_2	11	1	1208.81427	282.08955	356.60021	292.16418
30 GRTS_2_2	12	0	1007.34523	370.74627	58.42602	390.89552
30 GRTS_2_2	12	1	1787.03043	513.80597	1043.60965	509.77612
34 GRTS_2_2045	0	0	979.06086	700.34328	872.04722	693.93284
34 GRTS_2_2045	0	1	539.85834	640.90299	512.42497	628.44776
34 GRTS_2_2045	1	0	354.58552	762.58582	241.25918	728.15672
34 GRTS_2_2045	1	1	97.71249	692.56716	57.41868	659.14552
34 GRTS_2_2045	2	0	1026.21406	831.45149	867.11123	824.96269
34 GRTS_2_2045	2	1	806.61280	808.78358	593.11333	789.70149
34 GRTS_2_2045	3	0	775.16264	831.48134	556.47849	806.45896
34 GRTS_2_2045	3	1	454.32319	807.80597	269.88877	770.19030
34 GRTS_2_2045	4	0	19.13956	790.52985	64.47009	741.28358
34 GRTS_2_2045	4	1	624.55404	630.34328	651.75236	619.38060
34 GRTS_2_2045	5	0	553.70409	778.76866	506.31375	755.91791
34 GRTS_2_2045	5	1	177.79643	784.11567	166.21196	746.22761
34 GRTS_2_2045	6	0	898.17629	643.00746	961.90766	638.56716
34 GRTS_2_2045	6	1	1077.98741	633.43657	1128.62329	634.53731
34 GRTS_2_2045	7	0	1100.02099	995.37313	658.80378	975.22388
34 GRTS_2_2045	7	1	163.18993	827.12687	133.97692	768.92537
32 GRTS_2_2109	0	0	555.87303	867.42537	476.32109	858.35821
32 GRTS_2_2109	0	1	949.74502	805.97015	889.33263	814.02985
32 GRTS_2_2109	1	0	1110.67261	734.61194	947.03253	746.61194
32 GRTS_2_2109	1	1	851.78489	826.29104	678.07135	826.20149
32 GRTS_2_2109	2	0	1585.56139	737.73881	1480.79748	764.66418
32 GRTS_2_2109	2	1	1824.30220	815.31343	1746.73662	858.35821
32 GRTS_2_2109	3	0	852.52046	786.82836	624.09444	788.84328
32 GRTS_2_2109	3	1	1395.47954	889.58955	1175.11228	914.77612
32 GRTS_2_2109	4	0	106.77859	909.73881	31.22770	877.50000
32 GRTS_2_2109	4	1	882.43442	835.18657	672.90661	836.19403
32 GRTS_2_2109	5	0	705.54984	939.96269	481.26863	926.86567
32 GRTS_2_2109	5	1	1577.50262	949.02985	1156.43232	979.25373
31 GRTS_2_reef	0	0	1513.03253	687.08955	1079.87408	679.02985
31 GRTS_2_reef	0	1	1216.87303	713.28358	699.09759	695.14925
31 GRTS_2_reef	1	0	1321.63694	971.19403	1011.37461	973.20896
31 GRTS_2_reef	1	1	1136.28541	1037.68657	751.47954	1019.55224
31 GRTS_2_reef	2	0	1680.25184	870.44776	1414.31270	890.59701
31 GRTS_2_reef	2	1	1454.60651	963.13433	1098.00630	973.20896
31 GRTS_2_reef	3	0	1543.25289	628.65672	1450.57712	626.64179
31 GRTS_2_reef	3	1	1851.50052	743.50746	1666.14900	759.62687
31 GRTS_2_reef	4	0	1597.64953	836.19403	1069.80063	836.19403
31 GRTS_2_reef	4	1	1646.00210	1021.56716	1091.96222	1035.67164
31 GRTS_2_reef	5	0	723.27387	807.98507	80.58762	753.58209
31 GRTS_2_reef	5	1	811.92025	187.38806	443.23190	193.43284
31 GRTS_2_reef	6	0	1251.29696	689.96269	1189.90661	686.98507
31 GRTS_2_reef	6	1	794.96957	662.76119	717.46170	648.70149
31 GRTS_2_reef	7	0	896.09339	743.43284	713.15215	725.72388
31 GRTS_2_reef	7	1	1321.19307	572.16418	1159.40609	565.53731
31 GRTS_2_reef	8	0	1015.47534	210.55970	1105.94544	204.51493
31 GRTS_2_reef	8	1	1192.76810	122.91045	1231.86359	100.74627
31 GRTS_2_reef	9	0	772.23085	308.26866	801.21616	304.96269
31 GRTS_2_reef	9	1	444.84365	302.22388	509.08604	313.02239
31 GRTS_2_reef	10	0	910.50472	334.46269	811.72613	325.41045
31 GRTS_2_reef	10	1	1328.55299	272.00000	1213.65687	246.82836
31 GRTS_2_reef	11	0	1367.97482	267.98507	1437.48164	240.78358
31 GRTS_2_reef	11	1	1614.77440	271.00746	1649.02413	234.73881
31 GRTS_2_reef	12	0	1191.46485	399.11194	952.97272	388.17910
31 GRTS_2_reef	12	1	713.98321	654.00000	531.90241	637.02239
31 GRTS_2_reef	13	0	122.89612	785.82090	114.83736	734.18657
31 GRTS_2_reef	13	1	636.64218	723.35821	604.40714	699.93284
31 GRTS_2_reef	14	0	446.82267	518.61567	480.97377	511.75746
31 GRTS_2_reef	14	1	689.59286	483.35448	750.94229	479.01493
31 GRTS_2_reef	15	0	1007.66737	491.75373	696.84470	476.64179
31 GRTS_2_reef	15	1	1578.83211	404.10448	1258.94334	376.90299
31 GRTS_2_reef	16	0	731.98321	227.68657	846.66737	232.72388
31 GRTS_2_reef	16	1	1076.49528	170.26119	1219.38510	156.15672
31 GRTS_2_reef	17	0	1027.49213	693.13433	699.09759	672.98507
31 GRTS_2_reef	17	1	394.87933	814.02985	78.57293	755.59701
31 GRTS_2_reef	18	0	1301.49003	755.59701	789.75866	733.43284
31 GRTS_2_reef	18	1	1837.39769	209.55224	1228.96118	157.16418
31 GRTS_2_reef	19	0	693.05352	765.67164	302.20357	729.40299
31 GRTS_2_reef	19	1	1241.04932	747.53731	876.39035	739.47761
31 GRTS_2_reef	20	0	189.38090	348.28358	223.63064	358.13433
31 GRTS_2_reef	20	1	427.11438	285.82090	446.25393	295.67164
31 GRTS_2_reef	21	0	1565.99161	286.29104	1639.95803	247.49254
31 GRTS_2_reef	21	1	1741.26967	253.04478	1853.51522	206.18657
31 GRTS_2_reef	22	0	1365.70829	198.54104	1448.18993	168.42164
31 GRTS_2_reef	22	1	1467.95383	178.39179	1591.23295	139.70896
31 GRTS_2_reef	23	0	1255.26863	143.05970	1381.07030	116.86567
31 GRTS_2_reef	23	1	1363.05456	136.00746	1504.97377	98.73134
31 GRTS_2_reef	24	0	1540.34837	150.11194	1750.76600	101.75373
31 GRTS_2_reef	24	1	1398.31270	173.28358	1579.51731	136.00746
31 GRTS_2_reef	25	0	739.53515	364.70149	856.56348	363.69403
31 GRTS_2_reef	25	1	862.43127	313.32090	961.32739	310.29851
31 GRTS_2_reef	26	0	934.96013	196.45522	895.84995	195.44776
31 GRTS_2_reef	26	1	1063.90031	235.74627	1064.07660	226.67910
31 GRTS_2_reef	27	0	607.58657	409.42910	785.13116	408.52612
31 GRTS_2_reef	27	1	715.37251	382.22761	890.90241	382.83582
31 GRTS_2_reef	28	0	302.15215	627.05224	268.96118	604.04478
31 GRTS_2_reef	28	1	556.00315	613.95522	498.63589	595.98507
31 GRTS_2_reef	29	0	828.28227	395.95522	836.96537	391.05224
31 GRTS_2_reef	29	1	1008.59706	360.19030	998.14061	350.75373
31 GRTS_2_reef	30	0	1123.23400	282.76866	1216.26338	269.57836
31 GRTS_2_reef	30	1	1254.69255	273.19776	1365.85414	251.44403
31 GRTS_2_reef	31	0	703.56348	303.82090	839.05561	306.69403
31 GRTS_2_reef	31	1	854.66527	312.88806	970.01049	306.69403
105 GRTS_31_287	0	0	828.81952	855.33582	714.82686	856.34328
105 GRTS_31_287	0	1	610.22560	897.64925	516.37985	881.52985
105 GRTS_31_287	1	0	1157.92340	866.41791	980.85729	881.52985
105 GRTS_31_287	1	1	1374.50262	863.39552	1169.23085	893.61940
105 GRTS_31_287	2	0	919.36516	975.22388	633.52676	964.14179
105 GRTS_31_287	2	1	1223.58342	1004.44030	868.23820	1015.52239
105 GRTS_31_287	3	0	553.71039	1060.85821	230.68206	1008.47015
105 GRTS_31_287	3	1	810.58342	1061.86567	408.98216	1026.60448
105 GRTS_31_287	4	0	660.56348	1026.60448	371.71039	989.32836
105 GRTS_31_287	4	1	866.06191	1032.64925	522.81217	1012.50000
105 GRTS_31_287	5	0	657.79643	597.80597	668.87723	605.03731
105 GRTS_31_287	5	1	262.91710	589.74627	343.50472	590.93284
105 GRTS_31_287	6	0	487.87198	542.03731	572.84995	552.70896
105 GRTS_31_287	6	1	627.89297	548.08209	724.95908	561.77612
105 GRTS_31_287	7	0	238.74082	716.98507	154.12382	694.00746
105 GRTS_31_287	7	1	528.85624	721.01493	417.04092	710.12687
105 GRTS_31_287	8	0	383.79853	873.47015	221.61595	839.21642
105 GRTS_31_287	8	1	140.02099	851.30597	12.08814	804.96269
105 GRTS_31_287	9	0	77.56558	720.08209	143.04302	700.11194
105 GRTS_31_287	9	1	268.96118	705.97761	287.09339	694.06716
105 GRTS_31_287	10	0	277.01994	593.94030	377.75446	598.00000
105 GRTS_31_287	10	1	428.12172	630.20896	495.61385	633.26119
105 GRTS_31_287	11	0	188.37356	718.89552	164.19727	698.94030
105 GRTS_31_287	11	1	460.35677	743.07463	378.76180	729.16418
105 GRTS_31_287	12	0	198.44701	627.82090	291.12277	623.86567
105 GRTS_31_287	12	1	347.53410	680.20896	385.81322	676.25373
105 GRTS_31_287	13	0	336.45331	718.08209	229.67471	698.98507
105 GRTS_31_287	13	1	532.88562	701.96269	424.09234	694.95522
105 GRTS_31_287	14	0	461.36411	633.86567	519.53305	636.90299
105 GRTS_31_287	14	1	300.18888	634.87313	392.60756	632.87313
105 GRTS_31_287	15	0	306.23295	780.05224	215.57188	756.14179
105 GRTS_31_287	15	1	108.79328	771.99254	10.07345	735.99254
105 GRTS_31_287	16	0	265.93914	703.10448	321.34313	694.00746
105 GRTS_31_287	16	1	78.57293	654.74627	190.38825	644.64179
105 GRTS_31_287	17	0	600.22560	598.02985	240.75551	587.00746
105 GRTS_31_287	17	1	863.14271	589.97015	573.17943	588.01493
105 GRTS_31_287	18	0	1027.79958	701.04478	878.68101	710.86567
105 GRTS_31_287	18	1	1266.54040	700.03731	1108.35572	717.91791
104 GRTS_31_31	0	0	1382.07765	264.96269	1305.51941	247.83582
104 GRTS_31_31	0	1	1722.56034	175.29851	1539.22350	130.97015
104 GRTS_31_31	1	0	1364.95278	252.87313	1341.78384	233.73134
104 GRTS_31_31	1	1	1746.73662	159.17910	1657.08290	109.81343
104 GRTS_31_31	2	0	1051.02833	923.84328	836.64218	920.31716
104 GRTS_31_31	2	1	1289.26548	980.76493	995.80273	993.86194
104 GRTS_31_31	3	0	1060.33368	918.80597	847.81217	915.78358
104 GRTS_31_31	3	1	890.09234	915.78358	748.08499	904.70149
104 GRTS_31_31	4	0	602.50367	1039.70149	342.49738	993.35821
104 GRTS_31_31	4	1	845.27387	1021.56716	517.77545	992.35075
104 GRTS_31_31	5	0	1835.38300	967.16418	1363.66527	1015.52239
104 GRTS_31_31	5	1	1617.79643	879.51493	1281.06296	912.76119
104 GRTS_31_31	6	0	1107.24554	1029.62687	769.85519	1025.59701
104 GRTS_31_31	6	1	962.18783	1073.95522	524.06296	1045.74627
104 GRTS_31_31	7	0	1768.39454	860.85821	1663.41343	907.37687
104 GRTS_31_31	7	1	1588.07975	914.25373	1442.30115	953.72015
104 GRTS_31_31	8	0	925.85100	922.48881	751.54565	912.42910
104 GRTS_31_31	8	1	280.72613	879.98507	128.43652	831.46642
104 GRTS_31_31	9	0	996.20147	599.92910	615.19727	591.82463
104 GRTS_31_31	9	1	1250.55614	461.90672	809.61490	455.31343
104 GRTS_31_31	10	0	1402.25289	170.61567	869.51417	152.12687
104 GRTS_31_31	10	1	1749.78699	161.54851	1223.09234	122.40672
104 GRTS_31_31	11	0	1470.27807	250.17164	829.87093	233.60821
104 GRTS_31_31	11	1	1668.72508	276.86940	1214.67681	250.23134
104 GRTS_31_31	12	0	1351.75551	469.11940	1169.24134	464.08209
104 GRTS_31_31	12	1	1528.04092	485.23881	1318.83211	480.70522
104 GRTS_31_31	13	0	329.33368	82.10821	167.32634	123.41418
104 GRTS_31_31	13	1	650.67681	145.57836	455.42707	165.22388
104 GRTS_31_31	14	0	606.31480	619.47015	463.66737	609.03731
104 GRTS_31_31	14	1	777.56348	578.66791	619.80588	572.76866
104 GRTS_31_31	15	0	1479.07975	471.87313	1140.16789	466.37687
104 GRTS_31_31	15	1	1745.52256	494.03731	1363.29486	489.04478
104 GRTS_31_31	16	0	1494.17104	531.04478	871.35362	523.88060
104 GRTS_31_31	16	1	1018.70409	549.17910	370.70304	540.00000
104 GRTS_31_31	17	0	446.60546	378.47388	222.59811	385.09701
104 GRTS_31_31	17	1	665.19937	375.95522	377.72928	379.55597
104 GRTS_31_31	18	0	1064.47639	493.55224	951.78909	491.58209
104 GRTS_31_31	18	1	1243.78384	549.46642	1096.34313	549.51119
104 GRTS_31_31	19	0	986.11123	285.52239	663.65897	286.39552
104 GRTS_31_31	19	1	731.75656	180.74627	418.87408	195.72388
104 GRTS_31_31	20	0	413.01154	566.90299	8.05876	549.80597
104 GRTS_31_31	20	1	518.78279	628.35821	202.47639	610.25373
104 GRTS_31_31	21	0	1075.02833	620.17910	983.26758	621.26119
104 GRTS_31_31	21	1	1261.89087	565.77612	1181.21091	566.85821
104 GRTS_31_31	22	0	842.12172	468.88433	281.04932	465.04104
104 GRTS_31_31	22	1	543.44386	379.72388	80.08395	384.94776
104 GRTS_31_31	23	0	1917.98531	439.25373	598.36306	421.11940
104 GRTS_31_31	23	1	1343.79853	523.88060	352.51836	512.70896
104 GRTS_31_31	24	0	1036.86988	297.13806	754.45121	295.61194
104 GRTS_31_31	24	1	1203.08185	401.41045	942.32109	397.86940
104 GRTS_31_31	25	0	1197.73347	730.74627	622.53410	723.91791
104 GRTS_31_31	25	1	1637.94334	814.36567	953.95068	830.70896
104 GRTS_31_31	26	0	1901.86779	368.71642	733.42917	348.14925
104 GRTS_31_31	26	1	1441.51102	542.00000	485.62225	531.50746
104 GRTS_31_31	27	0	682.39979	579.92164	172.66107	564.81343
104 GRTS_31_31	27	1	878.83211	669.08209	479.90136	656.99627
104 GRTS_31_31	28	0	1368.16684	499.01493	841.63064	493.96269
104 GRTS_31_31	28	1	1113.27387	469.16045	506.70409	462.92537
104 GRTS_31_31	29	0	451.99685	265.83582	306.23295	284.00000
104 GRTS_31_31	29	1	666.56139	329.30597	472.44491	337.39552
104 GRTS_31_31	30	0	974.01364	626.48881	733.48793	621.63060
104 GRTS_31_31	30	1	1234.91605	628.00000	984.31689	628.68284
104 GRTS_31_31	31	0	896.83211	636.77239	587.74711	627.58582
104 GRTS_31_31	31	1	740.69360	562.72388	364.62015	555.04851
104 GRTS_31_31	32	0	1885.75026	698.88060	1218.24554	714.98507
104 GRTS_31_31	32	1	1569.44386	692.83582	1022.82057	699.87313
104 GRTS_31_31	33	0	872.96222	679.78358	283.29381	661.45522
104 GRTS_31_31	33	1	1034.13746	541.76119	542.18153	535.52239
104 GRTS_31_31	34	0	855.08499	535.76119	257.88038	525.17910
104 GRTS_31_31	34	1	1223.77335	489.41791	629.59077	481.85821
104 GRTS_31_31	35	0	434.23400	1010.48507	74.54355	947.01493
104 GRTS_31_31	35	1	987.26653	1011.49254	467.40818	984.29104
106 GRTS_31_399	0	0	404.95278	589.03731	503.67261	580.17910
106 GRTS_31_399	0	1	254.85834	586.01493	391.85729	575.14179
106 GRTS_31_399	1	0	665.15110	614.91791	847.82791	611.91045
106 GRTS_31_399	1	1	855.53935	647.15672	1026.12802	643.14179
106 GRTS_31_399	2	0	496.14586	845.31343	337.95488	806.08209
106 GRTS_31_399	2	1	989.74502	722.40299	883.93599	711.38060
107 GRTS_31_95	0	0	887.17419	674.46269	823.32109	684.06716
107 GRTS_31_95	0	1	1441.21406	884.01493	1243.38405	913.76866
107 GRTS_31_95	1	0	813.62329	885.55970	579.52676	879.51493
107 GRTS_31_95	1	1	1436.16264	801.94030	1197.83421	822.08955
107 GRTS_31_95	2	0	875.28856	562.53358	880.13431	574.11940
107 GRTS_31_95	2	1	841.54250	600.81716	871.06821	611.89925
107 GRTS_31_95	3	0	1548.28961	676.46269	1538.39559	699.45896
107 GRTS_31_95	3	1	1783.50472	708.19776	1773.10703	740.26119
107 GRTS_31_95	4	0	1059.27807	783.07463	1049.29276	797.57836
107 GRTS_31_95	4	1	1236.06716	751.33955	1213.99370	769.87313
107 GRTS_31_95	5	0	1009.74502	455.88806	743.40399	464.98507
107 GRTS_31_95	5	1	1203.65897	498.70522	980.63379	506.29104
107 GRTS_31_95	6	0	841.26233	478.12687	598.49003	489.39925
107 GRTS_31_95	6	1	671.52466	500.29104	385.94019	510.05224
107 GRTS_31_95	7	0	666.91605	543.20896	502.03358	552.21642
107 GRTS_31_95	7	1	851.26023	501.90299	688.39244	511.91791
107 GRTS_31_95	8	0	890.60546	547.08955	804.42183	557.71642
107 GRTS_31_95	8	1	1036.16684	561.19403	920.26653	569.80597
107 GRTS_31_95	9	0	1122.79853	594.94403	1215.77754	608.96269
107 GRTS_31_95	9	1	1023.57503	600.98881	1112.02099	615.00746
107 GRTS_31_95	10	0	359.52466	235.90299	283.84050	277.62313
107 GRTS_31_95	10	1	551.42392	287.28358	430.40923	317.41791
107 GRTS_31_95	11	0	685.58342	553.85075	738.21931	566.02985
107 GRTS_31_95	11	1	802.93914	557.37687	852.55299	570.05970
107 GRTS_31_95	12	0	714.21931	562.85821	802.28541	575.92537
107 GRTS_31_95	12	1	880.43127	601.14179	950.86884	614.20896
107 GRTS_31_95	13	0	1116.43547	766.05224	1095.64533	782.60075
107 GRTS_31_95	13	1	1217.67366	750.43657	1238.68835	771.01493
107 GRTS_31_95	14	0	698.24869	773.81716	659.92130	774.48134
107 GRTS_31_95	14	1	827.69255	762.73507	797.92760	768.94030
67 GRTS_3_1027	0	0	1593.62015	837.20149	1468.47324	855.33582
67 GRTS_3_1027	0	1	1204.78489	856.34328	1008.11647	853.32090
67 GRTS_3_1027	1	0	1271.26967	695.14925	1084.67261	689.96269
67 GRTS_3_1027	1	1	309.18888	727.38806	244.78489	694.91045
67 GRTS_3_1027	2	0	1578.50997	774.15672	1451.80797	783.41418
67 GRTS_3_1027	2	1	1843.94544	784.73507	1750.48583	806.58582
67 GRTS_3_1027	3	0	1623.33683	720.98507	1580.02099	731.93284
67 GRTS_3_1027	3	1	1874.16579	711.41418	1807.17733	725.88806
67 GRTS_3_1027	4	0	1186.51941	843.24627	970.41028	838.20896
67 GRTS_3_1027	4	1	1697.24344	784.81343	1585.89822	801.94030
67 GRTS_3_1027	5	0	1177.37985	840.22388	907.10703	831.15672
67 GRTS_3_1027	5	1	1808.18468	878.50746	1423.67156	901.67910
67 GRTS_3_1027	6	0	1187.33578	642.90299	706.30535	624.28358
67 GRTS_3_1027	6	1	1679.92760	835.32836	877.55404	829.80597
67 GRTS_3_1027	7	0	1062.27702	872.46269	696.78489	851.30597
67 GRTS_3_1027	7	1	1479.31794	972.20149	1120.87723	984.29104
64 GRTS_3_3	0	0	92.67576	692.85075	252.36306	688.89552
64 GRTS_3_3	0	1	304.75551	703.63433	428.14481	703.00000
64 GRTS_3_3	1	0	536.35887	303.54104	697.96957	331.43657
64 GRTS_3_3	1	1	704.58552	314.62313	869.72193	337.98507
64 GRTS_3_3	2	0	503.88772	888.58209	298.79224	868.43284
64 GRTS_3_3	2	1	746.65792	804.96269	667.48059	804.96269
64 GRTS_3_3	3	0	728.02413	678.83582	836.96537	689.91791
64 GRTS_3_3	3	1	821.20357	682.36194	937.19622	697.47388
64 GRTS_3_3	4	0	1328.81847	867.42537	1156.99580	888.58209
64 GRTS_3_3	4	1	1069.93075	895.63433	912.21091	906.71642
64 GRTS_3_3	5	0	779.26758	849.29104	627.89297	847.27612
64 GRTS_3_3	5	1	577.79853	855.33582	488.87933	844.25373
64 GRTS_3_3	6	0	1797.10388	999.40299	745.43547	1015.52239
64 GRTS_3_3	6	1	1188.66737	1045.74627	126.92550	1017.53731
64 GRTS_3_3	7	0	1433.71563	886.56716	1269.87723	913.76866
64 GRTS_3_3	7	1	1012.64533	822.08955	831.68206	831.15672
64 GRTS_3_3	8	0	1152.40294	973.20896	531.87828	965.14925
64 GRTS_3_3	8	1	1007.34523	753.58209	759.53830	767.68657
64 GRTS_3_3	9	0	948.88562	1013.50746	584.53305	1003.43284
64 GRTS_3_3	9	1	219.60126	774.89552	67.49213	758.67164
64 GRTS_3_3	10	0	926.75761	1067.91045	467.40818	1051.79104
64 GRTS_3_3	10	1	358.61490	691.11940	225.64533	685.07463
64 GRTS_3_3	11	0	1217.30220	1053.80597	758.00839	1059.34701
64 GRTS_3_3	11	1	874.28122	960.11194	586.53515	951.04478
64 GRTS_3_3	12	0	1448.56243	1005.44776	1028.92445	1030.63433
64 GRTS_3_3	12	1	1514.03987	857.35075	1297.88562	891.60448
64 GRTS_3_3	13	0	1158.44701	699.17910	1033.53620	713.28358
64 GRTS_3_3	13	1	159.16055	747.53731	116.85205	733.43284
64 GRTS_3_3	14	0	87.63903	837.20149	56.41133	812.01493
64 GRTS_3_3	14	1	1577.50262	865.41045	1394.53305	900.67164
64 GRTS_3_3	15	0	1513.53620	551.05224	1201.24554	557.65299
64 GRTS_3_3	15	1	1870.13641	539.97015	1552.30535	540.02239
64 GRTS_3_3	16	0	1600.67156	837.20149	1279.51836	865.41045
64 GRTS_3_3	16	1	1261.19622	805.97015	991.41763	821.08209
64 GRTS_3_3	17	0	1139.67261	1066.90299	614.50367	1059.85075
64 GRTS_3_3	17	1	757.88877	973.20896	401.93075	953.05970
64 GRTS_3_3	18	0	1780.98636	1011.49254	1152.40294	1045.74627
64 GRTS_3_3	18	1	1237.01994	985.29851	691.03882	985.29851
64 GRTS_3_3	19	0	404.95278	521.86567	28.20567	527.93284
64 GRTS_3_3	19	1	715.21511	582.31343	167.21931	580.32090
64 GRTS_3_3	20	0	1337.75446	511.79104	392.86464	501.71642
64 GRTS_3_3	20	1	739.39140	461.41791	18.13221	465.44776
64 GRTS_3_3	21	0	1001.91605	580.30970	682.65897	583.77985
64 GRTS_3_3	21	1	620.63589	558.64925	315.92550	564.97761
64 GRTS_3_3	22	0	972.26338	993.35821	344.46170	971.19403
64 GRTS_3_3	22	1	1468.88458	1044.73881	805.82581	1057.83582
64 GRTS_3_3	23	0	843.81112	967.18657	383.52151	947.51866
64 GRTS_3_3	23	1	1052.33158	937.46642	722.99685	938.45149
64 GRTS_3_3	24	0	1709.23295	511.00000	1862.07765	514.98507
64 GRTS_3_3	24	1	1601.44701	526.61567	1703.92445	532.61567
64 GRTS_3_3	25	0	1638.18153	552.44403	1791.05981	565.60075
64 GRTS_3_3	25	1	1536.43966	580.65299	1639.45435	597.83955
66 GRTS_3_420	0	0	944.18783	49.36567	779.11438	18.13433
66 GRTS_3_420	0	1	1079.17209	102.76119	898.98846	81.60448
66 GRTS_3_420	1	0	383.70304	197.46269	88.64638	132.92537
66 GRTS_3_420	1	1	563.01049	229.70149	295.15215	180.27612
66 GRTS_3_420	2	0	493.78489	884.69403	713.20042	896.64179
66 GRTS_3_420	2	1	947.09024	626.78358	956.05561	605.58209
66 GRTS_3_420	3	0	188.37356	662.26866	309.25498	672.04478
66 GRTS_3_420	3	1	447.26128	631.91045	505.68730	626.70896
66 GRTS_3_420	4	0	373.89507	712.09701	433.35782	717.00000
66 GRTS_3_420	4	1	671.06191	691.94776	741.60546	685.76866
66 GRTS_3_420	5	0	102.74921	857.35075	322.57922	897.64925
66 GRTS_3_420	5	1	569.15005	898.65672	820.20776	907.72388
66 GRTS_3_420	6	0	690.48269	775.84328	791.77335	771.71642
66 GRTS_3_420	6	1	1063.75656	816.04478	1218.88772	789.85075
66 GRTS_3_420	7	0	594.33368	816.04478	815.94963	820.07463
66 GRTS_3_420	7	1	213.55719	814.02985	413.01154	842.23881
66 GRTS_3_420	8	0	708.79748	168.24627	554.73137	125.93284
66 GRTS_3_420	8	1	636.26863	187.38806	475.15110	144.06716
66 GRTS_3_420	9	0	92.67576	765.61194	379.76915	793.28358
66 GRTS_3_420	9	1	337.46065	730.35075	503.67261	741.90299
66 GRTS_3_420	10	0	24.17629	677.03731	305.22560	698.85075
66 GRTS_3_420	10	1	381.78384	698.19403	660.81847	706.91045
66 GRTS_3_420	11	0	407.97482	663.85821	473.45226	663.70896
66 GRTS_3_420	11	1	204.49108	696.09701	322.35047	712.06716
66 GRTS_3_420	12	0	996.26443	853.71642	1146.35887	830.21642
66 GRTS_3_420	12	1	1743.71459	737.85821	1850.49318	690.17910
66 GRTS_3_420	13	0	404.39454	495.04478	535.82791	483.04478
66 GRTS_3_420	13	1	677.38510	513.17910	773.56139	497.14925
66 GRTS_3_420	14	0	1565.41448	610.99254	1621.82581	585.97015
66 GRTS_3_420	14	1	1290.40923	609.98507	1369.98951	584.96269
66 GRTS_3_420	15	0	467.65163	625.86567	484.52676	620.99254
66 GRTS_3_420	15	1	696.31899	657.09701	720.24554	644.16418
66 GRTS_3_420	16	0	1453.59916	491.14925	1312.60021	466.18657
66 GRTS_3_420	16	1	1603.69360	462.94030	1458.66527	441.00000
66 GRTS_3_420	17	0	1463.67261	548.87313	1436.47429	523.77612
66 GRTS_3_420	17	1	1600.67156	568.01493	1597.64953	540.90299
66 GRTS_3_420	18	0	1513.03253	817.05224	1613.76705	767.99254
66 GRTS_3_420	18	1	1783.00105	817.05224	1854.52256	758.92537
66 GRTS_3_420	19	0	1309.71039	551.70149	1238.68101	525.11940
66 GRTS_3_420	19	1	1481.96642	539.61194	1388.77545	513.02985
66 GRTS_3_420	20	0	1799.11857	447.31343	1855.52991	435.22388
66 GRTS_3_420	20	1	1517.06191	471.49254	1555.34103	457.38806
66 GRTS_3_420	21	0	1048.46590	491.32836	1165.95173	474.11194
66 GRTS_3_420	21	1	790.58552	477.22388	928.21826	462.02239
66 GRTS_3_420	22	0	788.45435	761.14925	982.16159	750.42537
66 GRTS_3_420	22	1	1537.91920	705.73881	1845.45645	671.84328
66 GRTS_3_420	23	0	988.46905	1022.57463	1440.50367	995.37313
66 GRTS_3_420	23	1	1534.45016	779.77612	1636.93599	735.87313
66 GRTS_3_420	24	0	1778.97167	807.98507	1874.66946	752.94030
66 GRTS_3_420	24	1	1311.56348	797.91045	1507.99580	761.00000
65 GRTS_3_788	0	0	1555.04617	930.66791	1370.98111	966.98134
65 GRTS_3_788	0	1	1711.21091	792.35448	1641.79538	828.20522
65 GRTS_3_788	1	0	558.23820	213.45896	721.34103	227.07463
65 GRTS_3_788	1	1	750.64113	209.93284	908.20357	214.98507
65 GRTS_3_788	2	0	502.67156	724.43657	474.48374	705.48881
65 GRTS_3_788	2	1	712.19937	715.36940	664.87198	703.97761
65 GRTS_3_788	3	0	965.44701	539.92537	1128.22246	541.30224
65 GRTS_3_788	3	1	1044.01994	595.33582	1209.81742	599.23134
65 GRTS_3_788	4	0	1816.24344	769.02985	1893.80902	812.01493
65 GRTS_3_788	4	1	1259.18153	1025.59701	813.93494	1027.61194
65 GRTS_3_788	5	0	1639.95803	812.01493	1307.53410	840.22388
65 GRTS_3_788	5	1	554.03987	926.86567	231.68940	882.53731
65 GRTS_3_788	6	0	977.03148	934.92537	688.31060	923.33955
65 GRTS_3_788	6	1	940.76705	1067.91045	526.63169	1041.71642
65 GRTS_3_788	7	0	672.02833	550.14179	779.45855	547.60821
65 GRTS_3_788	7	1	819.10073	529.99254	927.53830	529.97761
65 GRTS_3_788	8	0	1171.44071	486.39552	1315.14690	485.59328
65 GRTS_3_788	8	1	1293.32949	472.79478	1448.62015	471.48881
65 GRTS_3_788	9	0	1892.80168	870.44776	1772.92760	918.80597
65 GRTS_3_788	9	1	1608.73033	859.36567	1468.70934	896.64179
65 GRTS_3_788	10	0	1040.15950	695.76866	597.30640	685.67910
65 GRTS_3_788	10	1	1347.39979	575.88060	992.18573	574.85821
65 GRTS_3_788	11	0	606.06506	555.46269	76.55824	540.97761
65 GRTS_3_788	11	1	1077.50262	434.56716	489.56978	429.14925
65 GRTS_3_788	12	0	1856.53725	420.94030	1662.11962	403.93284
65 GRTS_3_788	12	1	1521.09129	456.20149	1348.83526	448.26119
65 GRTS_3_788	13	0	251.85624	802.97015	104.78279	761.97761
65 GRTS_3_788	13	1	576.22141	785.33955	393.89087	759.45896
65 GRTS_3_788	14	0	266.70094	974.44776	117.35572	913.80970
65 GRTS_3_788	14	1	465.14795	816.27612	319.83211	784.85448
59 GRTS_4_255	0	0	286.08604	803.95522	207.47639	779.77612
59 GRTS_4_255	0	1	712.19307	885.55970	612.42917	880.52239
59 GRTS_4_255	1	0	32.73872	719.00000	217.75236	709.88806
59 GRTS_4_255	1	1	215.57188	761.64179	352.57083	753.58209
59 GRTS_4_255	2	0	1216.56139	791.86567	1093.17104	820.07463
59 GRTS_4_255	2	1	862.98321	843.24627	693.25498	846.26866
59 GRTS_4_255	3	0	1272.97272	870.44776	1072.01679	901.67910
59 GRTS_4_255	3	1	952.63694	917.79851	732.54145	920.82090
59 GRTS_4_255	4	0	229.96537	849.61567	257.92865	826.60821
59 GRTS_4_255	4	1	304.21826	799.92537	368.68835	789.85075
59 GRTS_4_255	5	0	17.12487	748.86567	80.58762	724.73134
59 GRTS_4_255	5	1	333.43127	786.14179	327.38720	770.06716
59 GRTS_4_255	6	0	991.48793	886.56716	841.39140	901.67910
59 GRTS_4_255	6	1	686.26233	890.59701	523.07030	881.52985
59 GRTS_4_255	7	0	722.21826	854.32836	535.43127	846.26866
59 GRTS_4_255	7	1	974.05456	830.14925	786.26023	842.23881
59 GRTS_4_255	8	0	686.35152	1073.95522	113.83001	1019.55224
59 GRTS_4_255	8	1	1166.85519	1043.73134	528.85624	1030.63433
59 GRTS_4_255	9	0	873.30430	929.88806	636.79748	924.85075
59 GRTS_4_255	9	1	719.18048	879.51493	548.15110	872.46269
59 GRTS_4_255	10	0	418.15950	876.49254	8.05876	832.67910
59 GRTS_4_255	10	1	760.65687	716.30597	423.08499	706.74627
57 GRTS_4_4	0	0	209.52781	695.08955	429.12907	670.97015
57 GRTS_4_4	0	1	71.52151	686.02239	319.32844	663.94030
57 GRTS_4_4	1	0	1182.62329	897.64925	1076.85205	897.64925
57 GRTS_4_4	1	1	1838.40504	864.40299	1823.29486	902.68657
57 GRTS_4_4	2	0	380.41448	637.09701	103.25289	608.44403
57 GRTS_4_4	2	1	670.02623	663.79478	433.66212	641.69030
57 GRTS_4_4	3	0	230.34837	632.99254	410.18993	616.00000
57 GRTS_4_4	3	1	458.51207	619.39179	615.18468	610.45896
57 GRTS_4_4	4	0	1571.45855	785.82090	1538.21616	802.94776
57 GRTS_4_4	4	1	1854.52256	827.12687	1855.52991	860.37313
57 GRTS_4_4	5	0	1835.38300	827.12687	1843.44176	859.36567
57 GRTS_4_4	5	1	1569.44386	820.07463	1514.03987	839.21642
61 GRTS_4_991	0	0	230.68206	230.97388	258.38405	281.23881
61 GRTS_4_991	0	1	128.94019	125.19030	134.98426	192.07836
61 GRTS_4_991	1	0	1769.90556	740.92910	1742.20357	772.42537
61 GRTS_4_991	1	1	1870.13641	615.50000	1869.12907	625.33582
61 GRTS_4_991	2	0	846.87933	834.17910	745.29906	837.20149
61 GRTS_4_991	2	1	1170.23715	786.82836	1092.83316	802.94776
61 GRTS_4_991	3	0	578.44701	854.47015	545.88772	846.26866
61 GRTS_4_991	3	1	1152.63379	786.97015	1120.07450	803.95522
61 GRTS_4_991	4	0	985.83526	814.02985	991.48898	826.11940
61 GRTS_4_991	4	1	1219.53935	799.92537	1246.34732	822.08955
61 GRTS_4_991	5	0	873.01259	948.02239	706.41028	943.99254
61 GRTS_4_991	5	1	1142.98111	880.52239	1041.85624	896.64179
61 GRTS_4_991	6	0	222.62329	848.28358	143.04302	824.10448
61 GRTS_4_991	6	1	379.76915	790.85821	355.59286	780.78358
61 GRTS_4_991	7	0	665.79119	806.11194	300.91081	789.85075
61 GRTS_4_991	7	1	1044.55299	840.36567	728.02518	842.23881
61 GRTS_4_991	8	0	915.26233	825.11194	716.40923	827.12687
61 GRTS_4_991	8	1	1257.75971	865.41045	1055.88458	884.55224
61 GRTS_4_991	9	0	876.02833	696.63060	904.13431	707.42910
61 GRTS_4_991	9	1	1030.65582	709.72761	1042.14061	723.04478
61 GRTS_4_991	10	0	1267.16579	948.02239	1081.82791	970.18657
61 GRTS_4_991	10	1	1389.05456	898.65672	1285.31165	930.89552
61 GRTS_4_991	11	0	1601.10493	522.69030	1621.62329	527.84701
61 GRTS_4_991	11	1	1682.69990	476.34701	1632.20042	477.97761
61 GRTS_4_991	12	0	1594.62749	608.96269	1479.79014	622.00000
61 GRTS_4_991	12	1	1851.50052	643.21642	1773.93494	663.30597
61 GRTS_4_991	13	0	170.24134	691.04478	238.74082	686.97015
61 GRTS_4_991	13	1	353.57817	679.96269	418.04827	679.91791
61 GRTS_4_991	14	0	898.38825	715.07463	894.34418	726.00746
61 GRTS_4_991	14	1	1068.12592	720.11194	1076.16999	735.07463
7 GRTS_7_1031	0	0	1287.90346	413.41418	1202.33683	420.98507
7 GRTS_7_1031	0	1	1417.34732	418.45149	1346.89087	419.97761
7 GRTS_7_1031	1	0	1206.14586	187.56343	1332.82267	187.01493
7 GRTS_7_1031	1	1	1370.34313	200.66045	1526.23295	185.00000
7 GRTS_7_1031	2	0	488.48164	201.49254	504.37880	246.79851
7 GRTS_7_1031	2	1	481.43022	244.81343	525.53305	286.08955
7 GRTS_7_1031	3	0	1570.45121	394.59701	1467.70199	389.72388
7 GRTS_7_1031	3	1	1730.61910	421.79851	1664.13431	409.87313
7 GRTS_7_1031	4	0	1619.81112	520.20149	1116.92025	523.83582
7 GRTS_7_1031	4	1	1266.23295	405.35075	759.31270	413.01493
7 GRTS_7_1031	5	0	1607.72298	448.97015	1678.23715	447.05970
7 GRTS_7_1031	5	1	1733.64113	456.02239	1853.51522	448.06716
7 GRTS_7_1031	6	0	1556.33263	361.06716	1620.56348	350.00000
7 GRTS_7_1031	6	1	1405.73452	352.50373	1428.16055	350.00000
7 GRTS_7_1031	7	0	1718.53095	767.68657	1313.57817	791.86567
7 GRTS_7_1031	7	1	779.68520	874.47761	459.34942	882.53731
10 GRTS_7_1351	0	0	1000.27492	446.71642	513.62120	433.75373
10 GRTS_7_1351	0	1	858.23924	580.70896	511.60651	562.70896
10 GRTS_7_1351	1	0	1029.47639	918.80597	645.91081	895.63433
10 GRTS_7_1351	1	1	1534.15635	985.29851	1298.67051	1008.47015
10 GRTS_7_1351	2	0	1304.81742	970.18657	1014.77335	972.20149
10 GRTS_7_1351	2	1	823.30640	1058.84328	450.66002	1010.48507
6 GRTS_7_7	0	0	1173.39349	464.21642	493.43022	455.66418
6 GRTS_7_7	0	1	1374.86254	261.71642	534.73137	248.12687
6 GRTS_7_7	1	0	310.25498	156.15672	491.58972	200.61567
6 GRTS_7_7	1	1	232.68940	128.95522	417.54984	179.96269
6 GRTS_7_7	2	0	211.54250	203.63806	262.91710	245.94776
6 GRTS_7_7	2	1	32.73872	163.84328	111.31165	218.74627
6 GRTS_7_7	3	0	928.41448	461.07463	765.91501	469.14925
6 GRTS_7_7	3	1	686.65163	452.00746	515.08604	460.08209
6 GRTS_7_7	4	0	1307.53410	998.39552	877.41028	1011.49254
6 GRTS_7_7	4	1	1730.61910	998.39552	1343.47429	1048.76866
8 GRTS_7_775	0	0	1007.24134	679.50373	799.60546	671.97761
8 GRTS_7_775	0	1	1158.84680	671.44403	927.03463	670.97015
8 GRTS_7_775	1	0	633.71773	431.99254	601.65897	433.07463
8 GRTS_7_775	1	1	849.28961	423.93284	803.12802	423.00000
8 GRTS_7_775	2	0	690.14481	423.99254	515.44596	426.19403
8 GRTS_7_775	2	1	999.39979	440.11194	764.26023	438.28358
8 GRTS_7_775	3	0	773.41448	355.26119	687.39244	356.65299
8 GRTS_7_775	3	1	987.97901	340.14925	895.91291	338.01493
8 GRTS_7_775	4	0	571.64953	973.71269	317.27387	929.55597
8 GRTS_7_775	4	1	1382.34732	925.35448	1142.96222	938.97761
8 GRTS_7_775	5	0	778.59916	356.28358	903.39349	359.17164
8 GRTS_7_775	5	1	784.64323	320.01493	882.23924	321.89552
8 GRTS_7_775	6	0	1777.96432	269.74627	1869.63274	229.70149
8 GRTS_7_775	6	1	1764.86884	314.07463	1911.94124	275.03731
8 GRTS_7_775	7	0	609.20252	339.02239	720.04092	346.97761
8 GRTS_7_775	7	1	668.63589	328.94776	760.33473	334.88806
8 GRTS_7_775	8	0	522.12172	413.87313	215.57188	416.94030
8 GRTS_7_775	8	1	1638.95068	539.71642	1098.06191	537.83582
8 GRTS_7_775	9	0	1278.03882	105.78358	1513.35887	72.03358
8 GRTS_7_775	9	1	1402.94963	68.00373	1639.27702	24.68284
21 Nev's canyonhead_169	0	0	919.18153	1014.51493	600.47534	982.27612
21 Nev's canyonhead_169	0	1	1202.24554	978.24627	908.72298	973.20896
21 Nev's canyonhead_169	1	0	912.01154	676.50746	858.46065	661.73881
21 Nev's canyonhead_169	1	1	1103.40714	748.03731	1019.63589	739.31343
21 Nev's canyonhead_169	2	0	1131.05561	775.01493	1127.13012	768.47015
21 Nev's canyonhead_169	2	1	1344.86359	702.70149	1390.48793	707.96269
21 Nev's canyonhead_169	3	0	1839.41238	880.52239	1635.92865	910.74627
21 Nev's canyonhead_169	3	1	1196.72613	717.31343	1013.38930	717.31343
18 Nev's canyonhead_5373	0	0	796.98216	689.88806	900.50472	700.89552
18 Nev's canyonhead_5373	0	1	1011.54669	722.12687	1101.97377	738.17164
18 Nev's canyonhead_5373	1	0	970.07030	745.17910	1010.45331	758.83582
18 Nev's canyonhead_5373	1	1	1130.23820	739.13433	1197.81952	758.83582
22 Nev's canyonhead_617	0	0	427.22560	853.32090	370.70304	813.10448
22 Nev's canyonhead_617	0	1	889.59706	740.48507	861.28017	729.48507
19 Nev's canyonhead_reef	0	0	1420.35677	225.67164	1529.15005	205.52239
19 Nev's canyonhead_reef	0	1	1746.73662	217.61194	1853.51522	165.22388
85 Sth_Can_2_opportunistic	0	0	1152.09339	601.32090	728.99056	604.02985
85 Sth_Can_2_opportunistic	0	1	1683.97167	285.98507	1306.19937	275.59701
85 Sth_Can_2_opportunistic	1	0	334.77020	742.98507	221.61595	726.15672
85 Sth_Can_2_opportunistic	1	1	746.77440	714.77612	666.86254	720.11194
85 Sth_Can_2_opportunistic	2	0	1417.33473	613.86567	1109.41028	630.79851
85 Sth_Can_2_opportunistic	2	1	1904.88982	735.76866	1703.74397	782.92537
85 Sth_Can_2_opportunistic	3	0	1228.85729	329.68657	1024.77650	340.54478
85 Sth_Can_2_opportunistic	3	1	1525.01679	467.70896	1397.49423	483.60448
85 Sth_Can_2_opportunistic	4	0	1237.01994	608.50746	632.61280	604.47761
85 Sth_Can_2_opportunistic	4	1	1523.10598	322.38806	1156.43232	316.34328
85 Sth_Can_2_opportunistic	5	0	1460.65058	1011.49254	1245.07870	1059.85075
85 Sth_Can_2_opportunistic	5	1	1793.07450	717.31343	1672.19307	761.64179
85 Sth_Can_2_opportunistic	6	0	1898.84575	563.56716	1881.72088	593.73134
85 Sth_Can_2_opportunistic	6	1	1518.06925	734.83582	1372.00420	771.04478
85 Sth_Can_2_opportunistic	7	0	1706.44281	275.65672	1501.13431	265.61194
85 Sth_Can_2_opportunistic	7	1	1196.72613	378.41791	1023.65268	387.51493
85 Sth_Can_2_opportunistic	8	0	1378.04827	454.92537	1290.40923	471.01493
85 Sth_Can_2_opportunistic	8	1	1723.56768	457.94776	1720.54565	474.03731
85 Sth_Can_2_opportunistic	9	0	345.16055	861.38060	230.26338	831.15672
85 Sth_Can_2_opportunistic	9	1	738.02518	831.15672	635.21616	832.16418
85 Sth_Can_2_opportunistic	10	0	792.52571	616.00000	231.68940	600.44776
85 Sth_Can_2_opportunistic	10	1	1007.47429	444.92537	702.64953	456.59701
86 Sth_Can_3_opportunistic	0	0	808.07975	940.97015	624.69780	919.81343
86 Sth_Can_3_opportunistic	0	1	1171.73137	911.75373	1025.62120	920.82090
86 Sth_Can_3_opportunistic	1	0	878.31480	1001.41791	494.26338	974.21642
86 Sth_Can_3_opportunistic	1	1	1302.40714	976.23134	1000.95803	993.35821
86 Sth_Can_3_opportunistic	2	0	633.97377	925.11194	463.89297	898.94776
86 Sth_Can_3_opportunistic	2	1	932.14795	899.92537	804.87933	896.93284
