OpCode	Camera	MovieSeqIndex	StartTimeOffset	Format	Filename	Frames	Rate
RIMP_20220228_GC1-1	0	0	0	1	gc1-1_L18_287.MP4	81122	59.94006
RIMP_20220228_GC1-1	0	0	0	1	gc1-1_L18_288.MP4	81060	59.94006
RIMP_20220228_GC1-1	0	0	0	1	gc1-1_L18_289.MP4	80161	59.94006
RIMP_20220228_GC1-1	1	0	0	1	gc1-1_R17_287.MP4	81122	59.94006
RIMP_20220228_GC1-1	1	0	0	1	gc1-1_R17_288.MP4	81060	59.94006
RIMP_20220228_GC1-1	1	0	0	1	gc1-1_R17_289.MP4	75481	59.94006
RIMP_20220228_GC1-2	0	0	0	1	gc1-2_L12_293.MP4	81062	59.94006
RIMP_20220228_GC1-2	0	0	0	1	gc1-2_L12_294.MP4	81061	59.94006
RIMP_20220228_GC1-2	0	0	0	1	gc1-2_L12_295.MP4	80011	59.94006
RIMP_20220228_GC1-2	1	0	0	1	gc1-2_R11_287.MP4	81062	59.94006
RIMP_20220228_GC1-2	1	0	0	1	gc1-2_R11_288.MP4	81061	59.94006
RIMP_20220228_GC1-2	1	0	0	1	gc1-2_R11_289.MP4	81121	59.94006
RIMP_20220228_GC1-2	1	0	0	1	gc1-2_L12_293.MP4	81062	59.94006
RIMP_20220228_GC1-3	0	0	0	1	gc1-3_L14_213.MP4	81122	59.94006
RIMP_20220228_GC1-3	0	0	0	1	gc1-3_L14_214.MP4	81060	59.94006
RIMP_20220228_GC1-3	0	0	0	1	gc1-3_L14_215.MP4	81121	59.94006
RIMP_20220228_GC1-3	0	0	0	1	gc1-3_L14_216.MP4	4530	59.94006
RIMP_20220228_GC1-4	0	0	0	1	gc1-4_L16_299.MP4	81062	59.94006
RIMP_20220228_GC1-4	0	0	0	1	gc1-4_L16_300.MP4	81061	59.94006
RIMP_20220228_GC1-4	0	0	0	1	gc1-4_L16_301.MP4	81061	59.94006
RIMP_20220228_GC1-4	0	0	0	1	gc1-4_L16_302.MP4	11100	59.94006
RIMP_20220228_GC1-4	1	0	0	1	gc1-4_R15_282.MP4	81062	59.94006
RIMP_20220228_GC1-4	1	0	0	1	gc1-4_R15_283.MP4	81061	59.94006
RIMP_20220228_GC1-4	1	0	0	1	gc1-4_R15_284.MP4	81061	59.94006
RIMP_20220228_GC1-4	1	0	0	1	gc1-4_R15_285.MP4	11760	59.94006
RIMP_20220228_GS1-1	0	0	0	1	gs1-1_L51_23.MP4	81062	59.94006
RIMP_20220228_GS1-1	0	0	0	1	gs1-1_L51_24.MP4	81061	59.94006
RIMP_20220228_GS1-1	0	0	0	1	gs1-1_L51_25.MP4	81061	59.94006
RIMP_20220228_GS1-1	0	0	0	1	gs1-1_L51_26.MP4	16830	59.94006
RIMP_20220228_GS1-2	0	0	0	1	gs1-2_L22_271.MP4	81122	59.94006
RIMP_20220228_GS1-2	0	0	0	1	gs1-2_L22_272.MP4	81060	59.94006
RIMP_20220228_GS1-2	0	0	0	1	gs1-2_L22_273.MP4	81061	59.94006
RIMP_20220228_GS1-2	0	0	0	1	gs1-2_L22_274.MP4	20670	59.94006
RIMP_20220228_GS1-3	0	0	0	1	gs1-3_L52_25.MP4	81062	59.94006
RIMP_20220228_GS1-3	0	0	0	1	gs1-3_L52_26.MP4	81061	59.94006
RIMP_20220228_GS1-3	0	0	0	1	gs1-3_L52_27.MP4	81061	59.94006
RIMP_20220228_GS1-3	0	0	0	1	gs1-3_L52_28.MP4	16320	59.94006
RIMP_20220228_GS1-3	1	0	0	1	gs1-3_R52_63.MP4	81062	59.94006
RIMP_20220228_GS1-3	1	0	0	1	gs1-3_R52_64.MP4	81061	59.94006
RIMP_20220228_GS1-3	1	0	0	1	gs1-3_R52_65.MP4	81061	59.94006
RIMP_20220228_GS1-3	1	0	0	1	gs1-3_R52_66.MP4	18840	59.94006
RIMP_20220228_GS1-4	0	0	0	1	gs1-4_R50_57.MP4	81122	59.94006
RIMP_20220228_GS1-4	0	0	0	1	gs1-4_R50_58.MP4	81060	59.94006
RIMP_20220228_GS1-4	0	0	0	1	gs1-4_R50_59.MP4	81061	59.94006
RIMP_20220228_GS1-4	0	0	0	1	gs1-4_R50_60.MP4	24720	59.94006
RIMP_20220228_WC1-1	0	0	0	1	WC1-1_L52_21.MP4	81122	59.94006
RIMP_20220228_WC1-1	0	0	0	1	WC1-1_L52_22.MP4	81120	59.94006
RIMP_20220228_WC1-1	0	0	0	1	WC1-1_L52_23.MP4	81061	59.94006
RIMP_20220228_WC1-1	0	0	0	1	WC1-1_L52_24.MP4	13710	59.94006
RIMP_20220228_WC1-1	1	0	0	1	WC1-1_R52_59.MP4	81122	59.94006
RIMP_20220228_WC1-1	1	0	0	1	WC1-1_R52_60.MP4	81060	59.94006
RIMP_20220228_WC1-1	1	0	0	1	WC1-1_R52_61.MP4	81061	59.94006
RIMP_20220228_WC1-1	1	0	0	1	WC1-1_R52_62.MP4	10800	59.94006
RIMP_20220228_WC1-2	0	0	0	1	WC1-2_L22_267.MP4	81062	59.94006
RIMP_20220228_WC1-2	0	0	0	1	WC1-2_L22_268.MP4	81061	59.94006
RIMP_20220228_WC1-2	0	0	0	1	WC1-2_L22_269.MP4	81061	59.94006
RIMP_20220228_WC1-2	0	0	0	1	WC1-2_L22_270.MP4	15840	59.94006
RIMP_20220228_WC1-2	1	0	0	1	WC1-2_R21_260.MP4	81062	59.94006
RIMP_20220228_WC1-2	1	0	0	1	WC1-2_R21_261.MP4	81061	59.94006
RIMP_20220228_WC1-2	1	0	0	1	WC1-2_R21_262.MP4	81061	59.94006
RIMP_20220228_WC1-2	1	0	0	1	WC1-2_R21_263.MP4	16410	59.94006
RIMP_20220228_WC1-3	0	0	0	1	WC1-3_L51_19.MP4	81122	59.94006
RIMP_20220228_WC1-3	0	0	0	1	WC1-3_L51_20.MP4	81060	59.94006
RIMP_20220228_WC1-3	0	0	0	1	WC1-3_L51_21.MP4	81061	59.94006
RIMP_20220228_WC1-3	0	0	0	1	WC1-3_L51_22.MP4	16800	59.94006
RIMP_20220228_WC1-3	1	0	0	1	WC1-3_R51_989.MP4	81062	59.94006
RIMP_20220228_WC1-3	1	0	0	1	WC1-3_R51_990.MP4	81061	59.94006
RIMP_20220228_WC1-3	1	0	0	1	WC1-3_R51_991.MP4	81061	59.94006
RIMP_20220228_WC1-3	1	0	0	1	WC1-3_R51_992.MP4	15450	59.94006
RIMP_20220228_WC2-1	0	0	0	1	WC2-1_L16_295.MP4	81062	59.94006
RIMP_20220228_WC2-1	0	0	0	1	WC2-1_L16_296.MP4	81061	59.94006
RIMP_20220228_WC2-1	0	0	0	1	WC2-1_L16_297.MP4	81121	59.94006
RIMP_20220228_WC2-1	0	0	0	1	WC2-1_L16_298.MP4	31110	59.94006
RIMP_20220228_WC2-1	1	0	0	1	WC2-1_R15_278.MP4	81062	59.94006
RIMP_20220228_WC2-1	1	0	0	1	WC2-1_R15_279.MP4	81061	59.94006
RIMP_20220228_WC2-1	1	0	0	1	WC2-1_R15_280.MP4	81061	59.94006
RIMP_20220228_WC2-1	1	0	0	1	WC2-1_R15_281.MP4	27390	59.94006
RIMP_20220228_WC2-4	0	0	0	1	WC2-4_L14_210.MP4	81062	59.94006
RIMP_20220228_WC2-4	0	0	0	1	WC2-4_L14_211.MP4	81061	59.94006
RIMP_20220228_WC2-4	0	0	0	1	WC2-4_L14_212.MP4	72421	59.94006
RIMP_20220228_WC2-5	0	0	0	1	wC2-5_L12_290.MP4	81062	59.94006
RIMP_20220228_WC2-5	0	0	0	1	wC2-5_L12_291.MP4	81061	59.94006
RIMP_20220228_WC2-5	0	0	0	1	wC2-5_L12_292.MP4	74581	59.94006
RIMP_20220228_WC2-5	1	0	0	1	wC2-5_R11_284.MP4	81122	59.94006
RIMP_20220228_WC2-5	1	0	0	1	wC2-5_R11_285.MP4	81060	59.94006
RIMP_20220228_WC2-5	1	0	0	1	wC2-5_R11_286.MP4	76021	59.94006
RIMP_20220228_WS1-1	0	0	0	1	WS1-1_L12_285.MP4	81062	59.94006
RIMP_20220228_WS1-1	0	0	0	1	WS1-1_L12_286.MP4	81061	59.94006
RIMP_20220228_WS1-1	0	0	0	1	WS1-1_L12_287.MP4	81061	59.94006
RIMP_20220228_WS1-1	0	0	0	1	WS1-1_L12_288.MP4	81060	59.94006
RIMP_20220228_WS1-1	0	0	0	1	WS1-1_L12_289.MP4	10051	59.94006
RIMP_20220228_WS1-2	0	0	0	1	WS1-2_L18_278.MP4	81062	59.94006
RIMP_20220228_WS1-2	0	0	0	1	WS1-2_L18_279.MP4	81061	59.94006
RIMP_20220228_WS1-2	0	0	0	1	WS1-2_L18_280.MP4	81061	59.94006
RIMP_20220228_WS1-2	0	0	0	1	WS1-2_L18_281.MP4	81120	59.94006
RIMP_20220228_WS1-2	0	0	0	1	WS1-2_L18_282.MP4	5851	59.94006
RIMP_20220228_WS1-2	1	0	0	1	WS1-2_R17_277.MP4	81122	59.94006
RIMP_20220228_WS1-2	1	0	0	1	WS1-2_R17_278.MP4	81060	59.94006
RIMP_20220228_WS1-2	1	0	0	1	WS1-2_R17_279.MP4	81061	59.94006
RIMP_20220228_WS1-2	1	0	0	1	WS1-2_R17_280.MP4	81060	59.94006
RIMP_20220228_WS1-2	1	0	0	1	WS1-2_R17_281.MP4	7561	59.94006
RIMP_20220228_WS1-3	0	0	0	1	WS1-3_L14_206.MP4	81122	59.94006
RIMP_20220228_WS1-3	0	0	0	1	WS1-3_L14_207.MP4	81060	59.94006
RIMP_20220228_WS1-3	0	0	0	1	WS1-3_L14_208.MP4	81121	59.94006
RIMP_20220228_WS1-3	0	0	0	1	WS1-3_L14_209.MP4	24030	59.94006
RIMP_20220228_WS1-4	0	0	0	1	WS1-4_L16_291.MP4	81062	59.94006
RIMP_20220228_WS1-4	0	0	0	1	WS1-4_L16_292.MP4	81121	59.94006
RIMP_20220228_WS1-4	0	0	0	1	WS1-4_L16_293.MP4	81061	59.94006
RIMP_20220228_WS1-4	0	0	0	1	WS1-4_L16_294.MP4	47730	59.94006
RIMP_20220228_WS1-4	1	0	0	1	WS1-4_R15_274.MP4	81122	59.94006
RIMP_20220228_WS1-4	1	0	0	1	WS1-4_R15_275.MP4	81060	59.94006
RIMP_20220228_WS1-4	1	0	0	1	WS1-4_R15_276.MP4	81061	59.94006
RIMP_20220228_WS1-4	1	0	0	1	WS1-4_R15_277.MP4	45780	59.94006
RIMP_20220228_WS2-1	0	0	0	1	WS2-1_L51_14.MP4	81062	59.94006
RIMP_20220228_WS2-1	0	0	0	1	WS2-1_L51_15.MP4	81061	59.94006
RIMP_20220228_WS2-1	0	0	0	1	WS2-1_L51_16.MP4	81061	59.94006
RIMP_20220228_WS2-1	0	0	0	1	WS2-1_L51_17.MP4	57420	59.94006
RIMP_20220228_WS2-1	1	0	0	1	WS2-1_R51_985.MP4	81122	59.94006
RIMP_20220228_WS2-1	1	0	0	1	WS2-1_R51_986.MP4	81060	59.94006
RIMP_20220228_WS2-1	1	0	0	1	WS2-1_R51_987.MP4	81061	59.94006
RIMP_20220228_WS2-1	1	0	0	1	WS2-1_R51_988.MP4	58740	59.94006
RIMP_20220228_WS2-2	0	0	0	1	WS2-2_L50_76.MP4	81062	59.94006
RIMP_20220228_WS2-2	0	0	0	1	WS2-2_L50_77.MP4	81061	59.94006
RIMP_20220228_WS2-2	0	0	0	1	WS2-2_L50_78.MP4	81061	59.94006
RIMP_20220228_WS2-2	1	0	0	1	WS2-2_R50_49.MP4	81062	59.94006
RIMP_20220228_WS2-2	1	0	0	1	WS2-2_R50_50.MP4	81061	59.94006
RIMP_20220228_WS2-2	1	0	0	1	WS2-2_R50_51.MP4	81061	59.94006
RIMP_20220228_WS2-2	1	0	0	1	WS2-2_R50_52.MP4	22080	59.94006
RIMP_20220228_WS2-3	0	0	0	1	WS2-3_L52_17.MP4	81122	59.94006
RIMP_20220228_WS2-3	0	0	0	1	WS2-3_L52_18.MP4	81060	59.94006
RIMP_20220228_WS2-3	0	0	0	1	WS2-3_L52_19.MP4	81061	59.94006
RIMP_20220228_WS2-3	0	0	0	1	WS2-3_L52_20.MP4	58050	59.94006
RIMP_20220228_WS2-3	1	0	0	1	WS2-3_R52_55.MP4	81122	59.94006
RIMP_20220228_WS2-3	1	0	0	1	WS2-3_R52_56.MP4	81120	59.94006
RIMP_20220228_WS2-3	1	0	0	1	WS2-3_R52_57.MP4	81061	59.94006
RIMP_20220228_WS2-3	1	0	0	1	WS2-3_R52_58.MP4	59970	59.94006
RIMP_20220228_WS2-4	0	0	0	1	WS2-4_L22_263.MP4	81122	59.94006
RIMP_20220228_WS2-4	0	0	0	1	WS2-4_L22_264.MP4	81060	59.94006
RIMP_20220228_WS2-4	0	0	0	1	WS2-4_L22_265.MP4	81061	59.94006
RIMP_20220228_WS2-4	0	0	0	1	WS2-4_L22_266.MP4	31830	59.94006
RIMP_20220228_WS2-4	1	0	0	1	WS2-4_R21_256.MP4	81122	59.94006
RIMP_20220228_WS2-4	1	0	0	1	WS2-4_R21_257.MP4	81060	59.94006
RIMP_20220228_WS2-4	1	0	0	1	WS2-4_R21_258.MP4	81061	59.94006
RIMP_20220228_WS2-4	1	0	0	1	WS2-4_R21_259.MP4	28710	59.94006
RIMP_20220301_AC1-1	0	0	0	1	AC1-1_L52_01033.MP4	81120	59.94018
RIMP_20220301_AC1-1	0	0	0	1	AC1-1_L52_01034.MP4	81061	59.94018
RIMP_20220301_AC1-1	0	0	0	1	AC1-1_L52_01035.MP4	81121	59.94018
RIMP_20220301_AC1-1	0	0	0	1	AC1-1_L52_01036.MP4	37740	59.94018
RIMP_20220301_AC1-1	1	0	0	1	AC1-1_R52_01071.MP4	81120	59.94018
RIMP_20220301_AC1-1	1	0	0	1	AC1-1_R52_01072.MP4	81061	59.94018
RIMP_20220301_AC1-1	1	0	0	1	AC1-1_R52_01073.MP4	81121	59.94018
RIMP_20220301_AC1-1	1	0	0	1	AC1-1_R52_01074.MP4	40500	59.94018
RIMP_20220301_AC1-2	0	0	0	1	AC1-2_L16_00307.MP4	81120	59.94018
RIMP_20220301_AC1-2	0	0	0	1	AC1-2_L16_00308.MP4	81061	59.94018
RIMP_20220301_AC1-2	0	0	0	1	AC1-2_L16_00309.MP4	81121	59.94018
RIMP_20220301_AC1-2	0	0	0	1	AC1-2_L16_00310.MP4	3660	59.94018
RIMP_20220301_AC1-2	1	0	0	1	AC1-2_R15_00290.MP4	81060	59.94018
RIMP_20220301_AC1-2	1	0	0	1	AC1-2_R15_00291.MP4	81121	59.94018
RIMP_20220301_AC1-2	1	0	0	1	AC1-2_R15_00292.MP4	81121	59.94018
RIMP_20220301_AC1-2	1	0	0	1	AC1-2_R15_00293.MP4	2640	59.94018
RIMP_20220301_AC1-3	0	0	0	1	AC1-3_L18_00294.MP4	81120	59.94018
RIMP_20220301_AC1-3	0	0	0	1	AC1-3_L18_00295.MP4	81061	59.94018
RIMP_20220301_AC1-3	0	0	0	1	AC1-3_L18_00296.MP4	75001	59.94018
RIMP_20220301_AC1-3	1	0	0	1	AC1-3_R17_00294.MP4	81122	59.94006
RIMP_20220301_AC1-3	1	0	0	1	AC1-3_R17_00295.MP4	81060	59.94006
RIMP_20220301_AC1-3	1	0	0	1	AC1-3_R17_00296.MP4	78991	59.94006
RIMP_20220301_AC2-1	0	0	0	1	AC2-1_L14_00220.MP4	81120	59.94018
RIMP_20220301_AC2-1	0	0	0	1	AC2-1_L14_00221.MP4	81061	59.94018
RIMP_20220301_AC2-1	0	0	0	1	AC2-1_L14_00222.MP4	81061	59.94018
RIMP_20220301_AC2-1	0	0	0	1	AC2-1_L14_00223.MP4	20430	59.94018
RIMP_20220301_AC2-3	0	0	0	1	AC2-3_R50_01064.MP4	81122	59.94006
RIMP_20220301_AC2-3	0	0	0	1	AC2-3_R50_01065.MP4	81060	59.94006
RIMP_20220301_AC2-3	0	0	0	1	AC2-3_R50_01066.MP4	81061	59.94006
RIMP_20220301_AC2-3	0	0	0	1	AC2-3_R50_01067.MP4	7260	59.94006
RIMP_20220301_AC2-4	0	0	0	1	AC2-4_L22_00279.MP4	81122	59.94006
RIMP_20220301_AC2-4	0	0	0	1	AC2-4_L22_00280.MP4	81060	59.94006
RIMP_20220301_AC2-4	0	0	0	1	AC2-4_L22_00281.MP4	81121	59.94006
RIMP_20220301_AC2-4	0	0	0	1	AC2-4_L22_00282.MP4	15750	59.94006
RIMP_20220301_AC2-4	1	0	0	1	AC2-4_R21_00273.MP4	81122	59.94006
RIMP_20220301_AC2-4	1	0	0	1	AC2-4_R21_00274.MP4	81060	59.94006
RIMP_20220301_AC2-4	1	0	0	1	AC2-4_R21_00275.MP4	81061	59.94006
RIMP_20220301_AC2-4	1	0	0	1	AC2-4_R21_00276.MP4	14130	59.94006
RIMP_20220301_AC3-1	0	0	0	1	AC3-1_L51_01040.MP4	81122	59.94006
RIMP_20220301_AC3-1	0	0	0	1	AC3-1_L51_01041.MP4	81060	59.94006
RIMP_20220301_AC3-1	0	0	0	1	AC3-1_L51_01042.MP4	81121	59.94006
RIMP_20220301_AC3-1	0	0	0	1	AC3-1_L51_01043.MP4	3840	59.94006
RIMP_20220301_AC3-1	1	0	0	1	AC3-1_R51_01009.MP4	81122	59.94006
RIMP_20220301_AC3-1	1	0	0	1	AC3-1_R51_01010.MP4	81060	59.94006
RIMP_20220301_AC3-1	1	0	0	1	AC3-1_R51_01011.MP4	81061	59.94006
RIMP_20220301_AC3-1	1	0	0	1	AC3-1_R51_01012.MP4	8400	59.94006
RIMP_20220301_AC3-2	0	0	0	1	AC3-2_L52_01041.MP4	81122	59.94006
RIMP_20220301_AC3-2	0	0	0	1	AC3-2_L52_01042.MP4	81060	59.94006
RIMP_20220301_AC3-2	0	0	0	1	AC3-2_L52_01043.MP4	81061	59.94006
RIMP_20220301_AC3-2	1	0	0	1	AC3-2_R52_01079.MP4	81122	59.94006
RIMP_20220301_AC3-2	1	0	0	1	AC3-2_R52_01080.MP4	81120	59.94006
RIMP_20220301_AC3-2	1	0	0	1	AC3-2_R52_01081.MP4	81061	59.94006
RIMP_20220301_AC3-2	1	0	0	1	AC3-2_R52_01082.MP4	3060	59.94006
RIMP_20220301_AC3-3	0	0	0	1	AC3-3_L50_00005.MP4	81122	59.94006
RIMP_20220301_AC3-3	0	0	0	1	AC3-3_L50_00006.MP4	81060	59.94006
RIMP_20220301_AC3-3	0	0	0	1	AC3-3_L50_00007.MP4	79231	59.94006
RIMP_20220301_AC3-3	1	0	0	1	AC3-3_R50_01072.MP4	81122	59.94006
RIMP_20220301_AC3-3	1	0	0	1	AC3-3_R50_01073.MP4	81120	59.94006
RIMP_20220301_AC3-3	1	0	0	1	AC3-3_R50_01074.MP4	81061	59.94006
RIMP_20220301_AC3-3	1	0	0	1	AC3-3_R50_01075.MP4	1860	59.94006
RIMP_20220301_AC3-4	0	0	0	1	AC3-4_L16_00315.MP4	81122	59.94006
RIMP_20220301_AC3-4	0	0	0	1	AC3-4_L16_00316.MP4	81060	59.94006
RIMP_20220301_AC3-4	0	0	0	1	AC3-4_L16_00317.MP4	73081	59.94006
RIMP_20220301_AC4-1	0	0	0	1	AC4-1_L18_00301.MP4	81122	59.94006
RIMP_20220301_AC4-1	0	0	0	1	AC4-1_L18_00302.MP4	81060	59.94006
RIMP_20220301_AC4-1	0	0	0	1	AC4-1_L18_00303.MP4	81121	59.94006
RIMP_20220301_AC4-1	1	0	0	1	AC4-1_R17_00301.MP4	81122	59.94006
RIMP_20220301_AC4-1	1	0	0	1	AC4-1_R17_00302.MP4	81120	59.94006
RIMP_20220301_AC4-1	1	0	0	1	AC4-1_R17_00303.MP4	81061	59.94006
RIMP_20220301_AC4-2	0	0	0	1	AC4-2_L22_00287.MP4	81122	59.94006
RIMP_20220301_AC4-2	0	0	0	1	AC4-2_L22_00288.MP4	81120	59.94006
RIMP_20220301_AC4-2	0	0	0	1	AC4-2_L22_00289.MP4	70201	59.94006
RIMP_20220301_AC4-2	1	0	0	1	AC4-2_R21_00281.MP4	81122	59.94006
RIMP_20220301_AC4-2	1	0	0	1	AC4-2_R21_00282.MP4	81060	59.94006
RIMP_20220301_AC4-2	1	0	0	1	AC4-2_R21_00283.MP4	68881	59.94006
RIMP_20220301_AC4-4	0	0	0	1	AC4-4_L14_00228.MP4	81122	59.94006
RIMP_20220301_AC4-4	0	0	0	1	AC4-4_L14_00229.MP4	81060	59.94006
RIMP_20220301_AC4-4	0	0	0	1	AC4-4_L14_00230.MP4	73621	59.94006
RIMP_20220301_AC4-4	1	0	0	1	AC4-4_R13_00231.MP4	81122	59.94006
RIMP_20220301_AC4-4	1	0	0	1	AC4-4_R13_00232.MP4	81060	59.94006
RIMP_20220301_AC4-4	1	0	0	1	AC4-4_R13_00233.MP4	77461	59.94006
RIMP_20220301_AS1-1	0	0	0	1	AR1-1_L18_00297.MP4	81122	59.94006
RIMP_20220301_AS1-1	0	0	0	1	AR1-1_L18_00298.MP4	81060	59.94006
RIMP_20220301_AS1-1	0	0	0	1	AR1-1_L18_00299.MP4	81061	59.94006
RIMP_20220301_AS1-1	0	0	0	1	AR1-1_L18_00300.MP4	51360	59.94006
RIMP_20220301_AS1-1	1	0	0	1	AR1-1_R17_00297.MP4	81122	59.94006
RIMP_20220301_AS1-1	1	0	0	1	AR1-1_R17_00298.MP4	81060	59.94006
RIMP_20220301_AS1-1	1	0	0	1	AR1-1_R17_00299.MP4	81061	59.94006
RIMP_20220301_AS1-1	1	0	0	1	AR1-1_R17_00300.MP4	51510	59.94006
RIMP_20220301_AS1-2	0	0	0	1	AR1-2_L16_00311.MP4	81122	59.94006
RIMP_20220301_AS1-2	0	0	0	1	AR1-2_L16_00312.MP4	81120	59.94006
RIMP_20220301_AS1-2	0	0	0	1	AR1-2_L16_00313.MP4	81061	59.94006
RIMP_20220301_AS1-2	0	0	0	1	AR1-2_L16_00314.MP4	37860	59.94006
RIMP_20220301_AS1-2	1	0	0	1	AR1-2_R15_00294.MP4	81122	59.94006
RIMP_20220301_AS1-2	1	0	0	1	AR1-2_R15_00295.MP4	81120	59.94006
RIMP_20220301_AS1-2	1	0	0	1	AR1-2_R15_00296.MP4	81061	59.94006
RIMP_20220301_AS1-2	1	0	0	1	AR1-2_R15_00297.MP4	37920	59.94006
RIMP_20220301_AS1-3	0	0	0	1	AR1-3_L52_01037.MP4	81122	59.94006
RIMP_20220301_AS1-3	0	0	0	1	AR1-3_L52_01038.MP4	81060	59.94006
RIMP_20220301_AS1-3	0	0	0	1	AR1-3_L52_01039.MP4	81061	59.94006
RIMP_20220301_AS1-3	0	0	0	1	AR1-3_L52_01040.MP4	38400	59.94006
RIMP_20220301_AS1-3	1	0	0	1	AR1-3_R52_01075.MP4	81122	59.94006
RIMP_20220301_AS1-3	1	0	0	1	AR1-3_R52_01076.MP4	81060	59.94006
RIMP_20220301_AS1-3	1	0	0	1	AR1-3_R52_01077.MP4	81061	59.94006
RIMP_20220301_AS1-3	1	0	0	1	AR1-3_R52_01078.MP4	38940	59.94006
RIMP_20220301_AS1-4	0	0	0	1	AR1-4_L14_00224.MP4	81122	59.94006
RIMP_20220301_AS1-4	0	0	0	1	AR1-4_L14_00225.MP4	81120	59.94006
RIMP_20220301_AS1-4	0	0	0	1	AR1-4_L14_00226.MP4	81061	59.94006
RIMP_20220301_AS1-4	0	0	0	1	AR1-4_L14_00227.MP4	30750	59.94006
RIMP_20220301_AS2-1	0	0	0	1	AR2-1_L12_00303.MP4	81122	59.94006
RIMP_20220301_AS2-1	0	0	0	1	AR2-1_L12_00304.MP4	81060	59.94006
RIMP_20220301_AS2-1	0	0	0	1	AR2-1_L12_00305.MP4	81061	59.94006
RIMP_20220301_AS2-1	0	0	0	1	AR2-1_L12_00306.MP4	24240	59.94006
RIMP_20220301_AS2-1	1	0	0	1	AR2-1_R11_00298.MP4	81122	59.94006
RIMP_20220301_AS2-1	1	0	0	1	AR2-1_R11_00299.MP4	81060	59.94006
RIMP_20220301_AS2-1	1	0	0	1	AR2-1_R11_00300.MP4	81061	59.94006
RIMP_20220301_AS2-1	1	0	0	1	AR2-1_R11_00301.MP4	24480	59.94006
RIMP_20220301_AS2-2	0	0	0	1	AR2-2_L22_00283.MP4	81122	59.94006
RIMP_20220301_AS2-2	0	0	0	1	AR2-2_L22_00284.MP4	81060	59.94006
RIMP_20220301_AS2-2	0	0	0	1	AR2-2_L22_00285.MP4	81061	59.94006
RIMP_20220301_AS2-2	0	0	0	1	AR2-2_L22_00286.MP4	34110	59.94006
RIMP_20220301_AS2-2	1	0	0	1	AR2-2_R21_00277.MP4	81122	59.94006
RIMP_20220301_AS2-2	1	0	0	1	AR2-2_R21_00278.MP4	81120	59.94006
RIMP_20220301_AS2-2	1	0	0	1	AR2-2_R21_00279.MP4	81121	59.94006
RIMP_20220301_AS2-2	1	0	0	1	AR2-2_R21_00280.MP4	31470	59.94006
RIMP_20220301_AS2-3	0	0	0	1	AR2-3_L50_00001.MP4	81122	59.94006
RIMP_20220301_AS2-3	0	0	0	1	AR2-3_L50_00002.MP4	81060	59.94006
RIMP_20220301_AS2-3	0	0	0	1	AR2-3_L50_00003.MP4	81061	59.94006
RIMP_20220301_AS2-3	0	0	0	1	AR2-3_L50_00004.MP4	35850	59.94006
RIMP_20220301_AS2-3	1	0	0	1	AR2-3_R50_01068.MP4	81122	59.94006
RIMP_20220301_AS2-3	1	0	0	1	AR2-3_R50_01069.MP4	81120	59.94006
RIMP_20220301_AS2-3	1	0	0	1	AR2-3_R50_01070.MP4	81061	59.94006
RIMP_20220301_AS2-3	1	0	0	1	AR2-3_R50_01071.MP4	35670	59.94006
RIMP_20220301_AS2-4	0	0	0	1	AR2-4_L51_01036.MP4	81122	59.94006
RIMP_20220301_AS2-4	0	0	0	1	AR2-4_L51_01037.MP4	81060	59.94006
RIMP_20220301_AS2-4	0	0	0	1	AR2-4_L51_01038.MP4	81121	59.94006
RIMP_20220301_AS2-4	0	0	0	1	AR2-4_L51_01039.MP4	31410	59.94006
RIMP_20220301_AS2-4	1	0	0	1	AR2-4_R51_01005.MP4	81122	59.94006
RIMP_20220301_AS2-4	1	0	0	1	AR2-4_R51_01006.MP4	81120	59.94006
RIMP_20220301_AS2-4	1	0	0	1	AR2-4_R51_01007.MP4	81061	59.94006
RIMP_20220301_AS2-4	1	0	0	1	AR2-4_R51_01008.MP4	33300	59.94006
RIMP_20220301_GC2-1	0	0	0	1	GC2-1_L51_01028.MP4	81120	59.94018
RIMP_20220301_GC2-1	0	0	0	1	GC2-1_L51_01029.MP4	81061	59.94018
RIMP_20220301_GC2-1	0	0	0	1	GC2-1_L51_01030.MP4	81121	59.94018
RIMP_20220301_GC2-1	0	0	0	1	GC2-1_L51_01031.MP4	35130	59.94018
RIMP_20220301_GC2-1	1	0	0	1	GC2-1_R51_00997.MP4	81060	59.94018
RIMP_20220301_GC2-1	1	0	0	1	GC2-1_R51_00998.MP4	81061	59.94018
RIMP_20220301_GC2-1	1	0	0	1	GC2-1_R51_00999.MP4	81121	59.94018
RIMP_20220301_GC2-1	1	0	0	1	GC2-1_R51_01000.MP4	36630	59.94018
RIMP_20220301_GC2-2	0	0	0	1	GC2-2_L16_00303.MP4	81120	59.94018
RIMP_20220301_GC2-2	0	0	0	1	GC2-2_L16_00304.MP4	81121	59.94018
RIMP_20220301_GC2-2	0	0	0	1	GC2-2_L16_00305.MP4	81061	59.94018
RIMP_20220301_GC2-2	0	0	0	1	GC2-2_L16_00306.MP4	22800	59.94018
RIMP_20220301_GC2-2	1	0	0	1	GC2-2_R15_00286.MP4	81122	59.94006
RIMP_20220301_GC2-2	1	0	0	1	GC2-2_R15_00287.MP4	81060	59.94006
RIMP_20220301_GC2-2	1	0	0	1	GC2-2_R15_00288.MP4	81061	59.94006
RIMP_20220301_GC2-2	1	0	0	1	GC2-2_R15_00289.MP4	21900	59.94006
RIMP_20220301_GC2-3	0	0	0	1	GC2-4_L52_01029.MP4	81120	59.94018
RIMP_20220301_GC2-3	0	0	0	1	GC2-4_L52_01030.MP4	81121	59.94018
RIMP_20220301_GC2-3	0	0	0	1	GC2-4_L52_01031.MP4	81121	59.94018
RIMP_20220301_GC2-3	0	0	0	1	GC2-4_L52_01032.MP4	4050	59.94018
RIMP_20220301_GC2-4	0	0	0	1	GC2-4_L52_01029.MP4	81122	59.94006
RIMP_20220301_GC2-4	0	0	0	1	GC2-4_L52_01030.MP4	81120	59.94006
RIMP_20220301_GC2-4	0	0	0	1	GC2-4_L52_01031.MP4	81121	59.94006
RIMP_20220301_GC2-4	0	0	0	1	GC2-4_L52_01032.MP4	4050	59.94006
RIMP_20220301_GS2-1	0	0	0	1	GS2-1_L14_00217.MP4	81122	59.94006
RIMP_20220301_GS2-1	0	0	0	1	GS2-1_L14_00218.MP4	81060	59.94006
RIMP_20220301_GS2-1	0	0	0	1	GS2-1_L14_00219.MP4	66001	59.94006
RIMP_20220301_GS2-1	1	0	0	1	GS2-1_R13_00220.MP4	81122	59.94006
RIMP_20220301_GS2-1	1	0	0	1	GS2-1_R13_00221.MP4	81060	59.94006
RIMP_20220301_GS2-1	1	0	0	1	GS2-1_R13_00222.MP4	67921	59.94006
RIMP_20220301_GS2-2	0	0	0	1	GS2-2_L12_00296.MP4	81062	59.94006
RIMP_20220301_GS2-2	0	0	0	1	GS2-2_L12_00297.MP4	81061	59.94006
RIMP_20220301_GS2-2	0	0	0	1	GS2-2_L12_00298.MP4	71611	59.94006
RIMP_20220301_GS2-2	1	0	0	1	GS2-2_R11_00291.MP4	81122	59.94006
RIMP_20220301_GS2-2	1	0	0	1	GS2-2_R11_00292.MP4	81060	59.94006
RIMP_20220301_GS2-2	1	0	0	1	GS2-2_R11_00293.MP4	71461	59.94006
RIMP_20220301_GS2-3	0	0	0	1	GS2-3_L18_00290.MP4	81060	59.94018
RIMP_20220301_GS2-3	0	0	0	1	GS2-3_L18_00291.MP4	81061	59.94018
RIMP_20220301_GS2-3	0	0	0	1	GS2-3_L18_00292.MP4	81121	59.94018
RIMP_20220301_GS2-3	0	0	0	1	GS2-3_L18_00293.MP4	3570	59.94018
RIMP_20220301_GS2-3	1	0	0	1	GS2-3_R17_00290.MP4	81120	59.94018
RIMP_20220301_GS2-3	1	0	0	1	GS2-3_R17_00291.MP4	81061	59.94018
RIMP_20220301_GS2-3	1	0	0	1	GS2-3_R17_00292.MP4	81061	59.94018
RIMP_20220301_GS2-3	1	0	0	1	GS2-3_R17_00293.MP4	4770	59.94018
RIMP_20220301_GS2-4	0	0	0	1	GS2-4_L22_00275.MP4	81122	59.94006
RIMP_20220301_GS2-4	0	0	0	1	GS2-4_L22_00276.MP4	81120	59.94006
RIMP_20220301_GS2-4	0	0	0	1	GS2-4_L22_00277.MP4	81061	59.94006
RIMP_20220301_GS2-4	0	0	0	1	GS2-4_L22_00278.MP4	5670	59.94006
RIMP_20220301_GS2-4	1	0	0	1	GS2-4_R21_00269.MP4	81122	59.94006
RIMP_20220301_GS2-4	1	0	0	1	GS2-4_R21_00270.MP4	81060	59.94006
RIMP_20220301_GS2-4	1	0	0	1	GS2-4_R21_00271.MP4	81061	59.94006
RIMP_20220301_GS2-4	1	0	0	1	GS2-4_R21_00272.MP4	7380	59.94006
RIMP_20220302_KS1-1	0	0	0	1	KS1-1_L14_00231.MP4	81122	59.94006
RIMP_20220302_KS1-1	0	0	0	1	KS1-1_L14_00232.MP4	81060	59.94006
RIMP_20220302_KS1-1	0	0	0	1	KS1-1_L14_00233.MP4	81061	59.94006
RIMP_20220302_KS1-1	0	0	0	1	KS1-1_L14_00234.MP4	23430	59.94006
RIMP_20220302_KS1-2	0	0	0	1	KS1-2_L12_00310.MP4	81122	59.94006
RIMP_20220302_KS1-2	0	0	0	1	KS1-2_L12_00311.MP4	81060	59.94006
RIMP_20220302_KS1-2	0	0	0	1	KS1-2_L12_00312.MP4	76201	59.94006
RIMP_20220302_KS1-2	1	0	0	1	KS1-2_R11_00305.MP4	81122	59.94006
RIMP_20220302_KS1-2	1	0	0	1	KS1-2_R11_00306.MP4	81060	59.94006
RIMP_20220302_KS1-2	1	0	0	1	KS1-2_R11_00307.MP4	74521	59.94006
RIMP_20220302_KS1-3	0	0	0	1	KS1-3_L50_00008.MP4	81122	59.94006
RIMP_20220302_KS1-3	0	0	0	1	KS1-3_L50_00009.MP4	81060	59.94006
RIMP_20220302_KS1-3	0	0	0	1	KS1-3_L50_00010.MP4	81061	59.94006
RIMP_20220302_KS1-3	1	0	0	1	KS1-3_R50_01077.MP4	81122	59.94006
RIMP_20220302_KS1-3	1	0	0	1	KS1-3_R50_01078.MP4	81060	59.94006
RIMP_20220302_KS1-3	1	0	0	1	KS1-3_R50_01079.MP4	74911	59.94006
RIMP_20220302_KS1-4	0	0	0	1	KS1-4_L52_01045.MP4	81122	59.94006
RIMP_20220302_KS1-4	0	0	0	1	KS1-4_L52_01046.MP4	81060	59.94006
RIMP_20220302_KS1-4	0	0	0	1	KS1-4_L52_01047.MP4	81061	59.94006
RIMP_20220302_KS1-4	0	0	0	1	KS1-4_L52_01048.MP4	58860	59.94006
RIMP_20220302_KS1-4	1	0	0	1	KS1-4_R52_01083.MP4	81122	59.94006
RIMP_20220302_KS1-4	1	0	0	1	KS1-4_R52_01084.MP4	81060	59.94006
RIMP_20220302_KS1-4	1	0	0	1	KS1-4_R52_01085.MP4	81061	59.94006
RIMP_20220302_KS1-4	1	0	0	1	KS1-4_R52_01086.MP4	60420	59.94006
RIMP_20220302_KS2-1	0	0	0	1	KS2-1_L51_01044.MP4	81122	59.94006
RIMP_20220302_KS2-1	0	0	0	1	KS2-1_L51_01045.MP4	81120	59.94006
RIMP_20220302_KS2-1	0	0	0	1	KS2-1_L51_01046.MP4	67351	59.94006
RIMP_20220302_KS2-1	1	0	0	1	KS2-1_R51_01013.MP4	81122	59.94006
RIMP_20220302_KS2-1	1	0	0	1	KS2-1_R51_01014.MP4	81060	59.94006
RIMP_20220302_KS2-1	1	0	0	1	KS2-1_R51_01015.MP4	63691	59.94006
RIMP_20220302_KS2-2	0	0	0	1	KS2-2_L18_00305.MP4	81122	59.94006
RIMP_20220302_KS2-2	0	0	0	1	KS2-2_L18_00306.MP4	81060	59.94006
RIMP_20220302_KS2-2	0	0	0	1	KS2-2_L18_00307.MP4	69151	59.94006
RIMP_20220302_KS2-3	0	0	0	1	KS2-3_L16_00318.MP4	81122	59.94006
RIMP_20220302_KS2-3	0	0	0	1	KS2-3_L16_00319.MP4	81060	59.94006
RIMP_20220302_KS2-3	0	0	0	1	KS2-3_L16_00320.MP4	66961	59.94006
RIMP_20220302_KS2-3	1	0	0	1	KS2-3_R15_00301.MP4	81122	59.94006
RIMP_20220302_KS2-3	1	0	0	1	KS2-3_R15_00302.MP4	81120	59.94006
RIMP_20220302_KS2-3	1	0	0	1	KS2-3_R15_00303.MP4	71941	59.94006
RIMP_20220302_KS2-4	0	0	0	1	KS2-4_L22_00290.MP4	81122	59.94006
RIMP_20220302_KS2-4	0	0	0	1	KS2-4_L22_00291.MP4	81060	59.94006
RIMP_20220302_KS2-4	0	0	0	1	KS2-4_L22_00292.MP4	81061	59.94006
RIMP_20220302_KS2-4	0	0	0	1	KS2-4_L22_00293.MP4	10950	59.94006
RIMP_20220302_KS2-4	1	0	0	1	KS2-4_R21_00284.MP4	81122	59.94006
RIMP_20220302_KS2-4	1	0	0	1	KS2-4_R21_00285.MP4	81120	59.94006
RIMP_20220302_KS2-4	1	0	0	1	KS2-4_R21_00286.MP4	81061	59.94006
RIMP_20220302_KS2-4	1	0	0	1	KS2-4_R21_00287.MP4	14970	59.94006
RIMP_20220304_KC1-1	0	0	0	1	KC1-1_L22_00294.MP4	81060	59.94018
RIMP_20220304_KC1-1	0	0	0	1	KC1-1_L22_00295.MP4	81061	59.94018
RIMP_20220304_KC1-1	0	0	0	1	KC1-1_L22_00296.MP4	81061	59.94018
RIMP_20220304_KC1-1	0	0	0	1	KC1-1_L22_00297.MP4	68701	59.94018
RIMP_20220304_KC1-1	1	0	0	1	KC1-1_R21_00288.MP4	81062	59.94006
RIMP_20220304_KC1-1	1	0	0	1	KC1-1_R21_00289.MP4	81061	59.94006
RIMP_20220304_KC1-1	1	0	0	1	KC1-1_R21_00290.MP4	81061	59.94006
RIMP_20220304_KC1-1	1	0	0	1	KC1-1_R21_00291.MP4	64830	59.94006
RIMP_20220304_KC1-2	0	0	0	1	KC1-2_L52_01049.MP4	81060	59.94018
RIMP_20220304_KC1-2	0	0	0	1	KC1-2_L52_01050.MP4	81061	59.94018
RIMP_20220304_KC1-2	0	0	0	1	KC1-2_L52_01051.MP4	81061	59.94018
RIMP_20220304_KC1-2	0	0	0	1	KC1-2_L52_01052.MP4	37381	59.94018
RIMP_20220304_KC1-2	1	0	0	1	KC1-2_R52_01087.MP4	81062	59.94006
RIMP_20220304_KC1-2	1	0	0	1	KC1-2_R52_01088.MP4	81121	59.94006
RIMP_20220304_KC1-2	1	0	0	1	KC1-2_R52_01089.MP4	81061	59.94006
RIMP_20220304_KC1-2	1	0	0	1	KC1-2_R52_01090.MP4	40410	59.94006
RIMP_20220304_KC1-3	0	0	0	1	KC1-3_L12_00313.MP4	81060	59.94018
RIMP_20220304_KC1-3	0	0	0	1	KC1-3_L12_00314.MP4	81061	59.94018
RIMP_20220304_KC1-3	0	0	0	1	KC1-3_L12_00315.MP4	75121	59.94018
RIMP_20220304_KC1-3	1	0	0	1	KC1-3_R11_00308.MP4	81062	59.94006
RIMP_20220304_KC1-3	1	0	0	1	KC1-3_R11_00309.MP4	81061	59.94006
RIMP_20220304_KC1-3	1	0	0	1	KC1-3_R11_00310.MP4	74821	59.94006
RIMP_20220304_KC1-4	0	0	0	1	KC1-4_L50_00012.MP4	81120	59.94018
RIMP_20220304_KC1-4	0	0	0	1	KC1-4_L50_00013.MP4	81061	59.94018
RIMP_20220304_KC1-4	0	0	0	1	KC1-4_L50_00014.MP4	73771	59.94018
RIMP_20220304_KC1-4	0	0	0	1	KC1-4_L50_00015.MP4	150	59.94018
RIMP_20220304_KC1-4	1	0	0	1	KC1-4_R50_01080.MP4	81062	59.94006
RIMP_20220304_KC1-4	1	0	0	1	KC1-4_R50_01081.MP4	81061	59.94006
RIMP_20220304_KC1-4	1	0	0	1	KC1-4_R50_01082.MP4	76111	59.94006
RIMP_20220304_KC2-1	0	0	0	1	KC2-1_L51_01047.MP4	81062	59.94006
RIMP_20220304_KC2-1	0	0	0	1	KC2-1_L51_01048.MP4	81061	59.94006
RIMP_20220304_KC2-1	0	0	0	1	KC2-1_L51_01049.MP4	75661	59.94006
RIMP_20220304_KC2-1	1	0	0	1	KC2-1_R51_01016.MP4	81062	59.94006
RIMP_20220304_KC2-1	1	0	0	1	KC2-1_R51_01017.MP4	81121	59.94006
RIMP_20220304_KC2-1	1	0	0	1	KC2-1_R51_01018.MP4	74011	59.94006
RIMP_20220304_KC2-3	0	0	0	1	KC2-3_L14_00235.MP4	81122	59.94006
RIMP_20220304_KC2-3	0	0	0	1	KC2-3_L14_00236.MP4	81120	59.94006
RIMP_20220304_KC2-3	0	0	0	1	KC2-3_L14_00237.MP4	70561	59.94006
RIMP_20220304_KC2-4	0	0	0	1	KC2-4_L18_00308.MP4	81122	59.94006
RIMP_20220304_KC2-4	0	0	0	1	KC2-4_L18_00309.MP4	81060	59.94006
RIMP_20220304_KC2-4	0	0	0	1	KC2-4_L18_00310.MP4	71281	59.94006
RIMP_20220304_KC2-4	1	0	0	1	KC2-4_R17_00306.MP4	81122	59.94006
RIMP_20220304_KC2-4	1	0	0	1	KC2-4_R17_00307.MP4	81060	59.94006
RIMP_20220304_KC2-4	1	0	0	1	KC2-4_R17_00308.MP4	70951	59.94006
RIMP_20220304_KC3-1	0	0	0	1	KC3-1_L50_00020.MP4	81062	59.94006
RIMP_20220304_KC3-1	0	0	0	1	KC3-1_L50_00021.MP4	81061	59.94006
RIMP_20220304_KC3-1	0	0	0	1	KC3-1_L50_00022.MP4	81121	59.94006
RIMP_20220304_KC3-1	0	0	0	1	KC3-1_L50_00023.MP4	12510	59.94006
RIMP_20220304_KC3-1	1	0	0	1	KC3-1_R50_01087.MP4	81122	59.94006
RIMP_20220304_KC3-1	1	0	0	1	KC3-1_R50_01088.MP4	81120	59.94006
RIMP_20220304_KC3-1	1	0	0	1	KC3-1_R50_01089.MP4	81061	59.94006
RIMP_20220304_KC3-1	1	0	0	1	KC3-1_R50_01090.MP4	15540	59.94006
RIMP_20220304_KC3-2	0	0	0	1	KC3-2_L51_01054.MP4	81062	59.94006
RIMP_20220304_KC3-2	0	0	0	1	KC3-2_L51_01055.MP4	81061	59.94006
RIMP_20220304_KC3-2	0	0	0	1	KC3-2_L51_01056.MP4	71971	59.94006
RIMP_20220304_KC3-2	1	0	0	1	KC3-2_R51_01023.MP4	81062	59.94006
RIMP_20220304_KC3-2	1	0	0	1	KC3-2_R51_01024.MP4	81061	59.94006
RIMP_20220304_KC3-2	1	0	0	1	KC3-2_R51_01025.MP4	74791	59.94006
RIMP_20220304_KC3-3	0	0	0	1	KC3-3_L22_00302.MP4	81122	59.94006
RIMP_20220304_KC3-3	0	0	0	1	KC3-3_L22_00303.MP4	81060	59.94006
RIMP_20220304_KC3-3	0	0	0	1	KC3-3_L22_00304.MP4	81121	59.94006
RIMP_20220304_KC3-3	0	0	0	1	KC3-3_L22_00305.MP4	4050	59.94006
RIMP_20220304_KC3-3	1	0	0	1	KC3-3_R21_00296.MP4	81122	59.94006
RIMP_20220304_KC3-3	1	0	0	1	KC3-3_R21_00297.MP4	81060	59.94006
RIMP_20220304_KC3-3	1	0	0	1	KC3-3_R21_00298.MP4	81121	59.94006
RIMP_20220304_KC3-3	1	0	0	1	KC3-3_R21_00299.MP4	3660	59.94006
RIMP_20220304_KC3-4	0	0	0	1	KC3-4_L14_00242.MP4	81122	59.94006
RIMP_20220304_KC3-4	0	0	0	1	KC3-4_L14_00243.MP4	81060	59.94006
RIMP_20220304_KC3-4	0	0	0	1	KC3-4_L14_00244.MP4	75601	59.94006
RIMP_20220304_KC4-1	0	0	0	1	KC4-1_L12_00320.MP4	81122	59.94006
RIMP_20220304_KC4-1	0	0	0	1	KC4-1_L12_00321.MP4	81060	59.94006
RIMP_20220304_KC4-1	0	0	0	1	KC4-1_L12_00322.MP4	69811	59.94006
RIMP_20220304_KC4-1	1	0	0	1	KC4-1_R11_00315.MP4	81122	59.94006
RIMP_20220304_KC4-1	1	0	0	1	KC4-1_R11_00316.MP4	81060	59.94006
RIMP_20220304_KC4-1	1	0	0	1	KC4-1_R11_00317.MP4	70561	59.94006
RIMP_20220304_KC4-2	0	0	0	1	KC4-2_L52_01056.MP4	81122	59.94006
RIMP_20220304_KC4-2	0	0	0	1	KC4-2_L52_01057.MP4	81060	59.94006
RIMP_20220304_KC4-2	0	0	0	1	KC4-2_L52_01058.MP4	55921	59.94006
RIMP_20220304_KC4-2	1	0	0	1	KC4-2_R52_01095.MP4	81122	59.94006
RIMP_20220304_KC4-2	1	0	0	1	KC4-2_R52_01096.MP4	81060	59.94006
RIMP_20220304_KC4-2	1	0	0	1	KC4-2_R52_01097.MP4	55171	59.94006
RIMP_20220304_KC4-3	0	0	0	1	KC4-3_L18_00315.MP4	81062	59.94006
RIMP_20220304_KC4-3	0	0	0	1	KC4-3_L18_00316.MP4	81061	59.94006
RIMP_20220304_KC4-3	0	0	0	1	KC4-3_L18_00317.MP4	81121	59.94006
RIMP_20220304_KC4-3	0	0	0	1	KC4-3_L18_00318.MP4	5310	59.94006
RIMP_20220304_KC4-3	1	0	0	1	KC4-3_R17_00313.MP4	81122	59.94006
RIMP_20220304_KC4-3	1	0	0	1	KC4-3_R17_00314.MP4	81060	59.94006
RIMP_20220304_KC4-3	1	0	0	1	KC4-3_R17_00315.MP4	81121	59.94006
RIMP_20220304_KC4-3	1	0	0	1	KC4-3_R17_00316.MP4	4350	59.94006
RIMP_20220304_KC4-4	0	0	0	1	KC4-4_L16_00328.MP4	81122	59.94006
RIMP_20220304_KC4-4	0	0	0	1	KC4-4_L16_00329.MP4	81060	59.94006
RIMP_20220304_KC4-4	0	0	0	1	KC4-4_L16_00330.MP4	81121	59.94006
RIMP_20220304_KC4-4	0	0	0	1	KC4-4_L16_00331.MP4	4350	59.94006
RIMP_20220304_KC4-4	1	0	0	1	KC4-4_R15_00312.MP4	81122	59.94006
RIMP_20220304_KC4-4	1	0	0	1	KC4-4_R15_00313.MP4	81060	59.94006
RIMP_20220304_KC4-4	1	0	0	1	KC4-4_R15_00314.MP4	81061	59.94006
RIMP_20220304_KC4-4	1	0	0	1	KC4-4_R15_00315.MP4	3120	59.94006
RIMP_20220304_WC3-2	0	0	0	1	WC3-2_L18_00311.MP4	81062	59.94006
RIMP_20220304_WC3-2	0	0	0	1	WC3-2_L18_00312.MP4	81061	59.94006
RIMP_20220304_WC3-2	0	0	0	1	WC3-2_L18_00313.MP4	81121	59.94006
RIMP_20220304_WC3-2	0	0	0	1	WC3-2_L18_00314.MP4	3810	59.94006
RIMP_20220304_WC3-2	1	0	0	1	WC3-2_R17_00309.MP4	81122	59.94006
RIMP_20220304_WC3-2	1	0	0	1	WC3-2_R17_00310.MP4	81060	59.94006
RIMP_20220304_WC3-2	1	0	0	1	WC3-2_R17_00311.MP4	81121	59.94006
RIMP_20220304_WC3-2	1	0	0	1	WC3-2_R17_00312.MP4	3900	59.94006
RIMP_20220304_WC3-3	0	0	0	1	WC3-3_L52_01053.MP4	81122	59.94006
RIMP_20220304_WC3-3	0	0	0	1	WC3-3_L52_01054.MP4	81060	59.94006
RIMP_20220304_WC3-3	0	0	0	1	WC3-3_L52_01055.MP4	80401	59.94006
RIMP_20220304_WC3-3	1	0	0	1	WC3-3_R52_01091.MP4	81122	59.94006
RIMP_20220304_WC3-3	1	0	0	1	WC3-3_R52_01092.MP4	81060	59.94006
RIMP_20220304_WC3-3	1	0	0	1	WC3-3_R52_01093.MP4	81061	59.94006
RIMP_20220304_WC3-3	1	0	0	1	WC3-3_R52_01094.MP4	3060	59.94006
RIMP_20220304_WC3-4	0	0	0	1	WC3-4_L14_00238.MP4	81062	59.94006
RIMP_20220304_WC3-4	0	0	0	1	WC3-4_L14_00239.MP4	81061	59.94006
RIMP_20220304_WC3-4	0	0	0	1	WC3-4_L14_00240.MP4	81121	59.94006
RIMP_20220304_WC3-4	0	0	0	1	WC3-4_L14_00241.MP4	1320	59.94006
RIMP_20220304_WC4-1	0	0	0	1	WC4-1_L51_01050.MP4	81122	59.94006
RIMP_20220304_WC4-1	0	0	0	1	WC4-1_L51_01051.MP4	81120	59.94006
RIMP_20220304_WC4-1	0	0	0	1	WC4-1_L51_01052.MP4	81061	59.94006
RIMP_20220304_WC4-1	0	0	0	1	WC4-1_L51_01053.MP4	5970	59.94006
RIMP_20220304_WC4-1	1	0	0	1	WC4-1_R51_01019.MP4	81122	59.94006
RIMP_20220304_WC4-1	1	0	0	1	WC4-1_R51_01020.MP4	81120	59.94006
RIMP_20220304_WC4-1	1	0	0	1	WC4-1_R51_01021.MP4	81061	59.94006
RIMP_20220304_WC4-1	1	0	0	1	WC4-1_R51_01022.MP4	7560	59.94006
RIMP_20220304_WC4-2	0	0	0	1	WC4-2_L50_00016.MP4	81122	59.94006
RIMP_20220304_WC4-2	0	0	0	1	WC4-2_L50_00017.MP4	81060	59.94006
RIMP_20220304_WC4-2	0	0	0	1	WC4-2_L50_00018.MP4	81061	59.94006
RIMP_20220304_WC4-2	0	0	0	1	WC4-2_L50_00019.MP4	11340	59.94006
RIMP_20220304_WC4-2	1	0	0	1	WC4-2_R50_01083.MP4	81062	59.94006
RIMP_20220304_WC4-2	1	0	0	1	WC4-2_R50_01084.MP4	81061	59.94006
RIMP_20220304_WC4-2	1	0	0	1	WC4-2_R50_01085.MP4	81121	59.94006
RIMP_20220304_WC4-2	1	0	0	1	WC4-2_R50_01086.MP4	11490	59.94006
RIMP_20220304_WC4-3	0	0	0	1	WC4-3_L12_00316.MP4	81122	59.94006
RIMP_20220304_WC4-3	0	0	0	1	WC4-3_L12_00317.MP4	81060	59.94006
RIMP_20220304_WC4-3	0	0	0	1	WC4-3_L12_00318.MP4	81061	59.94006
RIMP_20220304_WC4-3	0	0	0	1	WC4-3_L12_00319.MP4	15750	59.94006
RIMP_20220304_WC4-3	1	0	0	1	WC4-3_R11_00311.MP4	81122	59.94006
RIMP_20220304_WC4-3	1	0	0	1	WC4-3_R11_00312.MP4	81060	59.94006
RIMP_20220304_WC4-3	1	0	0	1	WC4-3_R11_00313.MP4	81061	59.94006
RIMP_20220304_WC4-3	1	0	0	1	WC4-3_R11_00314.MP4	19620	59.94006
RIMP_20220304_WC4-4	0	0	0	1	WC4-4_L22_00298.MP4	81122	59.94006
RIMP_20220304_WC4-4	0	0	0	1	WC4-4_L22_00299.MP4	81120	59.94006
RIMP_20220304_WC4-4	0	0	0	1	WC4-4_L22_00300.MP4	81061	59.94006
RIMP_20220304_WC4-4	0	0	0	1	WC4-4_L22_00301.MP4	15990	59.94006
RIMP_20220304_WC4-4	1	0	0	1	WC4-4_R21_00292.MP4	81122	59.94006
RIMP_20220304_WC4-4	1	0	0	1	WC4-4_R21_00293.MP4	81060	59.94006
RIMP_20220304_WC4-4	1	0	0	1	WC4-4_R21_00294.MP4	81121	59.94006
RIMP_20220304_WC4-4	1	0	0	1	WC4-4_R21_00295.MP4	5640	59.94006
RIMP_20220309_GC3-1	0	0	0	1	GC3-1_L22_00306.MP4	81122	59.94006
RIMP_20220309_GC3-1	0	0	0	1	GC3-1_L22_00307.MP4	81060	59.94006
RIMP_20220309_GC3-1	0	0	0	1	GC3-1_L22_00308.MP4	81061	59.94006
RIMP_20220309_GC3-1	0	0	0	1	GC3-1_L22_00309.MP4	19200	59.94006
RIMP_20220309_GC3-1	1	0	0	1	GC3-1_R21_00300.MP4	81060	59.94018
RIMP_20220309_GC3-1	1	0	0	1	GC3-1_R21_00301.MP4	81061	59.94018
RIMP_20220309_GC3-1	1	0	0	1	GC3-1_R21_00302.MP4	81061	59.94018
RIMP_20220309_GC3-1	1	0	0	1	GC3-1_R21_00303.MP4	20611	59.94018
RIMP_20220309_GC3-2	0	0	0	1	GC3-2_L14_00246.MP4	81062	59.94006
RIMP_20220309_GC3-2	0	0	0	1	GC3-2_L14_00247.MP4	81061	59.94006
RIMP_20220309_GC3-2	0	0	0	1	GC3-2_L14_00248.MP4	73411	59.94006
RIMP_20220309_GC3-3	0	0	0	1	GC3-3_L18_00319.MP4	81062	59.94006
RIMP_20220309_GC3-3	0	0	0	1	GC3-3_L18_00320.MP4	81061	59.94006
RIMP_20220309_GC3-3	0	0	0	1	GC3-3_L18_00321.MP4	76981	59.94006
RIMP_20220309_GC3-3	1	0	0	1	GC3-3_R17_00317.MP4	81062	59.94006
RIMP_20220309_GC3-3	1	0	0	1	GC3-3_R17_00318.MP4	81061	59.94006
RIMP_20220309_GC3-3	1	0	0	1	GC3-3_R17_00319.MP4	80161	59.94006
RIMP_20220309_GC3-4	0	0	0	1	GC3-4_L51_01057.MP4	81062	59.94006
RIMP_20220309_GC3-4	0	0	0	1	GC3-4_L51_01058.MP4	81061	59.94006
RIMP_20220309_GC3-4	0	0	0	1	GC3-4_L51_01059.MP4	81121	59.94006
RIMP_20220309_GC3-4	1	0	0	1	GC3-4_R51_01026.MP4	81122	59.94006
RIMP_20220309_GC3-4	1	0	0	1	GC3-4_R51_01027.MP4	81060	59.94006
RIMP_20220309_GC3-4	1	0	0	1	GC3-4_R51_01028.MP4	77881	59.94006
RIMP_20220309_GC4-1	0	0	0	1	GC4-1_L50_00024.MP4	81122	59.94006
RIMP_20220309_GC4-1	0	0	0	1	GC4-1_L50_00025.MP4	81060	59.94006
RIMP_20220309_GC4-1	0	0	0	1	GC4-1_L50_00026.MP4	74971	59.94006
RIMP_20220309_GC4-1	1	0	0	1	GC4-1_R50_01092.MP4	81122	59.94006
RIMP_20220309_GC4-1	1	0	0	1	GC4-1_R50_01093.MP4	81060	59.94006
RIMP_20220309_GC4-1	1	0	0	1	GC4-1_R50_01094.MP4	78691	59.94006
RIMP_20220309_GC4-2	0	0	0	1	GC4-2_L12_00323.MP4	81122	59.94006
RIMP_20220309_GC4-2	0	0	0	1	GC4-2_L12_00324.MP4	81060	59.94006
RIMP_20220309_GC4-2	0	0	0	1	GC4-2_L12_00325.MP4	73471	59.94006
RIMP_20220309_GC4-3	0	0	0	1	GC4-3_L16_00332.MP4	81122	59.94006
RIMP_20220309_GC4-3	0	0	0	1	GC4-3_L16_00333.MP4	81060	59.94006
RIMP_20220309_GC4-3	0	0	0	1	GC4-3_L16_00334.MP4	81061	59.94006
RIMP_20220309_GC4-3	0	0	0	1	GC4-3_L16_00335.MP4	11730	59.94006
RIMP_20220309_GC4-3	1	0	0	1	GC4-3_R15_00316.MP4	81122	59.94006
RIMP_20220309_GC4-3	1	0	0	1	GC4-3_R15_00317.MP4	81060	59.94006
RIMP_20220309_GC4-3	1	0	0	1	GC4-3_R15_00318.MP4	81121	59.94006
RIMP_20220309_GC4-3	1	0	0	1	GC4-3_R15_00319.MP4	8760	59.94006
RIMP_20220309_GC4-4	0	0	0	1	GC4-4_L52_01059.MP4	81122	59.94006
RIMP_20220309_GC4-4	0	0	0	1	GC4-4_L52_01060.MP4	81060	59.94006
RIMP_20220309_GC4-4	0	0	0	1	GC4-4_L52_01061.MP4	72661	59.94006
RIMP_20220309_GC4-4	1	0	0	1	GC4-4_R52_01098.MP4	81122	59.94006
RIMP_20220309_GC4-4	1	0	0	1	GC4-4_R52_01099.MP4	81060	59.94006
RIMP_20220309_GC4-4	1	0	0	1	GC4-4_R52_01100.MP4	71581	59.94006
RIMP_20220309_PC1-1	0	0	0	1	PC1-1_L52_01062.MP4	81122	59.94006
RIMP_20220309_PC1-1	0	0	0	1	PC1-1_L52_01063.MP4	81120	59.94006
RIMP_20220309_PC1-1	0	0	0	1	PC1-1_L52_01064.MP4	78331	59.94006
RIMP_20220309_PC1-1	1	0	0	1	PC1-1_R52_01101.MP4	81122	59.94006
RIMP_20220309_PC1-1	1	0	0	1	PC1-1_R52_01102.MP4	81060	59.94006
RIMP_20220309_PC1-1	1	0	0	1	PC1-1_R52_01103.MP4	79951	59.94006
RIMP_20220309_PC1-2	0	0	0	1	PC1-2_L16_00336.MP4	81122	59.94006
RIMP_20220309_PC1-2	0	0	0	1	PC1-2_L16_00337.MP4	81060	59.94006
RIMP_20220309_PC1-2	0	0	0	1	PC1-2_L16_00338.MP4	70741	59.94006
RIMP_20220309_PC1-2	1	0	0	1	PC1-2_R15_00320.MP4	81122	59.94006
RIMP_20220309_PC1-2	1	0	0	1	PC1-2_R15_00321.MP4	81060	59.94006
RIMP_20220309_PC1-2	1	0	0	1	PC1-2_R15_00322.MP4	72571	59.94006
RIMP_20220309_PC1-3	0	0	0	1	PC1-3_L12_00326.MP4	81122	59.94006
RIMP_20220309_PC1-3	0	0	0	1	PC1-3_L12_00327.MP4	81060	59.94006
RIMP_20220309_PC1-3	0	0	0	1	PC1-3_L12_00328.MP4	68521	59.94006
RIMP_20220309_PC1-3	1	0	0	1	PC1-3_R11_00321.MP4	81122	59.94006
RIMP_20220309_PC1-3	1	0	0	1	PC1-3_R11_00322.MP4	81060	59.94006
RIMP_20220309_PC1-3	1	0	0	1	PC1-3_R11_00323.MP4	69811	59.94006
RIMP_20220309_PC1-4	0	0	0	1	PC1-4_L50_00027.MP4	81122	59.94006
RIMP_20220309_PC1-4	0	0	0	1	PC1-4_L50_00028.MP4	81060	59.94006
RIMP_20220309_PC1-4	0	0	0	1	PC1-4_L50_00029.MP4	64321	59.94006
RIMP_20220309_PC1-4	1	0	0	1	PC1-4_R50_01095.MP4	81122	59.94006
RIMP_20220309_PC1-4	1	0	0	1	PC1-4_R50_01096.MP4	81060	59.94006
RIMP_20220309_PC1-4	1	0	0	1	PC1-4_R50_01097.MP4	67501	59.94006
RIMP_20220309_PC2-1	0	0	0	1	PC2-1_L22_00310.MP4	81122	59.94006
RIMP_20220309_PC2-1	0	0	0	1	PC2-1_L22_00311.MP4	81060	59.94006
RIMP_20220309_PC2-1	0	0	0	1	PC2-1_L22_00312.MP4	66901	59.94006
RIMP_20220309_PC2-1	1	0	0	1	PC2-1_R21_00304.MP4	81062	59.94006
RIMP_20220309_PC2-1	1	0	0	1	PC2-1_R21_00305.MP4	81061	59.94006
RIMP_20220309_PC2-1	1	0	0	1	PC2-1_R21_00306.MP4	71521	59.94006
RIMP_20220309_PC2-2	0	0	0	1	PC2-2_L51_01061.MP4	81122	59.94006
RIMP_20220309_PC2-2	0	0	0	1	PC2-2_L51_01062.MP4	81120	59.94006
RIMP_20220309_PC2-2	0	0	0	1	PC2-2_L51_01063.MP4	71791	59.94006
RIMP_20220309_PC2-2	1	0	0	1	PC2-2_R51_01029.MP4	81062	59.94006
RIMP_20220309_PC2-2	1	0	0	1	PC2-2_R51_01030.MP4	81061	59.94006
RIMP_20220309_PC2-2	1	0	0	1	PC2-2_R51_01031.MP4	69631	59.94006
RIMP_20220309_PC2-3	0	0	0	1	PC2-3_L18_00322.MP4	81062	59.94006
RIMP_20220309_PC2-3	0	0	0	1	PC2-3_L18_00323.MP4	81061	59.94006
RIMP_20220309_PC2-3	0	0	0	1	PC2-3_L18_00324.MP4	70771	59.94006
RIMP_20220309_PC2-3	1	0	0	1	PC2-3_R17_00320.MP4	81122	59.94006
RIMP_20220309_PC2-3	1	0	0	1	PC2-3_R17_00321.MP4	81060	59.94006
RIMP_20220309_PC2-3	1	0	0	1	PC2-3_R17_00322.MP4	69361	59.94006
RIMP_20220309_PC2-4	0	0	0	1	PC2-4_L14_00249.MP4	81122	59.94006
RIMP_20220309_PC2-4	0	0	0	1	PC2-4_L14_00250.MP4	81060	59.94006
RIMP_20220309_PC2-4	0	0	0	1	PC2-4_L14_00251.MP4	71671	59.94006
RIMP_20220309_PC3-1	0	0	0	1	PC3-1_L52_01068.MP4	81122	59.94006
RIMP_20220309_PC3-1	0	0	0	1	PC3-1_L52_01069.MP4	81060	59.94006
RIMP_20220309_PC3-1	0	0	0	1	PC3-1_L52_01070.MP4	64531	59.94006
RIMP_20220309_PC3-1	1	0	0	1	PC3-1_R52_01107.MP4	81122	59.94006
RIMP_20220309_PC3-1	1	0	0	1	PC3-1_R52_01108.MP4	81060	59.94006
RIMP_20220309_PC3-1	1	0	0	1	PC3-1_R52_01109.MP4	65221	59.94006
RIMP_20220309_PC3-2	0	0	0	1	PC3-2_L16_00342.MP4	81062	59.94006
RIMP_20220309_PC3-2	0	0	0	1	PC3-2_L16_00343.MP4	81061	59.94006
RIMP_20220309_PC3-2	0	0	0	1	PC3-2_L16_00344.MP4	67651	59.94006
RIMP_20220309_PC3-2	1	0	0	1	PC3-2_R15_00326.MP4	81062	59.94006
RIMP_20220309_PC3-2	1	0	0	1	PC3-2_R15_00327.MP4	81061	59.94006
RIMP_20220309_PC3-2	1	0	0	1	PC3-2_R15_00328.MP4	69271	59.94006
RIMP_20220309_PC3-3	0	0	0	1	PC3-3_L50_00034.MP4	81122	59.94006
RIMP_20220309_PC3-3	0	0	0	1	PC3-3_L50_00035.MP4	81060	59.94006
RIMP_20220309_PC3-3	0	0	0	1	PC3-3_L50_00036.MP4	69211	59.94006
RIMP_20220309_PC3-3	1	0	0	1	PC3-3_R50_01102.MP4	81122	59.94006
RIMP_20220309_PC3-3	1	0	0	1	PC3-3_R50_01103.MP4	81060	59.94006
RIMP_20220309_PC3-3	1	0	0	1	PC3-3_R50_01104.MP4	67351	59.94006
RIMP_20220309_PC3-4	0	0	0	1	PC3-4_L12_00332.MP4	81122	59.94006
RIMP_20220309_PC3-4	0	0	0	1	PC3-4_L12_00333.MP4	81060	59.94006
RIMP_20220309_PC3-4	0	0	0	1	PC3-4_L12_00334.MP4	67711	59.94006
RIMP_20220309_PC3-4	1	0	0	1	PC3-4_R11_00327.MP4	81062	59.94006
RIMP_20220309_PC3-4	1	0	0	1	PC3-4_R11_00328.MP4	81061	59.94006
RIMP_20220309_PC3-4	1	0	0	1	PC3-4_R11_00329.MP4	65791	59.94006
RIMP_20220309_PC4-1	0	0	0	1	PC4-1_L22_00316.MP4	81122	59.94006
RIMP_20220309_PC4-1	0	0	0	1	PC4-1_L22_00317.MP4	81120	59.94006
RIMP_20220309_PC4-1	0	0	0	1	PC4-1_L22_00318.MP4	70081	59.94006
RIMP_20220309_PC4-1	1	0	0	1	PC4-1_R21_00310.MP4	81122	59.94006
RIMP_20220309_PC4-1	1	0	0	1	PC4-1_R21_00311.MP4	81120	59.94006
RIMP_20220309_PC4-1	1	0	0	1	PC4-1_R21_00312.MP4	69901	59.94006
RIMP_20220309_PC4-2	0	0	0	1	PC4-2_L51_01068.MP4	81062	59.94006
RIMP_20220309_PC4-2	0	0	0	1	PC4-2_L51_01069.MP4	81121	59.94006
RIMP_20220309_PC4-2	0	0	0	1	PC4-2_L51_01070.MP4	63301	59.94006
RIMP_20220309_PC4-2	1	0	0	1	PC4-2_R51_01038.MP4	81122	59.94006
RIMP_20220309_PC4-2	1	0	0	1	PC4-2_R51_01039.MP4	81060	59.94006
RIMP_20220309_PC4-2	1	0	0	1	PC4-2_R51_01040.MP4	63901	59.94006
RIMP_20220309_PC4-3	0	0	0	1	PC4-3_L18_00328.MP4	81062	59.94006
RIMP_20220309_PC4-3	0	0	0	1	PC4-3_L18_00329.MP4	81061	59.94006
RIMP_20220309_PC4-3	0	0	0	1	PC4-3_L18_00330.MP4	65281	59.94006
RIMP_20220309_PC4-3	1	0	0	1	PC4-3_R17_00326.MP4	81062	59.94006
RIMP_20220309_PC4-3	1	0	0	1	PC4-3_R17_00327.MP4	81061	59.94006
RIMP_20220309_PC4-3	1	0	0	1	PC4-3_R17_00328.MP4	62311	59.94006
RIMP_20220309_PC4-4	0	0	0	1	PC4-4_L14_00255.MP4	81062	59.94006
RIMP_20220309_PC4-4	0	0	0	1	PC4-4_L14_00256.MP4	81061	59.94006
RIMP_20220309_PC4-4	0	0	0	1	PC4-4_L14_00257.MP4	67681	59.94006
RIMP_20220309_PS1-1	0	0	0	1	PS1-1_L14_00252.MP4	81122	59.94006
RIMP_20220309_PS1-1	0	0	0	1	PS1-1_L14_00253.MP4	81060	59.94006
RIMP_20220309_PS1-1	0	0	0	1	PS1-1_L14_00254.MP4	65311	59.94006
RIMP_20220309_PS1-2	0	0	0	1	PS1-2_L18_00325.MP4	81062	59.94006
RIMP_20220309_PS1-2	0	0	0	1	PS1-2_L18_00326.MP4	81061	59.94006
RIMP_20220309_PS1-2	0	0	0	1	PS1-2_L18_00327.MP4	66241	59.94006
RIMP_20220309_PS1-2	1	0	0	1	PS1-2_R17_00323.MP4	81122	59.94006
RIMP_20220309_PS1-2	1	0	0	1	PS1-2_R17_00324.MP4	81120	59.94006
RIMP_20220309_PS1-2	1	0	0	1	PS1-2_R17_00325.MP4	65431	59.94006
RIMP_20220309_PS1-3	0	0	0	1	PS1-3_L51_01065.MP4	81062	59.94006
RIMP_20220309_PS1-3	0	0	0	1	PS1-3_L51_01066.MP4	81061	59.94006
RIMP_20220309_PS1-3	0	0	0	1	PS1-3_L51_01067.MP4	68851	59.94006
RIMP_20220309_PS1-3	1	0	0	1	PS1-3_R51_01035.MP4	81122	59.94006
RIMP_20220309_PS1-3	1	0	0	1	PS1-3_R51_01036.MP4	81060	59.94006
RIMP_20220309_PS1-3	1	0	0	1	PS1-3_R51_01037.MP4	67171	59.94006
RIMP_20220309_PS1-4	0	0	0	1	PS1-4_R21_00307.MP4	81062	59.94006
RIMP_20220309_PS1-4	0	0	0	1	PS1-4_R21_00308.MP4	81121	59.94006
RIMP_20220309_PS1-4	0	0	0	1	PS1-4_R21_00309.MP4	66991	59.94006
RIMP_20220309_PS1-4	0	0	0	1	PS1-4_L22_00313.MP4	81122	59.94006
RIMP_20220309_PS1-4	1	0	0	1	PS1-4_R21_00307.MP4	81062	59.94006
RIMP_20220309_PS1-4	1	0	0	1	PS1-4_R21_00308.MP4	81121	59.94006
RIMP_20220309_PS1-4	1	0	0	1	PS1-4_R21_00309.MP4	66991	59.94006
RIMP_20220309_PS2-1	0	0	0	1	PS2-1_L50_00030.MP4	81122	59.94006
RIMP_20220309_PS2-1	0	0	0	1	PS2-1_L50_00031.MP4	81120	59.94006
RIMP_20220309_PS2-1	0	0	0	1	PS2-1_L50_00032.MP4	81061	59.94006
RIMP_20220309_PS2-1	0	0	0	1	PS2-1_L50_00033.MP4	28050	59.94006
RIMP_20220309_PS2-1	1	0	0	1	PS2-1_R50_01098.MP4	81122	59.94006
RIMP_20220309_PS2-1	1	0	0	1	PS2-1_R50_01099.MP4	81060	59.94006
RIMP_20220309_PS2-1	1	0	0	1	PS2-1_R50_01100.MP4	81061	59.94006
RIMP_20220309_PS2-1	1	0	0	1	PS2-1_R50_01101.MP4	22140	59.94006
RIMP_20220309_PS2-1	1	0	0	1	PS1-2_R17_00323.MP4	81122	59.94006
RIMP_20220309_PS2-2	0	0	0	1	PS2-2_L12_00329.MP4	81062	59.94006
RIMP_20220309_PS2-2	0	0	0	1	PS2-2_L12_00330.MP4	81061	59.94006
RIMP_20220309_PS2-2	0	0	0	1	PS2-2_L12_00331.MP4	54931	59.94006
RIMP_20220309_PS2-2	1	0	0	1	PS2-2_R11_00324.MP4	81122	59.94006
RIMP_20220309_PS2-2	1	0	0	1	PS2-2_R11_00325.MP4	81120	59.94006
RIMP_20220309_PS2-2	1	0	0	1	PS2-2_R11_00326.MP4	50461	59.94006
RIMP_20220309_PS2-3	0	0	0	1	PS2-3_L16_00339.MP4	81122	59.94006
RIMP_20220309_PS2-3	0	0	0	1	PS2-3_L16_00340.MP4	81060	59.94006
RIMP_20220309_PS2-3	0	0	0	1	PS2-3_L16_00341.MP4	69451	59.94006
RIMP_20220309_PS2-3	0	0	0	1	PC2-3_L18_00322.MP4	81062	59.94006
RIMP_20220309_PS2-3	1	0	0	1	PS2-3_R15_00323.MP4	81122	59.94006
RIMP_20220309_PS2-3	1	0	0	1	PS2-3_R15_00324.MP4	81060	59.94006
RIMP_20220309_PS2-3	1	0	0	1	PS2-3_R15_00325.MP4	66811	59.94006
RIMP_20220309_PS2-4	0	0	0	1	PS2-4_L52_01065.MP4	81122	59.94006
RIMP_20220309_PS2-4	0	0	0	1	PS2-4_L52_01066.MP4	81060	59.94006
RIMP_20220309_PS2-4	0	0	0	1	PS2-4_L52_01067.MP4	61141	59.94006
RIMP_20220309_PS2-4	1	0	0	1	PS2-4_R52_01104.MP4	81062	59.94006
RIMP_20220309_PS2-4	1	0	0	1	PS2-4_R52_01105.MP4	81121	59.94006
RIMP_20220309_PS2-4	1	0	0	1	PS2-4_R52_01106.MP4	64531	59.94006
RIMP_20220311_AC2-5	0	0	0	1	AC2-5_L18_00331.MP4	81062	59.94006
RIMP_20220311_AC2-5	0	0	0	1	AC2-5_L18_00332.MP4	81061	59.94006
RIMP_20220311_AC2-5	0	0	0	1	AC2-5_L18_00333.MP4	66781	59.94006
RIMP_20220311_AC2-5	1	0	0	1	AC2-5_R17_00329.MP4	81062	59.94006
RIMP_20220311_AC2-5	1	0	0	1	AC2-5_R17_00330.MP4	81061	59.94006
RIMP_20220311_AC2-5	1	0	0	1	AC2-5_R17_00331.MP4	70021	59.94006
RIMP_20220311_AC2-6	0	0	0	1	AC2-6_L16_00345.MP4	81122	59.94006
RIMP_20220311_AC2-6	0	0	0	1	AC2-6_L16_00346.MP4	81060	59.94006
RIMP_20220311_AC2-6	0	0	0	1	AC2-6_L16_00347.MP4	74161	59.94006
RIMP_20220311_AC2-6	1	0	0	1	AC2-6_R15_00329.MP4	81062	59.94006
RIMP_20220311_AC2-6	1	0	0	1	AC2-6_R15_00330.MP4	81061	59.94006
RIMP_20220311_AC2-6	1	0	0	1	AC2-6_R15_00331.MP4	73501	59.94006
RIMP_20220311_AC3-5	0	0	0	1	AC3-5_L14_00258.MP4	81122	59.94006
RIMP_20220311_AC3-5	0	0	0	1	AC3-5_L14_00259.MP4	81060	59.94006
RIMP_20220311_AC3-5	0	0	0	1	AC3-5_L14_00260.MP4	81061	59.94006
RIMP_20220311_AC3-5	0	0	0	1	AC3-5_L14_00261.MP4	25500	59.94006
RIMP_20220311_AC4-5	0	0	0	1	AC4-5_L51_01073.MP4	81062	59.94006
RIMP_20220311_AC4-5	0	0	0	1	AC4-5_L51_01074.MP4	81121	59.94006
RIMP_20220311_AC4-5	0	0	0	1	AC4-5_L51_01075.MP4	63421	59.94006
RIMP_20220311_AC4-5	1	0	0	1	AC4-5_R51_01041.MP4	81122	59.94006
RIMP_20220311_AC4-5	1	0	0	1	AC4-5_R51_01042.MP4	81060	59.94006
RIMP_20220311_AC4-5	1	0	0	1	AC4-5_R51_01043.MP4	61441	59.94006
RIMP_20220311_AS1-5	0	0	0	1	AS1-5_L12_00335.MP4	81062	59.94006
RIMP_20220311_AS1-5	0	0	0	1	AS1-5_L12_00336.MP4	81061	59.94006
RIMP_20220311_AS1-5	0	0	0	1	AS1-5_L12_00337.MP4	81061	59.94006
RIMP_20220311_AS1-5	0	0	0	1	AS1-5_L12_00338.MP4	18630	59.94006
RIMP_20220311_AS1-5	1	0	0	1	AS1-5_R11_00330.MP4	81062	59.94006
RIMP_20220311_AS1-5	1	0	0	1	AS1-5_R11_00331.MP4	81061	59.94006
RIMP_20220311_AS1-5	1	0	0	1	AS1-5_R11_00332.MP4	81061	59.94006
RIMP_20220311_AS1-5	1	0	0	1	AS1-5_R11_00333.MP4	18780	59.94006