OpCode	Camera	MovieSeqIndex	StartTimeOffset	Format	Filename	Frames	Rate
E107	0	0	0.00000	1	EMR_E107_406_407_406.avi	105588	25.00000
E107	1	0	0.00000	1	EMR_E107_406_407_407.avi	105192	25.00000
E112	0	0	0.00000	1	EMR_E112_543_546_546.avi	166740	25.00000
E112	0	0	0.00000	1	EMR_E112_543_546_546.avi	144237	25.00000
E112	1	0	0.00000	1	EMR_E112_543_546_543.avi	166512	25.00000
E112	1	0	0.00000	1	EMR_E112_543_546_543.avi	144708	25.00000
E12	0	0	0.00000	1	EMR_E12_286_287_286.avi	160559	25.00000
E12	1	0	0.00000	1	EMR_E12_286_287_287.avi	159132	25.00000
E121	0	0	0.00000	1	EMR_E121_547_549_549.avi	160260	25.00000
E121	1	0	0.00000	1	EMR_E121_547_549_547.avi	160644	25.00000
E130	0	0	0.00000	1	EMR_E130_286_287_286.avi	187198	25.00000
E130	1	0	0.00000	1	EMR_E130_286_287_287.avi	266242	25.00000
E133	0	0	0.00000	1	EMR_E133_541_548_548.avi	157716	25.00000
E133	1	0	0.00000	1	EMR_E133_541_548_541.avi	158052	25.00000
E136	0	0	0.00000	1	EMR_E136_282_283_282.avi	187523	25.00000
E136	1	0	0.00000	1	EMR_E136_282_283_283.avi	196224	25.00000
E140	0	0	0.00000	1	EMR_E140_544_551_544.avi	118944	25.00000
E140	1	0	0.00000	1	EMR_E140_544_551_551.avi	117108	25.00000
E165	0	0	0.00000	1	EMR_E165_544_551_544.avi	187548	25.00000
E165	0	0	0.00000	1	EMR_E165_544_551_544.avi	165390	25.00000
E165	1	0	0.00000	1	EMR_E165_544_551_551.avi	187176	25.00000
E165	1	0	0.00000	1	EMR_E165_544_551_551.avi	164093	25.00000
E166	0	0	0.00000	1	EMR_E166_545_550_550.avi	133556	25.00000
E166	0	0	0.00000	1	EMR_E166_545_550_545.avi	134205	25.00000
E166	1	0	0.00000	1	EMR_E166_545_550_545.avi	134205	25.00000
E166	1	0	0.00000	1	EMR_E166_545_550_550.avi	133556	25.00000
E168	0	0	0.00000	1	EMR_E168_542_552_552.avi	170220	25.00000
E168	1	0	0.00000	1	EMR_E168_542_552_542.avi	170220	25.00000
E19	0	0	0.00000	1	EMR_E19_543_546_543.avi	277380	25.00000
E19	1	0	0.00000	1	EMR_E19_543_546_546.avi	170232	25.00000
E195	0	0	0.00000	1	EMR_E195_282_283_282.avi	144382	25.00000
E195	1	0	0.00000	1	EMR_E195_282_283_283.avi	144021	25.00000
E208	0	0	0.00000	1	EMR_E208_286_287_286.avi	127883	25.00000
E208	1	0	0.00000	1	EMR_E208_286_287_287.avi	39048	25.00000
E213	0	0	0.00000	1	EMR_E213_547_549_549.avi	138154	25.00000
E213	1	0	0.00000	1	EMR_E213_547_549_547.avi	136308	25.00000
E231	0	0	0.00000	1	EMR_E231_545_550_550.avi	205101	25.00000
E231	1	0	0.00000	1	EMR_E231_545_550_545.avi	205584	25.00000
E236	0	0	0.00000	1	EMR_E236_544_551_544.avi	119976	25.00000
E236	1	0	0.00000	1	EMR_E236_544_551_551.avi	120288	25.00000
E243	0	0	0.00000	1	EMR_E243_544_551_544.avi	381433	25.00000
E243	0	0	0.00000	1	EMR_E243_544_551_544.avi	383052	25.00000
E243	1	0	0.00000	1	EMR_E243_544_551_551.avi	382224	25.00000
E243	1	0	0.00000	1	EMR_E243_544_551_551.avi	358729	25.00000
E268	0	0	0.00000	1	EMR_E268_406_407_406.avi	139404	25.00000
E268	1	0	0.00000	1	EMR_E268_406_407_407.avi	139032	25.00000
E270	0	0	0.00000	1	EMR_E270_406_407_406.avi	182196	25.00000
E270	1	0	0.00000	1	EMR_E270_406_407_407.avi	181920	25.00000
E276	0	0	0.00000	1	EMR_E276_541_548_548.avi	328859	25.00000
E276	1	0	0.00000	1	EMR_E276_541_548_541.avi	158592	25.00000
E285	0	0	0.00000	1	EMR_E285_545_550_550.avi	120024	25.00000
E285	1	0	0.00000	1	EMR_E285_545_550_545.avi	170268	25.00000
E29	0	0	0.00000	1	EMR_E29_282_283_282.avi	142115	25.00000
E29	1	0	0.00000	1	EMR_E29_282_283_283.avi	141452	25.00000
E298	0	0	0.00000	1	EMR_E298_545_550_550.avi	102504	25.00000
E298	1	0	0.00000	1	EMR_E298_545_550_545.avi	102012	25.00000
E37	0	0	0.00000	1	EMR_E37_541_548_548.avi	224940	25.00000
E37	1	0	0.00000	1	EMR_E37_541_548_541.avi	225696	25.00000
E39	0	0	0.00000	1	EMR_E39R_282_283_282.avi	142548	25.00000
E39	1	0	0.00000	1	EMR_E39R_282_283_283.avi	138888	25.00000
E42	0	0	0.00000	1	EMR_E42_542_552_552.avi	178567	25.00000
E42	1	0	0.00000	1	EMR_E42_542_552_542.avi	179130	25.00000
E46	0	0	0.00000	1	EMR_E49_547_549_549.avi	298376	25.00000
E46	0	0	0.00000	1	EMR_E46_542_552_552.avi	113556	25.00000
E46	1	0	0.00000	1	EMR_E46_542_552_542.avi	115704	25.00000
E49	0	0	0.00000	1	EMR_E49_547_549_549.avi	298376	25.00000
E49	1	0	0.00000	1	EMR_E49_547_549_547.avi	297755	25.00000
E79	0	0	0.00000	1	EMR_E79_543_546_546.avi	181644	25.00000
E79	1	0	0.00000	1	EMR_E79_543_546_543.avi	181260	25.00000
E89	0	0	0.00000	1	EMR_E89_541_548_548.avi	146016	25.00000
E89	1	0	0.00000	1	EMR_E89_541_548_541.avi	145632	25.00000
E93	0	0	0.00000	1	EMR_E93_547_549_549.avi	252168	25.00000
E93	1	0	0.00000	1	EMR_E93_547_549_547.avi	252348	25.00000
M03	0	0	0.00000	0	EMR_M03_286_287_286.avi	264908	25.00000
M03	1	0	0.00000	0	EMR_M03_286_287_287.avi	264901	25.00000
M06	0	0	0.00000	1	EMR_M06_545_550_550.avi	266424	25.00000
M06	0	0	0.00000	1	EMR_M03_286_287_286.avi	264908	25.00000
M06	1	0	0.00000	1	EMR_M06_545_550_545.avi	378696	25.00000
M07	0	0	0.00000	0	EMR_M07_542_552_552.avi	146076	25.00000
M07	1	0	0.00000	0	EMR_M07_542_552_542.avi	146100	25.00000
M08	0	0	0.00000	0	EMR_M08_545_550_550.avi	266172	25.00000
M08	1	0	0.00000	0	EMR_M08_545_550_545.avi	266520	25.00000
M104	0	0	0.00000	1	EMR_M104_406_407_406.avi	375216	25.00000
M104	1	0	0.00000	1	EMR_M104_406_407_407.avi	371392	25.00000
M105	0	0	0.00000	1	EMR_M105_543_546_546.avi	166692	25.00000
M105	1	0	0.00000	1	EMR_M105_543_546_543.avi	179316	25.00000
M109	0	0	0.00000	1	EMR_M109_545_550_550.avi	266412	25.00000
M109	1	0	0.00000	1	EMR_M109_545_550_545.avi	378336	25.00000
M110	0	0	0.00000	1	M110_l_1.MP4	35776	29.97003
M110	0	0	0.00000	1	M110_l_2.MP4	35776	29.97003
M110	0	0	0.00000	1	M110_l_3.MP4	22642	29.97003
M110	1	0	0.00000	1	M110_r_1.MP4	12013	29.97003
M113	0	0	0.00000	1	EMR_M113_547_549_549.avi	442992	25.00000
M113	1	0	0.00000	1	EMR_M113_547_549_547.avi	378492	25.00000
M116	0	0	0.00000	1	EMR_M116_286_287_286.avi	194914	25.00000
M116	1	0	0.00000	1	EMR_M116_286_287_287.avi	211320	25.00000
M119	0	0	0.00000	1	M119_l_1.MP4	63212	29.97003
M119	0	0	0.00000	1	M119_l_2.MP4	63212	29.97003
M119	1	0	0.00000	1	M119_r_1.MP4	63212	29.97003
M119	1	0	0.00000	1	M119_r_2.MP4	63212	29.97003
M123	0	0	0.00000	1	EMR_M123_542_552_552.avi	288286	25.00000
M123	1	0	0.00000	1	EMR_M123_542_552_542.avi	289236	25.00000
M13	0	0	0.00000	0	EMR_M13_282_283_283.avi	176544	25.00000
M13	1	0	0.00000	0	EMR_M13_282_283_282.avi	31140	25.00000
M132	0	0	0.00000	1	EMR_M132_545_550_550.avi	154127	25.00000
M132	1	0	0.00000	1	EMR_M132_545_550_545.avi	156312	25.00000
M137	0	0	0.00000	1	EMR_M137_282_283_282.avi	137002	25.00000
M137	1	0	0.00000	1	EMR_M137_282_283_283.avi	137040	25.00000
M141	0	0	0.00000	1	EMR_M141_286_287_286.avi	227712	25.00000
M141	1	0	0.00000	1	EMR_M141_286_287_287.avi	209076	25.00000
M16	0	0	0.00000	0	EMR_M16_542_552_552.avi	240360	25.00000
M16	1	0	0.00000	0	EMR_M16_542_552_542.avi	240876	25.00000
M161	0	0	0.00000	1	EMR_M161_542_552_552.avi	378791	25.00000
M163	0	0	0.00000	1	M163_l_1.MP4	35776	29.97003
M163	0	0	0.00000	1	M163_l_2.MP4	35776	29.97003
M163	0	0	0.00000	1	M163_l_3.MP4	35776	29.97003
M163	0	0	0.00000	1	M163_l_4.MP4	34338	29.97003
M163	1	0	0.00000	1	M163_r_1.MP4	35776	29.97003
M163	1	0	0.00000	1	M163_r_2.MP4	35776	29.97003
M163	1	0	0.00000	1	M163_r_3.MP4	35776	29.97003
M163	1	0	0.00000	1	M163_r_4.MP4	35776	29.97003
M164	0	0	0.00000	1	EMR_M164_406_407_406.avi	162180	25.00000
M164	1	0	0.00000	1	EMR_M164_406_407_407.avi	156204	25.00000
M165	0	0	0.00000	1	M165_l_1.MP4	63212	29.97003
M165	0	0	0.00000	1	M165_l_2.MP4	55592	29.97003
M165	1	0	0.00000	1	M165_r_1.MP4	63212	29.97003
M165	1	0	0.00000	1	M165_r_2.MP4	54572	29.97003
M169	0	0	0.00000	1	EMR_M169_406_407_406.avi	170304	25.00000
M169	1	0	0.00000	1	EMR_M169_406_407_407.avi	170304	25.00000
M172	0	0	0.00000	1	EMR_M172_406_407_406.avi	192564	25.00000
M172	1	0	0.00000	1	EMR_M172_406_407_407.avi	192382	25.00000
M178	0	0	0.00000	0	EMR_M17_541_548_548.avi	229752	25.00000
M178	1	0	0.00000	0	EMR_M17_541_548_541.avi	229812	25.00000
M18	0	0	0.00000	0	EMR_M18_542_552_552.avi	267564	25.00000
M18	1	0	0.00000	0	EMR_M18_542_552_542.avi	248395	25.00000
M181	0	0	0.00000	1	EMR_M181_547_549_549.avi	133975	25.00000
M181	1	0	0.00000	1	EMR_M181_547_549_547.avi	133390	25.00000
M184	0	0	0.00000	0	EMR_M46_543_546_546.avi	156310	25.00000
M184	1	0	0.00000	0	EMR_M46_543_546_543.avi	156324	25.00000
M189	0	0	0.00000	1	EMR_M189_547_549_549.avi	172764	25.00000
M189	1	0	0.00000	1	EMR_M189_547_549_547.avi	172296	25.00000
M195	0	0	0.00000	1	EMR_M195_541_548_548.avi	311544	25.00000
M195	1	0	0.00000	1	EMR_M195_541_548_541.avi	311556	25.00000
M199	0	0	0.00000	1	EMR_M199_282_283_282.avi	119249	25.00000
M199	1	0	0.00000	1	EMR_M199_282_283_283.avi	119097	25.00000
M20	0	0	0.00000	0	EMR_M20_543_546_546.avi	378143	25.00000
M20	1	0	0.00000	0	EMR_M20_543_546_543.avi	378156	25.00000
M201	0	0	0.00000	1	EMR_M201_286_287_286.avi	182251	25.00000
M201	1	0	0.00000	1	EMR_M201_286_287_287.avi	182375	25.00000
M21	0	0	0.00000	0	EMR_M21_544_551_544.avi	121679	25.00000
M21	1	0	0.00000	0	EMR_M21_544_551_551.avi	121679	25.00000
M22	0	0	0.00000	1	M22_l_1.MP4	39663	25.00000
M22	0	0	0.00000	1	M22_l_2.MP4	39663	25.00000
M22	0	0	0.00000	1	M22_l_3.MP4	39663	25.00000
M22	0	0	0.00000	1	M22_l_4.MP4	39663	25.00000
M22	1	0	0.00000	1	M22_r_1.MP4	63600	59.94006
M22	1	0	0.00000	1	M22_r_2.MP4	63600	59.94006
M22	1	0	0.00000	1	M22_r_3.MP4	63600	59.94006
M22	1	0	0.00000	1	M22_r_4.MP4	63600	59.94006
M226	0	0	0.00000	1	EMR_M226_544_551_544.avi	166512	25.00000
M226	1	0	0.00000	1	EMR_M226_544_551_551.avi	166248	25.00000
M228	0	0	0.00000	1	EMR_M228_286_287_286.avi	138336	25.00000
M228	1	0	0.00000	1	EMR_M228_286_287_287.avi	55872	25.00000
M245	0	0	0.00000	0	M_245_D_Left_200201_1.MP4	35776	29.97003
M245	0	0	0.00000	0	M_245_D_Left_200201_2.MP4	35776	29.97003
M245	0	0	0.00000	0	M_245_D_Left_200201_3.MP4	35776	29.97003
M245	0	0	0.00000	0	M_245_D_Left_200201_4.MP4	35776	29.97003
M245	1	0	0.00000	0	M_245_D_Right_200201_1.MP4	35776	29.97003
M245	1	0	0.00000	0	M_245_D_Right_200201_2.MP4	35776	29.97003
M245	1	0	0.00000	0	M_245_D_Right_200201_3.MP4	35776	29.97003
M245	1	0	0.00000	0	M_245_D_Right_200201_4.MP4	35776	29.97003
M268	0	0	0.00000	1	EMR_M268_541_548_548.avi	152088	25.00000
M268	1	0	0.00000	1	EMR_M268_541_548_541.avi	152244	25.00000
M27	0	0	0.00000	1	M27_l_1.MP4	63212	29.97003
M27	0	0	0.00000	1	M27_l_2.MP4	63212	29.97003
M27	0	0	0.00000	1	M27_l_3.MP4	18992	29.97003
M27	1	0	0.00000	1	M27_r_1.MP4	63212	29.97003
M27	1	0	0.00000	1	M27_r_2.MP4	63212	29.97003
M27	1	0	0.00000	1	M27_r_3.MP4	17807	29.97003
M284	0	0	0.00000	1	EMR_M284_543_546_546.avi	137072	25.00000
M284	1	0	0.00000	1	EMR_M284_543_546_543.avi	137592	25.00000
M29	0	0	0.00000	0	EMR_M29_406_407_406.avi	261156	25.00000
M29	1	0	0.00000	0	EMR_M29_406_407_407.avi	261516	25.00000
M293	0	0	0.00000	1	EMR_M293_544_551_544.avi	144129	25.00000
M293	1	0	0.00000	1	EMR_M293_544_551_551.avi	144860	25.00000
M34	0	0	0.00000	0	EMR_M34_541_548_548.avi	194388	25.00000
M34	1	0	0.00000	0	EMR_M34_541_548_541.avi	179952	25.00000
M40	0	0	0.00000	0	EMR_M40_547_549_549.avi	158328	25.00000
M40	1	0	0.00000	0	EMR_M40_547_549_547.avi	157872	25.00000
M45	0	0	0.00000	0	EMR_M45_542_552_552.avi	286980	25.00000
M50	0	0	0.00000	0	EMR_M50_541_548_548.avi	120708	25.00000
M50	1	0	0.00000	0	EMR_M50_541_548_541.avi	120168	25.00000
M53	0	0	0.00000	0	EMR_M53_545_550_545.avi	378168	25.00000
M53	1	0	0.00000	0	EMR_M53_545_550_550.avi	266266	25.00000
M58	0	0	0.00000	0	EMR_M58_282_283_282.avi	126866	25.00000
M61	0	0	0.00000	0	EMR_M61_827_828_828.avi	575825	50.00000
M61	1	0	0.00000	0	EMR_M61_827_828_827.avi	578515	50.00000
M67	0	0	0.00000	0	EMR_M67_406_407_406.avi	140508	25.00000
M67	1	0	0.00000	0	EMR_M67_406_407_407.avi	141072	25.00000
M69	0	0	0.00000	0	EMR_M69_406_407_406.avi	183180	25.00000
M69	1	0	0.00000	0	EMR_M69_406_407_407.avi	182664	25.00000
M70	0	0	0.00000	1	EMR_M70_544_551_544.avi	291540	25.00000
M70	1	0	0.00000	1	EMR_M70_544_551_551.avi	290904	25.00000
M71	0	0	0.00000	1	M71_l_1.MP4	63212	29.97003
M71	0	0	0.00000	1	M71_l_2.MP4	54542	29.97003
M71	1	0	0.00000	1	M71_r_1.MP4	63212	29.97003
M71	1	0	0.00000	1	M71_r_2.MP4	53537	29.97003
M77	0	0	0.00000	1	M77_l_1.MP4	35776	29.97003
M77	0	0	0.00000	1	M77_l_2.MP4	35776	29.97003
M77	0	0	0.00000	1	M77_l_3.MP4	35776	29.97003
M77	0	0	0.00000	1	M77_l_4.MP4	35776	29.97003
M77	1	0	0.00000	1	M77_r_1.MP4	35776	29.97003
M77	1	0	0.00000	1	M77_r_2.MP4	35776	29.97003
M77	1	0	0.00000	1	M77_r_3.MP4	35776	29.97003
M77	1	0	0.00000	1	M77_r_4.MP4	35776	29.97003
M78	0	0	0.00000	1	EMR_M78_547_549_549.avi	131592	25.00000
M78	0	0	0.00000	1	EMR_M78_547_549_547.avi	131172	25.00000
M78	1	0	0.00000	1	EMR_M78_547_549_547.avi	131172	25.00000
M79	0	0	0.00000	1	EMR_M79_545_550_550.avi	184500	25.00000
M79	1	0	0.00000	1	EMR_M79_545_550_545.avi	184284	25.00000
M83	0	0	0.00000	1	EMR_M83R_541_548_548.avi	153023	25.00000
M83	1	0	0.00000	1	EMR_M83R_541_548_541.avi	152028	25.00000
M87	0	0	0.00000	1	EMR_M87_286_287_286.avi	188375	25.00000
M87	1	0	0.00000	1	EMR_M87_286_287_287.avi	9215	25.00000
M92	0	0	0.00000	1	EMR_M92_541_548_548.avi	120969	25.00000
M92	1	0	0.00000	1	EMR_M92_541_548_541.avi	120420	25.00000
N1	0	0	0.00000	1	EMR_N1_542_552_552.avi	377712	25.00000
N1	1	0	0.00000	1	EMR_N1_542_552_542.avi	376980	25.00000
N2	0	0	0.00000	1	EMR_N2_544_551_544.avi	360636	25.00000
N2	1	0	0.00000	1	EMR_N2_544_551_551.avi	327468	25.00000
N3	0	0	0.00000	1	EMR_N3_543_546_546.avi	153516	25.00000
N3	1	0	0.00000	1	EMR_N3_543_546_543.avi	324252	25.00000
N4	0	0	0.00000	1	EMR_N4_547_549_549.avi	277056	25.00000
N4	1	0	0.00000	1	EMR_N4_547_549_547.avi	276596	25.00000
N5	0	0	0.00000	1	EMR_N5_282_283_282.avi	251455	25.00000
N5	1	0	0.00000	1	EMR_N5_282_283_283.avi	249907	25.00000
E_006	0	0	0.00000	0	E_006_D_LEFT_200205_1.MP4	35776	29.97003
E_006	0	0	0.00000	0	E_006_D_LEFT_200205_2.MP4	35776	29.97003
E_006	0	0	0.00000	0	E_006_D_LEFT_200205_3.MP4	35776	29.97003
E_006	0	0	0.00000	0	E_006_D_LEFT_200205_4.MP4	5987	29.97003
E_006	1	0	0.00000	0	E_006_D_RIGHT_200205_1.MP4	35776	29.97003
E_006	1	0	0.00000	0	E_006_D_RIGHT_200205_2.MP4	35776	29.97003
E_006	1	0	0.00000	0	E_006_D_RIGHT_200205_3.MP4	35776	29.97003
E_006	1	0	0.00000	0	E_006_D_RIGHT_200205_4.MP4	6151	29.97003
E_124	0	0	0.00000	0	E_124_H_LEFT_200205_1.MP4	46890	29.97003
E_124	0	0	0.00000	0	E_124_H_LEFT_200205_2.MP4	46890	29.97003
E_124	0	0	0.00000	0	E_124_H_LEFT_200205_3.MP4	26248	29.97003
E_124	1	0	0.00000	0	E_124_H_RIGHT_200205_1.MP4	35776	29.97003
E_124	1	0	0.00000	0	E_124_H_RIGHT_200205_2.MP4	35776	29.97003
E_124	1	0	0.00000	0	E_124_H_RIGHT_200205_3.MP4	35776	29.97003
E_124	1	0	0.00000	0	E_124_H_RIGHT_200205_4.MP4	12088	29.97003
E_191	0	0	0.00000	0	E_191_B_LEFT_200205_1.MP4	63212	29.97003
E_191	0	0	0.00000	0	E_191_B_LEFT_200205_2.MP4	62087	29.97003
E_191	1	0	0.00000	0	E_191_B_RIGHT_200205_1.MP4	63212	29.97003
E_191	1	0	0.00000	0	E_191_B_RIGHT_200205_2.MP4	63212	29.97003
M183	0	0	0.00000	0	M_183_H_Left_200203_1.MP4	46890	29.97003
M183	0	0	0.00000	0	M_183_H_Left_200203_2.MP4	46890	29.97003
M183	0	0	0.00000	0	M_183_H_Left_200203_3.MP4	46890	29.97003
M183	0	0	0.00000	0	M_183_H_Left_200203_4.MP4	46890	29.97003
M183	0	0	0.00000	0	M_183_H_Left_200203_5.MP4	46890	29.97003
M183	1	0	0.00000	0	M_183_H_Right_200203_1.MP4	35776	29.97003
M183	1	0	0.00000	0	M_183_H_Right_200203_2.MP4	35776	29.97003
M183	1	0	0.00000	0	M_183_H_Right_200203_3.MP4	35776	29.97003
M183	1	0	0.00000	0	M_183_H_Right_200203_4.MP4	35776	29.97003
M183	1	0	0.00000	0	M_183_H_Right_200203_5.MP4	35776	29.97003
M183	1	0	0.00000	0	M_183_H_Right_200203_6.MP4	35776	29.97003
M04	0	0	0.00000	0	M_004_A_Left_200131_1.MP4	63212	29.97003
M04	0	0	0.00000	0	M_004_A_Left_200131_2.MP4	63212	29.97003
M04	0	0	0.00000	0	M_004_A_Left_200131_3.MP4	5237	29.97003
M04	1	0	0.00000	0	M_004_A_Right_200131_1.MP4	63212	29.97003
M04	1	0	0.00000	0	M_004_A_Right_200131_2.MP4	63212	29.97003
M04	1	0	0.00000	0	M_004_A_Right_200131_3.MP4	2432	29.97003
M09	0	0	0.00000	0	M_009_B_Left_200131_1.MP4	63212	29.97003
M09	0	0	0.00000	0	M_009_B_Left_200131_2.MP4	57437	29.97003
M09	1	0	0.00000	0	M_009_B_Right_200131_1.MP4	63212	29.97003
M09	1	0	0.00000	0	M_009_B_Right_200131_2.MP4	55787	29.97003
M11	0	0	0.00000	0	M_011_B_Left_200201_1.MP4	63212	29.97003
M11	0	0	0.00000	0	M_011_B_Left_200201_2.MP4	63212	29.97003
M11	0	0	0.00000	0	M_011_B_Left_200201_3.MP4	13292	29.97003
M11	1	0	0.00000	0	M_011_B_Right_200201_1.MP4	63212	29.97003
M11	1	0	0.00000	0	M_011_B_Right_200201_2.MP4	63212	29.97003
M11	1	0	0.00000	0	M_011_B_Right_200201_3.MP4	63212	29.97003
M11	1	0	0.00000	0	M_011_B_Right_200201_4.MP4	10382	29.97003
M12	0	0	0.00000	0	M_012_G_Right_200202_1.MP4	63600	59.94006
M12	0	0	0.00000	0	M_012_G_Right_200202_2.MP4	63600	59.94006
M12	0	0	0.00000	0	M_012_G_Right_200202_3.MP4	63600	59.94006
M12	0	0	0.00000	0	M_012_G_Right_200202_4.MP4	38308	59.94006
M15	0	0	0.00000	0	M_015_F_Left_200201_1.MP4	35776	29.97003
M15	0	0	0.00000	0	M_015_F_Left_200201_2.MP4	35776	29.97003
M15	0	0	0.00000	0	M_015_F_Left_200201_3.MP4	35776	29.97003
M15	0	0	0.00000	0	M_015_F_Left_200201_4.MP4	29091	29.97003
M15	1	0	0.00000	0	M_015_F_Right_200201_1.MP4	35776	29.97003
M15	1	0	0.00000	0	M_015_F_Right_200201_2.MP4	35776	29.97003
M15	1	0	0.00000	0	M_015_F_Right_200201_3.MP4	35776	29.97003
M15	1	0	0.00000	0	M_015_F_Right_200201_4.MP4	29243	29.97003
M24	0	0	0.00000	0	M_024_H_Left_200202_1.MP4	46890	29.97003
M24	0	0	0.00000	0	M_024_H_Left_200202_2.MP4	46890	29.97003
M24	0	0	0.00000	0	M_024_H_Left_200202_3.MP4	33560	29.97003
M24	1	0	0.00000	0	M_024_H_Right_200202_1.MP4	35776	29.97003
M24	1	0	0.00000	0	M_024_H_Right_200202_2.MP4	35776	29.97003
M24	1	0	0.00000	0	M_024_H_Right_200202_3.MP4	35776	29.97003
M24	1	0	0.00000	0	M_024_H_Right_200202_4.MP4	21315	29.97003
M25	0	0	0.00000	0	M_025_B_Left_200202_1.MP4	63212	29.97003
M25	0	0	0.00000	0	M_025_B_Left_200202_2.MP4	63212	29.97003
M25	0	0	0.00000	0	M_025_B_Left_200202_3.MP4	13172	29.97003
M25	1	0	0.00000	0	M_025_B_Right_200202_1.MP4	63212	29.97003
M25	1	0	0.00000	0	M_025_B_Right_200202_2.MP4	63212	29.97003
M25	1	0	0.00000	0	M_025_B_Right_200202_3.MP4	11762	29.97003
M30	0	0	0.00000	0	M_030_A_Left_200201_1.MP4	63212	29.97003
M30	0	0	0.00000	0	M_030_A_Left_200201_2.MP4	63212	29.97003
M30	0	0	0.00000	0	M_030_A_Left_200201_3.MP4	4547	29.97003
M30	1	0	0.00000	0	M_030_A_Right_200201_1.MP4	63212	29.97003
M30	1	0	0.00000	0	M_030_A_Right_200201_2.MP4	63212	29.97003
M30	1	0	0.00000	0	M_030_A_Right_200201_3.MP4	4862	29.97003
M35	0	0	0.00000	0	M_035_H_Left_200201_1.MP4	46890	29.97003
M35	0	0	0.00000	0	M_035_H_Left_200201_2.MP4	46890	29.97003
M35	0	0	0.00000	0	M_035_H_Left_200201_3.MP4	46890	29.97003
M35	0	0	0.00000	0	M_035_H_Left_200201_4.MP4	1832	29.97003
M35	1	0	0.00000	0	M_035_H_Right_200201_1.MP4	35776	29.97003
M35	1	0	0.00000	0	M_035_H_Right_200201_2.MP4	35776	29.97003
M35	1	0	0.00000	0	M_035_H_Right_200201_3.MP4	35776	29.97003
M35	1	0	0.00000	0	M_035_H_Right_200201_4.MP4	35776	29.97003
M35	1	0	0.00000	0	M_035_H_Right_200201_5.MP4	1054	29.97003
M36	0	0	0.00000	0	M_036_C_Left_200131_1.MP4	63212	29.97003
M36	0	0	0.00000	0	M_036_C_Left_200131_2.MP4	54347	29.97003
M36	1	0	0.00000	0	M_036_C_Right_200131_1.MP4	63212	29.97003
M36	1	0	0.00000	0	M_036_C_Right_200131_2.MP4	53537	29.97003
M43	0	0	0.00000	0	M_043_C_Left_200201_1.MP4	63212	29.97003
M43	0	0	0.00000	0	M_043_C_Left_200201_2.MP4	63212	29.97003
M43	0	0	0.00000	0	M_043_C_Left_200201_3.MP4	29777	29.97003
M43	1	0	0.00000	0	M_043_C_Right_200201_1.MP4	63212	29.97003
M43	1	0	0.00000	0	M_043_C_Right_200201_2.MP4	63212	29.97003
M43	1	0	0.00000	0	M_043_C_Right_200201_3.MP4	32327	29.97003
M44	0	0	0.00000	0	M_044_F_Right_200131_1.MP4	35776	29.97003
M44	0	0	0.00000	0	M_044_F_Right_200131_2.MP4	35776	29.97003
M44	0	0	0.00000	0	M_044_F_Right_200131_3.MP4	18942	29.97003
M57	0	0	0.00000	0	M_057_A_Left_200131_1.MP4	63212	29.97003
M57	0	0	0.00000	0	M_057_A_Left_200131_2.MP4	55247	29.97003
M57	1	0	0.00000	0	M_057_A_Right_200131_1.MP4	63212	29.97003
M57	1	0	0.00000	0	M_057_A_Right_200131_2.MP4	55502	29.97003
M59	0	0	0.00000	0	M_059_H_Left_200131_1.MP4	46890	29.97003
M59	0	0	0.00000	0	M_059_H_Left_200131_2.MP4	46890	29.97003
M59	0	0	0.00000	0	M_059_H_Left_200131_3.MP4	21683	29.97003
M59	1	0	0.00000	0	M_059_H_Right_200131_1.MP4	35776	29.97003
M59	1	0	0.00000	0	M_059_H_Right_200131_2.MP4	35776	29.97003
M59	1	0	0.00000	0	M_059_H_Right_200131_3.MP4	35776	29.97003
M59	1	0	0.00000	0	M_059_H_Right_200131_4.MP4	7302	29.97003
M65	0	0	0.00000	0	M_065_G_Right_200201_1.MP4	15960	29.97003
M65	0	0	0.00000	0	M_065_G_Right_200201_2.MP4	15960	29.97003
M65	0	0	0.00000	0	M_065_G_Right_200201_3.MP4	15960	29.97003
M65	0	0	0.00000	0	M_065_G_Right_200201_4.MP4	15960	29.97003
M65	0	0	0.00000	0	M_065_G_Right_200201_5.MP4	15960	29.97003
M65	0	0	0.00000	0	M_065_G_Right_200201_6.MP4	15960	29.97003
M65	0	0	0.00000	0	M_065_G_Right_200201_7.MP4	15960	29.97003
M65	0	0	0.00000	0	M_065_G_Right_200201_8.MP4	15960	29.97003
M65	0	0	0.00000	0	M_065_G_Right_200201_9.MP4	15960	29.97003
M66	0	0	0.00000	0	M_066_G_Left_200131_1.MP4	39663	25.00000
M66	0	0	0.00000	0	M_066_G_Left_200131_2.MP4	39663	25.00000
M66	0	0	0.00000	0	M_066_G_Left_200131_3.MP4	27867	25.00000
M66	1	0	0.00000	0	M_066_G_Right_200131_1.MP4	15960	29.97003
M66	1	0	0.00000	0	M_066_G_Right_200131_2.MP4	15960	29.97003
M66	1	0	0.00000	0	M_066_G_Right_200131_3.MP4	15960	29.97003
M68	0	0	0.00000	0	M_068_E_Left_200131_1.MP4	35776	29.97003
M68	0	0	0.00000	0	M_068_E_Left_200131_2.MP4	35776	29.97003
M68	0	0	0.00000	0	M_068_E_Left_200131_3.MP4	35776	29.97003
M68	0	0	0.00000	0	M_068_E_Left_200131_4.MP4	7561	29.97003
M68	1	0	0.00000	0	M_068_E_Right_200131_1.MP4	35776	29.97003
M68	1	0	0.00000	0	M_068_E_Right_200131_2.MP4	35776	29.97003
M68	1	0	0.00000	0	M_068_E_Right_200131_3.MP4	35776	29.97003
M68	1	0	0.00000	0	M_068_E_Right_200131_4.MP4	6526	29.97003
M72	0	0	0.00000	0	M_072_C_Left_200201_1.MP4	63212	29.97003
M72	0	0	0.00000	0	M_072_C_Left_200201_2.MP4	63212	29.97003
M72	0	0	0.00000	0	M_072_C_Left_200201_3.MP4	2777	29.97003
M72	1	0	0.00000	0	M_072_C_Right_200201_1.MP4	63212	29.97003
M72	1	0	0.00000	0	M_072_C_Right_200201_2.MP4	21962	29.97003
M81	0	0	0.00000	0	M_081_B_Left_200201_1.MP4	63212	29.97003
M81	0	0	0.00000	0	M_081_B_Left_200201_2.MP4	55982	29.97003
M81	1	0	0.00000	0	M_081_B_Right_200201_1.MP4	63212	29.97003
M81	1	0	0.00000	0	M_081_B_Right_200201_2.MP4	52532	29.97003
M84	0	0	0.00000	0	M_084_H_Left_200202_1.MP4	46890	29.97003
M84	0	0	0.00000	0	M_084_H_Left_200202_2.MP4	46890	29.97003
M84	0	0	0.00000	0	M_084_H_Left_200202_3.MP4	22286	29.97003
M84	1	0	0.00000	0	M_084_H_Right_200202_1.MP4	35776	29.97003
M84	1	0	0.00000	0	M_084_H_Right_200202_2.MP4	35776	29.97003
M84	1	0	0.00000	0	M_084_H_Right_200202_3.MP4	35776	29.97003
M84	1	0	0.00000	0	M_084_H_Right_200202_4.MP4	7099	29.97003
M85	0	0	0.00000	0	M_085_A_Left_200201_1.MP4	63212	29.97003
M85	0	0	0.00000	0	M_085_A_Left_200201_2.MP4	63212	29.97003
M85	0	0	0.00000	0	M_085_A_Left_200201_3.MP4	63212	29.97003
M85	0	0	0.00000	0	M_085_A_Left_200201_4.MP4	52097	29.97003
M85	1	0	0.00000	0	M_085_A_Right_200201_1.MP4	63212	29.97003
M85	1	0	0.00000	0	M_085_A_Right_200201_2.MP4	63212	29.97003
M85	1	0	0.00000	0	M_085_A_Right_200201_3.MP4	63212	29.97003
M85	1	0	0.00000	0	M_085_A_Right_200201_4.MP4	51872	29.97003
M95	0	0	0.00000	0	M_095_D_Left_200131_1.MP4	35776	29.97003
M95	0	0	0.00000	0	M_095_D_Left_200131_2.MP4	35776	29.97003
M95	0	0	0.00000	0	M_095_D_Left_200131_3.MP4	35776	29.97003
M95	0	0	0.00000	0	M_095_D_Left_200131_4.MP4	4305	29.97003
M95	1	0	0.00000	0	M_095_D_Right_200131_1.MP4	35776	29.97003
M95	1	0	0.00000	0	M_095_D_Right_200131_2.MP4	35776	29.97003
M95	1	0	0.00000	0	M_095_D_Right_200131_3.MP4	35776	29.97003
M95	1	0	0.00000	0	M_095_D_Right_200131_4.MP4	3656	29.97003
M98	0	0	0.00000	0	M_098_E_Left_200131_1.MP4	35776	29.97003
M98	0	0	0.00000	0	M_098_E_Left_200131_2.MP4	35776	29.97003
M98	0	0	0.00000	0	M_098_E_Left_200131_3.MP4	35776	29.97003
M98	0	0	0.00000	0	M_098_E_Left_200131_4.MP4	11717	29.97003
M98	1	0	0.00000	0	M_098_E_Right_200131_1.MP4	35776	29.97003
M98	1	0	0.00000	0	M_098_E_Right_200131_2.MP4	35776	29.97003
M98	1	0	0.00000	0	M_098_E_Right_200131_3.MP4	35776	29.97003
M98	1	0	0.00000	0	M_098_E_Right_200131_4.MP4	10751	29.97003
M102	0	0	0.00000	0	M_102_H_Left_200201_1.MP4	46890	29.97003
M102	0	0	0.00000	0	M_102_H_Left_200201_2.MP4	46890	29.97003
M102	0	0	0.00000	0	M_102_H_Left_200201_3.MP4	46890	29.97003
M102	0	0	0.00000	0	M_102_H_Left_200201_4.MP4	46890	29.97003
M102	0	0	0.00000	0	M_102_H_Left_200201_5.MP4	3938	29.97003
M102	1	0	0.00000	0	M_102_H_Right_200201_1.MP4	35776	29.97003
M102	1	0	0.00000	0	M_102_H_Right_200201_2.MP4	35776	29.97003
M102	1	0	0.00000	0	M_102_H_Right_200201_3.MP4	35776	29.97003
M102	1	0	0.00000	0	M_102_H_Right_200201_4.MP4	35776	29.97003
M102	1	0	0.00000	0	M_102_H_Right_200201_5.MP4	35776	29.97003
M102	1	0	0.00000	0	M_102_H_Right_200201_6.MP4	11512	29.97003
M111	0	0	0.00000	0	M_111_G_Left_200131_1.MP4	39663	25.00000
M111	0	0	0.00000	0	M_111_G_Left_200131_2.MP4	39663	25.00000
M111	0	0	0.00000	0	M_111_G_Left_200131_3.MP4	31550	25.00000
M112	0	0	0.00000	0	M_112_H_Left_200131_1.MP4	46890	29.97003
M112	0	0	0.00000	0	M_112_H_Left_200131_2.MP4	46890	29.97003
M112	0	0	0.00000	0	M_112_H_Left_200131_3.MP4	28215	29.97003
M112	1	0	0.00000	0	M_112_H_Right_200131_1.MP4	35776	29.97003
M112	1	0	0.00000	0	M_112_H_Right_200131_2.MP4	35776	29.97003
M112	1	0	0.00000	0	M_112_H_Right_200131_3.MP4	35776	29.97003
M112	1	0	0.00000	0	M_112_H_Right_200131_4.MP4	14945	29.97003
M125	0	0	0.00000	0	M_125_A_Left_200131_1.MP4	63212	29.97003
M125	0	0	0.00000	0	M_125_A_Left_200131_2.MP4	54977	29.97003
M125	1	0	0.00000	0	M_125_A_Right_200131_1.MP4	63212	29.97003
M125	1	0	0.00000	0	M_125_A_Right_200131_2.MP4	55457	29.97003
M130	0	0	0.00000	0	M_130_B_Left_200131_1.MP4	63212	29.97003
M130	0	0	0.00000	0	M_130_B_Left_200131_2.MP4	63212	29.97003
M130	0	0	0.00000	0	M_130_B_Left_200131_3.MP4	3782	29.97003
M130	1	0	0.00000	0	M_130_B_Right_200131_1.MP4	63212	29.97003
M130	1	0	0.00000	0	M_130_B_Right_200131_2.MP4	63212	29.97003
M130	1	0	0.00000	0	M_130_B_Right_200131_3.MP4	1352	29.97003
M131	0	0	0.00000	0	M_131_D_Left_200131_1.MP4	35776	29.97003
M131	0	0	0.00000	0	M_131_D_Left_200131_2.MP4	35776	29.97003
M131	0	0	0.00000	0	M_131_D_Left_200131_3.MP4	35776	29.97003
M131	0	0	0.00000	0	M_131_D_Left_200131_4.MP4	15875	29.97003
M131	1	0	0.00000	0	M_131_D_Right_200131_1.MP4	35776	29.97003
M131	1	0	0.00000	0	M_131_D_Right_200131_2.MP4	35776	29.97003
M131	1	0	0.00000	0	M_131_D_Right_200131_3.MP4	35776	29.97003
M131	1	0	0.00000	0	M_131_D_Right_200131_4.MP4	15063	29.97003
M134	0	0	0.00000	0	M_134_B_Left_200202_1.MP4	63212	29.97003
M134	0	0	0.00000	0	M_134_B_Left_200202_2.MP4	63212	29.97003
M134	1	0	0.00000	0	M_134_B_Right_200202_1.MP4	63212	29.97003
M134	1	0	0.00000	0	M_134_B_Right_200202_2.MP4	63182	29.97003
M139	0	0	0.00000	0	M_139_A_Left_200201_1.MP4	63212	29.97003
M139	0	0	0.00000	0	M_139_A_Left_200201_2.MP4	62252	29.97003
M139	1	0	0.00000	0	M_139_A_Right_200201_1.MP4	63212	29.97003
M139	1	0	0.00000	0	M_139_A_Right_200201_2.MP4	63212	29.97003
M139	1	0	0.00000	0	M_139_A_Right_200201_3.MP4	2462	29.97003
M143	0	0	0.00000	0	M_143_E_Left_200202_1.MP4	35776	29.97003
M143	0	0	0.00000	0	M_143_E_Left_200202_2.MP4	35776	29.97003
M143	0	0	0.00000	0	M_143_E_Left_200202_3.MP4	35776	29.97003
M143	0	0	0.00000	0	M_143_E_Left_200202_4.MP4	23232	29.97003
M143	1	0	0.00000	0	M_143_E_Right_200202_1.MP4	35776	29.97003
M143	1	0	0.00000	0	M_143_E_Right_200202_2.MP4	35464	29.97003
M146	0	0	0.00000	0	M_146_C_Left_200202_1.MP4	63212	29.97003
M146	0	0	0.00000	0	M_146_C_Left_200202_2.MP4	63212	29.97003
M146	0	0	0.00000	0	M_146_C_Left_200202_3.MP4	63212	29.97003
M146	1	0	0.00000	0	M_146_C_Right_200202_1.MP4	63212	29.97003
M146	1	0	0.00000	0	M_146_C_Right_200202_2.MP4	63212	29.97003
M146	1	0	0.00000	0	M_146_C_Right_200202_3.MP4	63212	29.97003
M146	1	0	0.00000	0	M_146_C_Right_200202_4.MP4	63212	29.97003
M149_1	0	0	0.00000	0	M_149_C_Left_200131_1.MP4	63212	29.97003
M149_1	0	0	0.00000	0	M_149_C_Left_200131_2.MP4	57692	29.97003
M149_1	1	0	0.00000	0	M_149_C_Right_200131_1.MP4	63212	29.97003
M149_1	1	0	0.00000	0	M_149_C_Right_200131_2.MP4	57077	29.97003
M149_2	0	0	0.00000	0	M_149_F_Left_200202_1.MP4	35776	29.97003
M149_2	0	0	0.00000	0	M_149_F_Left_200202_2.MP4	35776	29.97003
M149_2	0	0	0.00000	0	M_149_F_Left_200202_3.MP4	35776	29.97003
M149_2	0	0	0.00000	0	M_149_F_Left_200202_4.MP4	11260	29.97003
M154	0	0	0.00000	0	M_154_D_Left_200131_1.MP4	35776	29.97003
M154	0	0	0.00000	0	M_154_D_Left_200131_2.MP4	35776	29.97003
M154	0	0	0.00000	0	M_154_D_Left_200131_3.MP4	35776	29.97003
M154	0	0	0.00000	0	M_154_D_Left_200131_4.MP4	35776	29.97003
M154	0	0	0.00000	0	M_154_D_Left_200131_5.MP4	35776	29.97003
M154	0	0	0.00000	0	M_154_D_Left_200131_6.MP4	35776	29.97003
M154	0	0	0.00000	0	M_154_D_Left_200131_7.MP4	35776	29.97003
M154	1	0	0.00000	0	M_154_D_Right_200131_1.MP4	35776	29.97003
M154	1	0	0.00000	0	M_154_D_Right_200131_2.MP4	35776	29.97003
M154	1	0	0.00000	0	M_154_D_Right_200131_3.MP4	35776	29.97003
M154	1	0	0.00000	0	M_154_D_Right_200131_4.MP4	35776	29.97003
M154	1	0	0.00000	0	M_154_D_Right_200131_5.MP4	35776	29.97003
M154	1	0	0.00000	0	M_154_D_Right_200131_6.MP4	35776	29.97003
M154	1	0	0.00000	0	M_154_D_Right_200131_7.MP4	35776	29.97003
M157	0	0	0.00000	0	M_157_D_Left_200201_1.MP4	35776	29.97003
M157	0	0	0.00000	0	M_157_D_Left_200201_2.MP4	35776	29.97003
M157	0	0	0.00000	0	M_157_D_Left_200201_3.MP4	35776	29.97003
M157	0	0	0.00000	0	M_157_D_Left_200201_4.MP4	23321	29.97003
M157	1	0	0.00000	0	M_157_D_Right_200201_1.MP4	35776	29.97003
M157	1	0	0.00000	0	M_157_D_Right_200201_2.MP4	35776	29.97003
M157	1	0	0.00000	0	M_157_D_Right_200201_3.MP4	35776	29.97003
M157	1	0	0.00000	0	M_157_D_Right_200201_4.MP4	22412	29.97003
M158	0	0	0.00000	0	M_158_C_Left_200131_1.MP4	63212	29.97003
M158	0	0	0.00000	0	M_158_C_Left_200131_2.MP4	63212	29.97003
M158	0	0	0.00000	0	M_158_C_Left_200131_3.MP4	5492	29.97003
M158	1	0	0.00000	0	M_158_C_Right_200131_1.MP4	63212	29.97003
M158	1	0	0.00000	0	M_158_C_Right_200131_2.MP4	63212	29.97003
M170	0	0	0.00000	0	M_170_G_Left_200201_1.MP4	39663	25.00000
M170	0	0	0.00000	0	M_170_G_Left_200201_2.MP4	39663	25.00000
M170	0	0	0.00000	0	M_170_G_Left_200201_3.MP4	39663	25.00000
M170	0	0	0.00000	0	M_170_G_Left_200201_4.MP4	4617	25.00000
M174	0	0	0.00000	0	M_174_G_Left_200131_1.MP4	39663	25.00000
M174	0	0	0.00000	0	M_174_G_Left_200131_2.MP4	39663	25.00000
M174	0	0	0.00000	0	M_174_G_Left_200131_3.MP4	21229	25.00000
M177b	0	0	0.00000	0	M_177_D_Left_200202_1.MP4	35776	29.97003
M177b	0	0	0.00000	0	M_177_D_Left_200202_2.MP4	35776	29.97003
M177b	0	0	0.00000	0	M_177_D_Left_200202_3.MP4	35776	29.97003
M177b	0	0	0.00000	0	M_177_D_Left_200202_4.MP4	35776	29.97003
M177b	0	0	0.00000	0	M_177_D_Left_200202_5.MP4	35776	29.97003
M177b	1	0	0.00000	0	M_177_D_Right_200202_1.MP4	35776	29.97003
M177b	1	0	0.00000	0	M_177_D_Right_200202_2.MP4	35776	29.97003
M177b	1	0	0.00000	0	M_177_D_Right_200202_3.MP4	35776	29.97003
M177b	1	0	0.00000	0	M_177_D_Right_200202_4.MP4	35776	29.97003
M177b	1	0	0.00000	0	M_177_D_Right_200202_5.MP4	35776	29.97003
M179	0	0	0.00000	0	M_179_C_Left_200201_1.MP4	63212	29.97003
M179	0	0	0.00000	0	M_179_C_Left_200201_2.MP4	63212	29.97003
M179	0	0	0.00000	0	M_179_C_Left_200201_3.MP4	63212	29.97003
M179	0	0	0.00000	0	M_179_C_Left_200201_4.MP4	63212	29.97003
M179	0	0	0.00000	0	M_179_C_Left_200201_5.MP4	48662	29.97003
M179	1	0	0.00000	0	M_179_C_Right_200201_1.MP4	63212	29.97003
M179	1	0	0.00000	0	M_179_C_Right_200201_2.MP4	63212	29.97003
M179	1	0	0.00000	0	M_179_C_Right_200201_3.MP4	63212	29.97003
M179	1	0	0.00000	0	M_179_C_Right_200201_4.MP4	63212	29.97003
M179	1	0	0.00000	0	M_179_C_Right_200201_5.MP4	48347	29.97003
M185	0	0	0.00000	0	M_185_B_Left_200131_1.MP4	63212	29.97003
M185	0	0	0.00000	0	M_185_B_Left_200131_2.MP4	63212	29.97003
M185	1	0	0.00000	0	M_185_B_Right_200131_1.MP4	63212	29.97003
M185	1	0	0.00000	0	M_185_B_Right_200131_2.MP4	63212	29.97003
M185	1	0	0.00000	0	M_185_B_Right_200131_3.MP4	1157	29.97003
M186	0	0	0.00000	0	M_186_H_Left_200131_1.MP4	46890	29.97003
M186	0	0	0.00000	0	M_186_H_Left_200131_2.MP4	46890	29.97003
M186	0	0	0.00000	0	M_186_H_Left_200131_3.MP4	43857	29.97003
M186	1	0	0.00000	0	M_186_H_Right_200131_1.MP4	35776	29.97003
M186	1	0	0.00000	0	M_186_H_Right_200131_2.MP4	35776	29.97003
M186	1	0	0.00000	0	M_186_H_Right_200131_3.MP4	35776	29.97003
M186	1	0	0.00000	0	M_186_H_Right_200131_4.MP4	28670	29.97003
M187	0	0	0.00000	0	M_187_F_Right_200131_1.MP4	35776	29.97003
M187	0	0	0.00000	0	M_187_F_Right_200131_2.MP4	35776	29.97003
M187	0	0	0.00000	0	M_187_F_Right_200131_3.MP4	35776	29.97003
M187	0	0	0.00000	0	M_187_F_Right_200131_4.MP4	6967	29.97003
M188	0	0	0.00000	0	M_188_D_Left_200202_1.MP4	35776	29.97003
M188	0	0	0.00000	0	M_188_D_Left_200202_2.MP4	35776	29.97003
M188	0	0	0.00000	0	M_188_D_Left_200202_3.MP4	35776	29.97003
M188	0	0	0.00000	0	M_188_D_Left_200202_4.MP4	35776	29.97003
M188	0	0	0.00000	0	M_188_D_Left_200202_5.MP4	10344	29.97003
M188	1	0	0.00000	0	M_188_D_Right_200202_1.MP4	35776	29.97003
M188	1	0	0.00000	0	M_188_D_Right_200202_2.MP4	35776	29.97003
M188	1	0	0.00000	0	M_188_D_Right_200202_3.MP4	35776	29.97003
M188	1	0	0.00000	0	M_188_D_Right_200202_4.MP4	35776	29.97003
M188	1	0	0.00000	0	M_188_D_Right_200202_5.MP4	9292	29.97003
M193	0	0	0.00000	0	M_193_F_Left_200201_1.MP4	35776	29.97003
M193	0	0	0.00000	0	M_193_F_Left_200201_2.MP4	35776	29.97003
M193	0	0	0.00000	0	M_193_F_Left_200201_3.MP4	35776	29.97003
M193	0	0	0.00000	0	M_193_F_Left_200201_4.MP4	35776	29.97003
M193	0	0	0.00000	0	M_193_F_Left_200201_5.MP4	35776	29.97003
M193	0	0	0.00000	0	M_193_F_Left_200201_6.MP4	4958	29.97003
M193	1	0	0.00000	0	M_193_F_Right_200201_1.MP4	35776	29.97003
M193	1	0	0.00000	0	M_193_F_Right_200201_2.MP4	33454	29.97003
M_194	0	0	0.00000	0	M_194_G_Right_200202_1.MP4	63600	59.94006
M_194	0	0	0.00000	0	M_194_G_Right_200202_2.MP4	63600	59.94006
M_194	0	0	0.00000	0	M_194_G_Right_200202_3.MP4	63600	59.94006
M_194	0	0	0.00000	0	M_194_G_Right_200202_4.MP4	63600	59.94006
M_194	0	0	0.00000	0	M_194_G_Right_200202_5.MP4	58756	59.94006
M202	0	0	0.00000	0	M_202_H_Left_200201_1.MP4	46890	29.97003
M202	0	0	0.00000	0	M_202_H_Left_200201_2.MP4	46890	29.97003
M202	0	0	0.00000	0	M_202_H_Left_200201_3.MP4	24047	29.97003
M202	1	0	0.00000	0	M_202_H_Right_200201_1.MP4	35776	29.97003
M202	1	0	0.00000	0	M_202_H_Right_200201_2.MP4	35776	29.97003
M202	1	0	0.00000	0	M_202_H_Right_200201_3.MP4	35776	29.97003
M202	1	0	0.00000	0	M_202_H_Right_200201_4.MP4	10856	29.97003
M211	0	0	0.00000	0	M_211_E_Left_200201_1.MP4	35776	29.97003
M211	0	0	0.00000	0	M_211_E_Left_200201_2.MP4	35776	29.97003
M211	0	0	0.00000	0	M_211_E_Left_200201_3.MP4	35776	29.97003
M211	0	0	0.00000	0	M_211_E_Left_200201_4.MP4	11496	29.97003
M211	1	0	0.00000	0	M_211_E_Right_200201_1.MP4	35346	29.97003
M217	0	0	0.00000	0	M_217_D_Left_200201_1.MP4	35776	29.97003
M217	0	0	0.00000	0	M_217_D_Left_200201_2.MP4	35776	29.97003
M217	0	0	0.00000	0	M_217_D_Left_200201_3.MP4	35776	29.97003
M217	0	0	0.00000	0	M_217_D_Left_200201_4.MP4	24190	29.97003
M217	1	0	0.00000	0	M_217_D_Right_200201_1.MP4	35776	29.97003
M217	1	0	0.00000	0	M_217_D_Right_200201_2.MP4	35776	29.97003
M217	1	0	0.00000	0	M_217_D_Right_200201_3.MP4	35776	29.97003
M217	1	0	0.00000	0	M_217_D_Right_200201_4.MP4	26449	29.97003
M_218	0	0	0.00000	0	M_218_D_Left_200202_1.MP4	35776	29.97003
M_218	0	0	0.00000	0	M_218_D_Left_200202_2.MP4	35776	29.97003
M_218	0	0	0.00000	0	M_218_D_Left_200202_3.MP4	35776	29.97003
M_218	0	0	0.00000	0	M_218_D_Left_200202_4.MP4	15766	29.97003
M_218	1	0	0.00000	0	M_218_D_Right_200202_1.MP4	35776	29.97003
M_218	1	0	0.00000	0	M_218_D_Right_200202_2.MP4	35776	29.97003
M_218	1	0	0.00000	0	M_218_D_Right_200202_3.MP4	35776	29.97003
M_218	1	0	0.00000	0	M_218_D_Right_200202_4.MP4	15790	29.97003
M_222	0	0	0.00000	0	M_222_D_Left_200203_1.MP4	35776	29.97003
M_222	0	0	0.00000	0	M_222_D_Left_200203_2.MP4	35776	29.97003
M_222	0	0	0.00000	0	M_222_D_Left_200203_3.MP4	35776	29.97003
M_222	0	0	0.00000	0	M_222_D_Left_200203_4.MP4	35776	29.97003
M_222	0	0	0.00000	0	M_222_D_Left_200203_5.MP4	35776	29.97003
M_222	0	0	0.00000	0	M_222_D_Left_200203_6.MP4	35776	29.97003
M_222	1	0	0.00000	0	M_222_D_Right_200203_1.MP4	35776	29.97003
M_222	1	0	0.00000	0	M_222_D_Right_200203_2.MP4	35776	29.97003
M_222	1	0	0.00000	0	M_222_D_Right_200203_3.MP4	35776	29.97003
M_222	1	0	0.00000	0	M_222_D_Right_200203_4.MP4	35776	29.97003
M_222	1	0	0.00000	0	M_222_D_Right_200203_5.MP4	35776	29.97003
M_222	1	0	0.00000	0	M_222_D_Right_200203_6.MP4	35776	29.97003
M_224	0	0	0.00000	0	M_224_B_Left_200202_1.MP4	63212	29.97003
M_224	0	0	0.00000	0	M_224_B_Left_200202_2.MP4	63212	29.97003
M_224	0	0	0.00000	0	M_224_B_Left_200202_3.MP4	63212	29.97003
M_224	0	0	0.00000	0	M_224_B_Left_200202_4.MP4	63212	29.97003
M_224	1	0	0.00000	0	M_224_B_Right_200202_1.MP4	63212	29.97003
M_224	1	0	0.00000	0	M_224_B_Right_200202_2.MP4	63212	29.97003
M_224	1	0	0.00000	0	M_224_B_Right_200202_3.MP4	63212	29.97003
M_224	1	0	0.00000	0	M_224_B_Right_200202_4.MP4	63212	29.97003
M_233	0	0	0.00000	0	M_233_C_Left_200203_1.MP4	63212	29.97003
M_233	0	0	0.00000	0	M_233_C_Left_200203_2.MP4	63212	29.97003
M_233	0	0	0.00000	0	M_233_C_Left_200203_3.MP4	25742	29.97003
M_233	1	0	0.00000	0	M_233_C_Right_200203_1.MP4	63212	29.97003
M_233	1	0	0.00000	0	M_233_C_Right_200203_2.MP4	63212	29.97003
M_233	1	0	0.00000	0	M_233_C_Right_200203_3.MP4	27047	29.97003
M_239	0	0	0.00000	0	M_239_E_Left_200202_1.MP4	35776	29.97003
M_239	0	0	0.00000	0	M_239_E_Left_200202_2.MP4	35776	29.97003
M_239	0	0	0.00000	0	M_239_E_Left_200202_3.MP4	35776	29.97003
M_239	0	0	0.00000	0	M_239_E_Left_200202_4.MP4	24282	29.97003
M_239	1	0	0.00000	0	M_239_E_Right_200202_1.MP4	35776	29.97003
M_239	1	0	0.00000	0	M_239_E_Right_200202_2.MP4	35776	29.97003
M_239	1	0	0.00000	0	M_239_E_Right_200202_3.MP4	35776	29.97003
M_239	1	0	0.00000	0	M_239_E_Right_200202_4.MP4	25726	29.97003
M_240	0	0	0.00000	0	M_240_C_Left_200203_1.MP4	63212	29.97003
M_240	0	0	0.00000	0	M_240_C_Left_200203_2.MP4	63212	29.97003
M_240	0	0	0.00000	0	M_240_C_Left_200203_3.MP4	63212	29.97003
M_240	0	0	0.00000	0	M_240_C_Left_200203_4.MP4	63212	29.97003
M_240	0	0	0.00000	0	M_240_C_Left_200203_5.MP4	63212	29.97003
M_240	1	0	0.00000	0	M_240_C_Right_200203_1.MP4	63212	29.97003
M_240	1	0	0.00000	0	M_240_C_Right_200203_2.MP4	63212	29.97003
M_240	1	0	0.00000	0	M_240_C_Right_200203_3.MP4	63212	29.97003
M_240	1	0	0.00000	0	M_240_C_Right_200203_4.MP4	63212	29.97003
M_240	1	0	0.00000	0	M_240_C_Right_200203_5.MP4	63212	29.97003
M_241	0	0	0.00000	0	M_241_A_Left_200202_1.MP4	63212	29.97003
M_241	0	0	0.00000	0	M_241_A_Left_200202_2.MP4	63212	29.97003
M_241	1	0	0.00000	0	M_241_A_Right_200202_1.MP4	63212	29.97003
M_241	1	0	0.00000	0	M_241_A_Right_200202_2.MP4	63212	29.97003
M_250	0	0	0.00000	0	M_250_E_Left_200202_1.MP4	35776	29.97003
M_250	0	0	0.00000	0	M_250_E_Left_200202_2.MP4	35776	29.97003
M_250	0	0	0.00000	0	M_250_E_Left_200202_3.MP4	35776	29.97003
M_250	0	0	0.00000	0	M_250_E_Left_200202_4.MP4	35776	29.97003
M_250	0	0	0.00000	0	M_250_E_Left_200202_5.MP4	35776	29.97003
M_250	0	0	0.00000	0	M_250_E_Left_200202_6.MP4	35776	29.97003
M_250	1	0	0.00000	0	M_250_E_Right_200202_1.MP4	35776	29.97003
M_250	1	0	0.00000	0	M_250_E_Right_200202_2.MP4	9685	29.97003
M_255	0	0	0.00000	0	M_255_C_Left_200202_1.MP4	63212	29.97003
M_255	0	0	0.00000	0	M_255_C_Left_200202_2.MP4	63212	29.97003
M_255	0	0	0.00000	0	M_255_C_Left_200202_3.MP4	18632	29.97003
M_255	1	0	0.00000	0	M_255_C_Right_200202_1.MP4	63212	29.97003
M_255	1	0	0.00000	0	M_255_C_Right_200202_2.MP4	63212	29.97003
M_255	1	0	0.00000	0	M_255_C_Right_200202_3.MP4	18722	29.97003
M257	0	0	0.00000	1	M_257_H_Left_200203_1.MP4	46890	29.97003
M257	0	0	0.00000	1	M_257_H_Left_200203_2.MP4	46890	29.97003
M257	0	0	0.00000	1	M_257_H_Left_200203_3.MP4	46890	29.97003
M257	0	0	0.00000	1	M_257_H_Left_200203_4.MP4	21772	29.97003
M257	1	0	0.00000	1	M_257_H_Right_200203_1.MP4	35776	29.97003
M257	1	0	0.00000	1	M_257_H_Right_200203_2.MP4	35776	29.97003
M257	1	0	0.00000	1	M_257_H_Right_200203_3.MP4	35776	29.97003
M257	1	0	0.00000	1	M_257_H_Right_200203_4.MP4	35776	29.97003
M257	1	0	0.00000	1	M_257_H_Right_200203_5.MP4	18967	29.97003
M_263	0	0	0.00000	0	M_263_G_Right_200202_1.MP4	63600	59.94006
M_263	0	0	0.00000	0	M_263_G_Right_200202_2.MP4	63600	59.94006
M_263	0	0	0.00000	0	M_263_G_Right_200202_3.MP4	63600	59.94006
M_263	0	0	0.00000	0	M_263_G_Right_200202_4.MP4	63600	59.94006
M_263	0	0	0.00000	0	M_263_G_Right_200202_5.MP4	39608	59.94006
M269	0	0	0.00000	0	M_269_F_Left_200201_1.MP4	35776	29.97003
M269	0	0	0.00000	0	M_269_F_Left_200201_2.MP4	35776	29.97003
M269	0	0	0.00000	0	M_269_F_Left_200201_3.MP4	35776	29.97003
M269	0	0	0.00000	0	M_269_F_Left_200201_4.MP4	16889	29.97003
M269	0	0	0.00000	0	M_283_B_Left_200201_1.MP4	63212	29.97003
M269	1	0	0.00000	0	M_269_F_Right_200201_1.MP4	35776	29.97003
M269	1	0	0.00000	0	M_269_F_Right_200201_2.MP4	35776	29.97003
M269	1	0	0.00000	0	M_269_F_Right_200201_3.MP4	35776	29.97003
M269	1	0	0.00000	0	M_269_F_Right_200201_4.MP4	16718	29.97003
M_273	0	0	0.00000	0	M_273_A_Left_200202_1.MP4	63212	29.97003
M_273	0	0	0.00000	0	M_273_A_Left_200202_2.MP4	63212	29.97003
M_273	0	0	0.00000	0	M_273_A_Left_200202_3.MP4	8477	29.97003
M_273	1	0	0.00000	0	M_273_A_Right_200202_1.MP4	63212	29.97003
M_273	1	0	0.00000	0	M_273_A_Right_200202_2.MP4	63212	29.97003
M_273	1	0	0.00000	0	M_273_A_Right_200202_3.MP4	8807	29.97003
M274	0	0	0.00000	1	M_274_G_Left_200203_1.MP4	39663	25.00000
M274	0	0	0.00000	1	M_274_G_Left_200203_2.MP4	39663	25.00000
M274	0	0	0.00000	1	M_274_G_Left_200203_3.MP4	39663	25.00000
M274	0	0	0.00000	1	M_274_G_Left_200203_4.MP4	5332	25.00000
M274	1	0	0.00000	1	M_274_G_Right_200203_1.MP4	63600	59.94006
M274	1	0	0.00000	1	M_274_G_Right_200203_2.MP4	63600	59.94006
M274	1	0	0.00000	1	M_274_G_Right_200203_3.MP4	63600	59.94006
M274	1	0	0.00000	1	M_274_G_Right_200203_4.MP4	63600	59.94006
M274	1	0	0.00000	1	M_274_G_Right_200203_5.MP4	47822	59.94006
M283	0	0	0.00000	0	M_283_B_Left_200201_1.MP4	63212	29.97003
M283	0	0	0.00000	0	M_283_B_Left_200201_2.MP4	63212	29.97003
M283	0	0	0.00000	0	M_283_B_Left_200201_3.MP4	12317	29.97003
M283	1	0	0.00000	0	M_283_B_Right_200201_1.MP4	63212	29.97003
M283	1	0	0.00000	0	M_283_B_Right_200201_2.MP4	63212	29.97003
M283	1	0	0.00000	0	M_283_B_Right_200201_3.MP4	11897	29.97003
M_286	0	0	0.00000	0	M_286_H_Left_200202_1.MP4	46890	29.97003
M_286	0	0	0.00000	0	M_286_H_Left_200202_2.MP4	46890	29.97003
M_286	0	0	0.00000	0	M_286_H_Left_200202_3.MP4	46890	29.97003
M_286	0	0	0.00000	0	M_286_H_Left_200202_4.MP4	23104	29.97003
M_286	0	0	0.00000	0	M_286_H_Right_200202_2.MP4	35776	29.97003
M_286	1	0	0.00000	0	M_286_H_Right_200202_1.MP4	35776	29.97003
M_286	1	0	0.00000	0	M_286_H_Right_200202_2.MP4	35776	29.97003
M_286	1	0	0.00000	0	M_286_H_Right_200202_3.MP4	35776	29.97003
M_286	1	0	0.00000	0	M_286_H_Right_200202_4.MP4	35776	29.97003
M_286	1	0	0.00000	0	M_286_H_Right_200202_5.MP4	20220	29.97003
M291	0	0	0.00000	0	M_291_E_Left_200201_1.MP4	35776	29.97003
M291	0	0	0.00000	0	M_291_E_Left_200201_2.MP4	35776	29.97003
M291	0	0	0.00000	0	M_291_E_Left_200201_3.MP4	35776	29.97003
M291	0	0	0.00000	0	M_291_E_Left_200201_4.MP4	19273	29.97003
M291	1	0	0.00000	0	M_291_E_Right_200201_1.MP4	35776	29.97003
M291	1	0	0.00000	0	M_291_E_Right_200201_2.MP4	35776	29.97003
M291	1	0	0.00000	0	M_291_E_Right_200201_3.MP4	35776	29.97003
M291	1	0	0.00000	0	M_291_E_Right_200201_4.MP4	18677	29.97003
M_292	0	0	0.00000	0	M_292_F_Left_200202_1.MP4	35776	29.97003
M_292	0	0	0.00000	0	M_292_F_Left_200202_2.MP4	35776	29.97003
M_292	0	0	0.00000	0	M_292_F_Left_200202_3.MP4	35776	29.97003
M_292	0	0	0.00000	0	M_292_F_Left_200202_4.MP4	35776	29.97003
M_292	0	0	0.00000	0	M_292_F_Left_200202_5.MP4	8884	29.97003
M294	0	0	0.00000	1	M_294_H_Left_200203_1.MP4	46890	29.97003
M294	0	0	0.00000	1	M_294_H_Left_200203_2.MP4	46890	29.97003
M294	0	0	0.00000	1	M_294_H_Left_200203_3.MP4	28972	29.97003
M294	1	0	0.00000	1	M_294_H_Right_200203_1.MP4	35776	29.97003
M294	1	0	0.00000	1	M_294_H_Right_200203_2.MP4	35776	29.97003
M294	1	0	0.00000	1	M_294_H_Right_200203_3.MP4	35776	29.97003
M294	1	0	0.00000	1	M_294_H_Right_200203_4.MP4	14830	29.97003
M_296	0	0	0.00000	0	M_296_C_Left_200202_1.MP4	63212	29.97003
M_296	0	0	0.00000	0	M_296_C_Left_200202_2.MP4	57797	29.97003
M_296	1	0	0.00000	0	M_296_C_Right_200202_1.MP4	63212	29.97003
M_296	1	0	0.00000	0	M_296_C_Right_200202_2.MP4	58307	29.97003
M_298	0	0	0.00000	0	M_298_A_Left_200202_1.MP4	63212	29.97003
M_298	0	0	0.00000	0	M_298_A_Left_200202_2.MP4	63212	29.97003
M_298	0	0	0.00000	0	M_298_A_Left_200202_3.MP4	63212	29.97003
M_298	1	0	0.00000	0	M_298_A_Right_200202_1.MP4	63212	29.97003
M_298	1	0	0.00000	0	M_298_A_Right_200202_2.MP4	63212	29.97003
M_298	1	0	0.00000	0	M_298_A_Right_200202_3.MP4	63212	29.97003
