OpCode	ImagePtPair	Index	Lx	Ly	Rx	Ry
DeepReef_Butlers_01_24032015	0	0	1160.75551	122.91045	1031.31584	98.73134
DeepReef_Butlers_01_24032015	0	1	1511.18258	64.98134	1355.68101	30.72761
DeepReef_Butlers_01_24032015	1	0	773.0042	571.19403	456.60021	547.1791
DeepReef_Butlers_01_24032015	1	1	421.44071	558.09701	147.8489	522.49627
DeepReef_Butlers_01_24032015	2	0	1159.43861	123.91791	1308.26967	89.66418
DeepReef_Butlers_01_24032015	2	1	909.11333	125.93284	1086.15005	96.21269
DeepReef_Butlers_01_24032015	3	0	1319.3893	770.6194	790.60126	764.03731
DeepReef_Butlers_01_24032015	3	1	1888.7723	989.83209	1343.84365	1012.5
DeepReef_Butlers_02_24032015	0	0	1333.96118	4.02985	1070.70514	10.57836
DeepReef_Butlers_02_24032015	0	1	1606.02413	190.39179	1252.02728	189.40299
DeepReef_Butlers_02_24032015	1	0	1794.26128	82.61194	1480.32529	75.05597
DeepReef_Butlers_02_24032015	1	1	1245.49108	63.47015	992.06716	72.53731
DeepReef_Butlers_02_24032015	2	0	547.97167	206.8097	430.94334	246.4403
DeepReef_Butlers_02_24032015	2	1	1017.50577	1.51119	826.58237	17.6306
DeepReef_Butlers_02_24032015	3	0	1069.97692	166.06716	836.44701	182.86567
DeepReef_Butlers_02_24032015	3	1	1613.36516	125.75373	1395.89927	114.56716
DeepReef_Butlers_02_24032015	4	0	985.13746	519.96642	768.42602	537.06343
DeepReef_Butlers_02_24032015	4	1	1396.16789	374.26866	1151.72088	382.41791
DeepReef_Butlers_02_24032015	5	0	1097.85834	579.99627	876.63484	592.91791
DeepReef_Butlers_02_24032015	5	1	1469.67051	571.19776	1162.6936	586.68284
DeepReef_Butlers_02_24032015	6	0	328.42917	225.10821	215.83316	275.18284
DeepReef_Butlers_02_24032015	6	1	665.89507	253.39925	544.99475	285.38806
DeepReef_Butlers_02_24032015	7	0	1508.3788	192.40672	1266.27387	190.89552
DeepReef_Butlers_02_24032015	7	1	1029.47639	265.46642	830.47954	284.25
DeepReef_Butlers_03_26032015	0	0	1650.03148	718.02239	1394.2382	736.35075
DeepReef_Butlers_03_26032015	0	1	1308.61385	633.03731	1160.57712	640
DeepReef_Butlers_03_26032015	1	0	1790.05247	678.1194	1640.96537	695.20149
DeepReef_Butlers_03_26032015	1	1	1433.45226	652.93284	1308.54145	657.92537
DeepReef_Butlers_03_26032015	2	0	463.91081	363.94776	910.27072	355.77239
DeepReef_Butlers_03_26032015	2	1	558.09759	342.28731	1001.93914	331.08955
DeepReef_Butlers_03_26032015	3	0	1667.15635	861.3806	1528.14271	891.60448
DeepReef_Butlers_03_26032015	3	1	1236.01259	775.74627	1167.51312	780.78358
DeepReef_Butlers_03_26032015	4	0	632.04092	608.01493	788.98216	593.21642
DeepReef_Butlers_03_26032015	4	1	786.16474	590.88806	968.28961	580.1194
DeepReef_Butlers_03_26032015	5	0	1069.80063	808.99254	890.78384	806.42537
DeepReef_Butlers_03_26032015	5	1	1550.3043	632.68657	1379.34627	636.16418
DeepReef_Butlers_04_09032015	0	0	1169.54355	313.36194	1489.14166	361.98507
DeepReef_Butlers_04_09032015	0	1	1300.49843	348.62313	1639.2361	398.75746
DeepReef_Butlers_04_09032015	1	0	802.18678	770.58582	1054.88143	832.48881
DeepReef_Butlers_04_09032015	1	1	951.27387	750.9403	1204.47219	818.38433
DeepReef_Butlers_04_09032015	2	0	1076.67156	915.73507	897.1532	982.77985
DeepReef_Butlers_04_09032015	2	1	1241.87618	872.91791	1139.9234	954.5709
DeepReef_Butlers_04_09032015	3	0	1223.54984	732.06716	1046.28961	800.3209
DeepReef_Butlers_04_09032015	3	1	1453.72823	687.73881	1315.25079	764.55597
DeepReef_Butlers_04_09032015	4	0	116.8447	312.28358	82.60231	371.49627
DeepReef_Butlers_04_09032015	4	1	337.95698	313.79478	321.34313	373.51119
DeepReef_Butlers_05_26032015	0	0	381.90661	530.04104	741.01679	545.30224
DeepReef_Butlers_05_26032015	0	1	487.17419	649.9291	836.21091	660.15299
DeepReef_Butlers_05_26032015	1	0	907.73347	170.52612	426.30745	198.85075
DeepReef_Butlers_05_26032015	1	1	1134.11962	668.92537	619.0063	684.45149
DeepReef_Butlers_05_26032015	2	0	247.30325	229.94776	32.23505	279.14925
DeepReef_Butlers_05_26032015	2	1	442.50157	658.70149	184.84785	669.05597
DeepReef_Butlers_06	0	0	329.83631	29.72015	28.20567	72.03358
DeepReef_Butlers_06	0	1	912.25184	195.13433	699.79958	212.31716
DeepReef_Butlers_06	1	0	1343.51312	898.04478	849.20357	900.48881
DeepReef_Butlers_06	1	1	1896.83106	1038.1903	1258.89822	1066.39925
DeepReef_Butlers_07	0	0	317.74816	264.54104	128.94019	334.44776
DeepReef_Butlers_07	0	1	762.02413	132.48134	470.19098	198.97388
DeepReef_Butlers_07	1	0	1006.3022	137.87313	685.37251	197.66418
DeepReef_Butlers_07	1	1	731.29696	219.98134	511.10178	287.83209
DeepReef_Butlers_08	0	0	291.97692	594.47388	353.05456	637.09701
DeepReef_Butlers_08	0	1	542.3022	617.64552	584.24029	664.29851
DeepReef_Butlers_08	1	0	1438.88982	624.41418	1130.62329	681.94776
DeepReef_Butlers_08	1	1	964.66002	790.55597	512.1532	836.63806
DeepReef_Butlers_08	2	0	919.4659	908.57836	741.80063	962.6306
DeepReef_Butlers_08	2	1	1227.71354	870.29478	1037.96013	938.45149
DeepReef_Butlers_09	0	0	1267.87303	72.65299	1194.4575	76.1194
DeepReef_Butlers_09	0	1	1193.32949	317.97015	1083.14586	309.85075
DeepReef_Butlers_09	1	0	1571.41343	966.34328	1326.14166	927.87313
DeepReef_Butlers_09	1	1	1533.20776	737.73881	1271.37356	715.23881
DeepReef_Butlers_09	2	0	1025.66737	351.95522	1068.28856	338.97761
DeepReef_Butlers_09	2	1	1205.71878	746.40672	1243.71144	725.56343
DeepReef_Butlers_09	3	0	732.40818	963.13433	1129.40818	948.02239
DeepReef_Butlers_09	3	1	860.34103	566.19403	1136.53305	548.70896
DeepReef_Butlers_09	4	0	1327.57712	53.39552	1601.67891	63.47015
DeepReef_Butlers_09	4	1	1275.38615	335.8806	1481.80483	329.4403
DeepReef_Butlers_09	5	0	1383.15635	881.62687	1122.65268	851.53731
DeepReef_Butlers_09	5	1	1392.26653	739.91791	1147.02413	723.22015
DeepReef_Butlers_09	6	0	1298.83631	145.36567	1129.82162	146.93657
DeepReef_Butlers_09	6	1	1282.71878	317.64179	1090.03148	308.1306
DeepReef_Butlers_10	0	0	910.43232	416.58582	192.90661	431.23507
DeepReef_Butlers_10	0	1	1753.28437	78.58209	794.3148	92.18284
DeepReef_Butlers_10	1	0	1222.83945	206.27612	958.59706	218.38806
DeepReef_Butlers_10	1	1	1592.62854	205.90299	1304.51102	200.70896
DeepReef_Butlers_10	2	0	514.64533	798.18657	190.38825	779.54851
DeepReef_Butlers_10	2	1	734.40609	146.34701	465.2256	170.27239
DeepReef_Butlers_11	0	0	612.44491	44.32836	119.87408	124.92537
DeepReef_Butlers_11	0	1	1204.82686	216.60448	912.20986	270
DeepReef_Butlers_11	1	0	1572.4659	715.25373	1400.51836	787.1194
DeepReef_Butlers_11	1	1	1851.50052	558.08955	1598.96537	614.84328
DeepReef_Butlers_11	2	0	1261.19622	447.31343	946.30535	498.08209
DeepReef_Butlers_11	2	1	1593.62015	145.07463	1348.49633	179.32836
DeepReef_Butlers_11	3	0	813.28961	712.29851	270.97587	754.11194
DeepReef_Butlers_11	3	1	1573.47324	523.59701	986.6149	574.13433
DeepReef_Butlers_11	4	0	454.26023	996.3806	657.81847	1028.6194
DeepReef_Butlers_11	4	1	680.40923	978.24627	864.82791	1031.13806
DeepReef_Butlers_12	0	0	677.851	971.69776	1283.70094	960.87687
DeepReef_Butlers_12	0	1	1358.52466	526.18657	1763.86149	512.6194
DeepReef_Butlers_12	1	0	1508.28122	755.81343	1865.60336	734.48134
DeepReef_Butlers_12	1	1	1180.50157	617.40672	1422.27072	605.61567
DeepReef_Butlers_12	2	0	13.59916	387.87313	445.24659	368.73134
DeepReef_Butlers_12	2	1	587.86569	627.37687	1159.98741	615.30224
DeepReef_Butlers_12	3	0	405.4659	632.91791	289.20042	635.52612
DeepReef_Butlers_12	3	1	635.14061	647.52612	544.71563	646.43284
DeepReef_Butlers_12	4	0	1328.27597	647.08209	1289.40189	632.50746
DeepReef_Butlers_12	4	1	1771.50787	587.64179	1676.22246	571.05224
DeepReef_Butlers_12	5	0	584.53515	596.14925	196.86674	598.10448
DeepReef_Butlers_12	5	1	722.03778	607.73507	370.13012	609.6903
DeepReef_Butlers_13	0	0	1586.73347	1042.72388	1327.74082	1068.91791
DeepReef_Butlers_13	0	1	1328.70409	763.88806	1137.09759	777.63806
DeepReef_Butlers_13	1	0	882.0021	838.94776	750.16789	840.83955
DeepReef_Butlers_13	1	1	1169.43547	1018.54478	1042.14166	1035.67164
DeepReef_Butlers_13	2	0	605.27387	633.51119	451.29066	614.19403
DeepReef_Butlers_13	2	1	567.24659	282.72388	350.55614	282.73881
DeepReef_Butlers_13	3	0	483.75551	113.33955	352.1469	131.97761
DeepReef_Butlers_13	3	1	641.43547	586.29478	519.25184	575.51119
DeepReef_Butlers_13	4	0	1382.29591	426.61194	1308.56873	429.70522
DeepReef_Butlers_13	4	1	1452.81007	595.86567	1423.90976	609.53731
DeepReef_Butlers_13	5	0	347.85519	250.15672	332.04617	272.51493
DeepReef_Butlers_13	5	1	547.61595	596.0709	447.11962	595.12687
DeepReef_Butlers_14	0	0	670.71249	214.27612	586.28227	230.11194
DeepReef_Butlers_14	0	1	841.4575	170.95522	813.94229	177.72388
DeepReef_Butlers_14	1	0	371.19832	264.5709	349.77545	291.13806
DeepReef_Butlers_14	1	1	713.19203	252.98507	685.72508	261.92164
DeepReef_Butlers_14	2	0	549.97272	382.56343	311.5425	398.08955
DeepReef_Butlers_14	2	1	858.20986	381.82836	552.29801	398.59328
DeepReef_Butlers_16	0	0	429.90661	147.57836	40.79748	141
DeepReef_Butlers_16	0	1	910.20462	9.06716	553.41028	2.01493
DeepReef_Butlers_16	1	0	373.67471	42.31343	11.0808	35.26119
DeepReef_Butlers_16	1	1	1053.86988	2.51866	465.2382	6.54851
DeepReef_Butlers_17	0	0	985.37356	1034.16045	806.16789	1030.63433
DeepReef_Butlers_17	0	1	1268.09759	975.22388	1122.17838	989.32836
DeepReef_Butlers_17	1	0	930.85519	738.12687	744.55824	740.33582
DeepReef_Butlers_17	1	1	1465.79224	650.73134	1039.81112	666.8806
DeepReef_Butlers_17	2	0	495.41763	396.13806	15.61385	409.77985
DeepReef_Butlers_17	2	1	1014.59706	663.98881	705.40294	667.94776
DeepReef_Butlers_17	3	0	1302.88038	843.26866	1135.25918	858.45896
DeepReef_Butlers_17	3	1	851.09759	640.92164	676.54565	642.90672
DeepReef_Butlers_18	0	0	1011.64113	95.70896	749.06086	107.29478
DeepReef_Butlers_18	0	1	548.21301	148.58209	114.66842	182.27612
DeepReef_Butlers_18	1	0	225.32214	254.67537	139.51731	287.29851
DeepReef_Butlers_18	1	1	567.24554	244.6791	449.35887	266.54104
DeepReef_Butlers_18	2	0	614.10598	56.92164	601.09864	87.64925
DeepReef_Butlers_18	2	1	970.20252	82.61194	863.00839	94.70149
DeepReef_Butlers_18	3	0	1001.90241	249.07836	745.38405	263.50373
DeepReef_Butlers_18	3	1	776.89507	526.00746	267.45016	533.63806
DeepReef_Butlers_18	4	0	1132.41763	476.5	566.67156	489.72761
DeepReef_Butlers_18	4	1	1892.29801	16.1194	1157.60126	9.06716
DeepReef_Butlers_18	5	0	1612.86569	52.89179	1239.68206	37.77985
DeepReef_Butlers_18	5	1	1056.83631	560.04478	686.38405	564.14925
DeepReef_Butlers_18	6	0	471.23715	328.74254	35.25708	349.09701
DeepReef_Butlers_18	6	1	1231.76285	524.69403	716.67576	534.17164
DeepReef_Butlers_18	7	0	1359.54145	564.5	798.36306	572.38433
DeepReef_Butlers_18	7	1	721.28437	75.5597	186.86254	105.64925
DeepReef_Butlers_18	8	0	1208.30745	381.73881	836.13326	392.51866
DeepReef_Butlers_18	8	1	639.97272	340.94776	447.59706	358
DeepReef_Butlers_19	0	0	1156.7744	197.3097	892.66422	220.9403
DeepReef_Butlers_19	0	1	1708.96118	269.9403	1451.93914	266.91791
DeepReef_Butlers_19	1	0	773.20881	397.87313	140.02099	425.01493
DeepReef_Butlers_19	1	1	1400.85834	339.48134	699.149	364.38433
DeepReef_Butlers_19	2	0	644.01364	523.38806	518.24554	537.1791
DeepReef_Butlers_19	2	1	827.35047	419.6194	745.40189	436.43284
DeepReef_Butlers_19	3	0	1696.87303	461.38433	1547.59706	477.52239
DeepReef_Butlers_19	3	1	1453.12277	539.07463	1349.65373	556.60821
DeepReef_Butlers_19	4	0	1864.09234	418.03731	1511.74082	426.43657
DeepReef_Butlers_19	4	1	1360.20042	426.30224	1081.14481	448.48134
DeepReef_Butlers_19	5	0	743.89297	162.14179	476.01049	202.8097
DeepReef_Butlers_19	5	1	1069.26548	169.69776	866.35677	185.68284
DeepReef_Butlers_19	6	0	1492.36621	466.51119	1205.8468	466.66045
DeepReef_Butlers_19	6	1	1095.35572	385.95522	782.86569	411.02985
DeepReef_Butlers_19	7	0	481.3127	250.95896	505.54984	285.52612
DeepReef_Butlers_19	7	1	217.38825	212.67537	237.2298	257.20896
DeepReef_Butlers_19	8	0	828.33158	476.05224	810.6086	493.27985
DeepReef_Butlers_19	8	1	553.32634	519.87687	591.92445	537.74254
DeepReef_Butlers_19	9	0	484.55824	380.87313	417.80797	407.85821
DeepReef_Butlers_19	9	1	776.68835	440.81716	683.74711	458.73507
DeepReef_Butlers_19	10	0	1105.60651	319.21642	761.95173	355.8694
DeepReef_Butlers_19	10	1	1519.12172	276.39925	1182.05666	293.04851
DeepReef_Butlers_19	11	0	879.07975	532.55597	707.3001	548.73507
DeepReef_Butlers_19	11	1	1277.74082	507.87687	1135.28856	528.88806
DeepReef_Butlers_19	12	0	113.41868	465.65299	110.79748	497.56343
DeepReef_Butlers_19	12	1	409.0745	449.02985	387.31375	473.38433
DeepReef_Butlers_19	13	0	840.84785	262.21642	620.01679	287.35821
DeepReef_Butlers_19	13	1	968.78069	186.15299	838.10703	205.75373
DeepReef_Butlers_19	14	0	666.95908	490.42164	480.33578	509.34328
DeepReef_Butlers_19	14	1	1069.22246	579.79104	836.74502	599.37687
DeepReef_Butlers_20	0	0	1092.71668	940.97015	731.96222	938.45149
DeepReef_Butlers_20	0	1	1655.33578	928.37687	1364.99475	962.14925
DeepReef_Butlers_20	1	0	250.06086	483.69776	325.81112	491.66791
DeepReef_Butlers_20	1	1	557.2298	481.37313	621.05037	486.77985
DeepReef_Butlers_21	0	0	500.96957	501.87687	999.72613	493.96269
DeepReef_Butlers_21	0	1	1015.69675	336.62313	1795.59286	322.38806
DeepReef_Butlers_21	1	0	979.92025	409.26119	1027.94648	415
DeepReef_Butlers_21	1	1	688.55614	335.36194	781.1469	330.37313
DeepReef_Butlers_22	0	0	862.13746	363.73134	587.33473	372.97761
DeepReef_Butlers_22	0	1	498.83526	387.57463	190.09969	407.90299
DeepReef_Butlers_22	1	0	865.82267	285.40299	665.83316	286.99254
DeepReef_Butlers_22	1	1	1190.02833	132.98507	1025.48688	124.92537
DeepReef_Butlers_22	2	0	716.26338	324.5	536.42812	329.91045
DeepReef_Butlers_22	2	1	206.65582	46.34328	32.23505	86.00746
DeepReef_Butlers_23	0	0	894.83106	527	701.25498	527.10448
DeepReef_Butlers_23	0	1	376.55089	416.63806	187.27072	432.74627
DeepReef_Butlers_23	1	0	21.15425	445.39925	210.03148	459.01493
DeepReef_Butlers_23	1	1	132.96957	458.03731	334.23715	470.06716
DeepReef_Butlers_23	2	0	1248.01364	459.75746	1137.06821	466.58582
DeepReef_Butlers_23	2	1	1618.3127	420.27239	1504.98636	425.84328
DeepReef_Butlers_23	3	0	1402.14795	861.31716	1193.11228	882.39925
DeepReef_Butlers_23	3	1	1061.16159	884.99254	863.90871	884.19403
DeepReef_Butlers_23	4	0	956.84155	801.92164	689.78909	807.10448
DeepReef_Butlers_23	4	1	1457.96852	989.83209	1102.19412	1025.59701
DeepReef_Butlers_24	0	0	958.71878	201.57836	253.39559	191.10448
DeepReef_Butlers_24	0	1	1556.34837	38.78731	996.82476	19.64552
DeepReef_Butlers_24	1	0	990.50052	130.97015	891.28751	110.31716
DeepReef_Butlers_24	1	1	630.73662	86.13806	530.65792	73.54478
DeepReef_Butlers_24	2	0	1270.85414	60.95149	1201.5425	30.72761
DeepReef_Butlers_24	2	1	822.58237	34.75746	702.71878	18.13433
DeepReef_Butlers_24	3	0	1562.39244	385.5597	1209.34942	364.64179
DeepReef_Butlers_24	3	1	1887.76495	209.25373	1534.72193	191.35821
DeepReef_Butlers_24	4	0	1263.06401	285.03731	688.32004	267.98507
DeepReef_Butlers_24	4	1	769.78489	380.68657	109.80063	357.45149
DeepReef_Butlers_25	0	0	59.43337	156.15672	353.57817	160.18657
DeepReef_Butlers_25	0	1	611.45855	45.33582	795.87303	45.33582
DeepReef_Butlers_25	1	0	631.40504	179.62313	806.54879	194.20149
DeepReef_Butlers_25	1	1	377.55404	146.8806	599.53935	159.44403
DeepReef_Butlers_25	2	0	104.26023	236.0709	299.18153	249.80597
DeepReef_Butlers_25	2	1	24.67996	94.52239	106.27492	96.16791
DeepReef_Butlers_25	3	0	698.83526	16.62313	1003.87303	13.09701
DeepReef_Butlers_25	3	1	431.3851	121.90299	622.54565	115.85821
DeepReef_Butlers_26	0	0	1201.53725	266.45896	699.94019	292.97761
DeepReef_Butlers_26	0	1	494.76285	377.25	91.66842	415.24627
DeepReef_Butlers_26	1	0	319.32844	453.57463	393.12277	475.5597
DeepReef_Butlers_26	1	1	574.18678	575.47761	601.64323	589.40299
DeepReef_Butlers_26	2	0	542.84995	683.12687	319.32844	691.73507
DeepReef_Butlers_26	2	1	171.64323	643.33209	17.12487	655.97015
DeepReef_Butlers_26	3	0	1099.24869	676.48134	1024.00944	691.90299
DeepReef_Butlers_26	3	1	1386.19622	746.02239	1351.35572	767.67164
DeepReef_Butlers_27	0	0	480.68625	227.38806	1208.60441	212.86567
DeepReef_Butlers_27	0	1	874.59391	512.70522	1254.74816	497.56343
DeepReef_Butlers_27	1	0	1118.33998	395.33955	1255.45016	384.84701
DeepReef_Butlers_27	1	1	863.83631	75.5597	1052.71878	57.42537
DeepReef_Butlers_27	2	0	1237.05981	469.38806	1010.20357	458.61194
DeepReef_Butlers_27	2	1	1156.97587	330.86194	929.61595	319.07836
DeepReef_Butlers_27	3	0	1274.70409	466.34701	911.35887	454.58209
DeepReef_Butlers_27	3	1	1352.26967	553.49254	991.94648	541.22388
DeepReef_Butlers_28	0	0	1324.94648	457.85075	962.17524	508.90299
DeepReef_Butlers_28	0	1	832.21196	240.55224	586.16789	298.41045
DeepReef_Butlers_28	1	0	1037.28751	335.52239	1384.35362	385.74627
DeepReef_Butlers_28	1	1	928.24239	333.23881	1261.96118	385.74627
DeepReef_Butlers_28	2	0	799.75341	77.57463	415.16369	143.56343
DeepReef_Butlers_28	2	1	1209.23924	92.68657	905.11228	140.00746
DeepReef_Butlers_28	3	0	1211.98216	91.17537	850.9213	134.49627
DeepReef_Butlers_28	3	1	798.01679	17.12687	446.70409	81.10075
DeepReef_Butlers_28	4	0	1120.50157	132.22388	1417.20042	167.8806
DeepReef_Butlers_28	4	1	1224.59391	108.71642	1539.76076	136.64925
DeepReef_Butlers_28	5	0	575.91081	245.60821	756.06925	309.14179
DeepReef_Butlers_28	5	1	706.86569	204.30224	880.47639	263.80597
DeepReef_Butlers_29	0	0	1296.80483	14.10448	912.81322	13.09701
DeepReef_Butlers_29	0	1	565.99161	107.79851	263.92445	142.05224
DeepReef_Butlers_29	1	0	1412.29801	237.76119	957.89402	237.76119
DeepReef_Butlers_29	1	1	1877.6915	253.8806	1479.69885	242.79851
DeepReef_Butlers_29	2	0	599.97692	138.29851	272.20986	168.92537
DeepReef_Butlers_29	2	1	1143.72928	141.68657	742.45226	150.02239
DeepReef_Butlers_30	0	0	301.57608	586.02985	816.09024	523.59701
DeepReef_Butlers_30	0	1	604.9171	913.1903	1085.66317	856.69403
DeepReef_Butlers_30	1	0	455.67051	1035.16791	962.10178	993.35821
DeepReef_Butlers_30	1	1	350.85834	392.56343	828.17838	341.70522
DeepReef_Butlers_30	2	0	405.88038	410.31716	580.73033	358.6791
DeepReef_Butlers_30	2	1	482.90031	756.79478	620.80063	716.58582
DeepReef_Butlers_30	3	0	455.3106	338.93284	629.39559	279.85075
DeepReef_Butlers_30	3	1	574.72928	659.69403	743.71563	613.49627
DeepReef_Butlers_30	4	0	1837.39769	911.75373	1702.41343	813.00373
DeepReef_Butlers_30	4	1	1863.08499	1040.70896	1783.50472	921.8097
DeepReef_Butlers_30	5	0	206.0021	751.87313	533.78174	714.37687
DeepReef_Butlers_30	5	1	14.60651	162.83582	409.99475	79.08582
DeepReef_Butlers_30	6	0	589.63379	1059.34701	943.96852	1015.52239
DeepReef_Butlers_30	6	1	80.08395	629.80597	646.33998	592.02985
DeepReef_Butlers_31	0	0	942.65373	902.53731	952.3085	961.3806
DeepReef_Butlers_31	0	1	1129.01259	797.76119	1151.76285	862.14552
DeepReef_Butlers_31	1	0	1216.96013	546.52985	967.40399	596.40299
DeepReef_Butlers_31	1	1	859.60441	685.29104	635.42497	726.49627
DeepReef_Butlers_31	2	0	767.79643	904.78731	884.3001	961.15672
DeepReef_Butlers_31	2	1	1039.77964	855.92537	1138.1511	920.85821
DeepReef_Butlers_31	3	0	1302.98321	156.27239	586.49108	200.20149
DeepReef_Butlers_31	3	1	536.37775	257.62313	22.66527	308.3806
DeepReef_Butlers_32	0	0	1231.79328	176.30597	648.46905	186.66045
DeepReef_Butlers_32	0	1	1532.98951	98.73134	1115.86569	89.16045
DeepReef_Butlers_32	1	0	1202.17419	155.13433	1438.4575	120.89552
DeepReef_Butlers_32	1	1	1070.21196	144.55597	1302.4659	119.38433
DeepReef_Butlers_32	2	0	1052.9979	174.51119	1294.40609	148.36194
DeepReef_Butlers_32	2	1	919.52466	190.12687	1157.40714	173.04478
DeepReef_Butlers_32	3	0	1295.3106	628.48881	572.18153	646.99254
DeepReef_Butlers_32	3	1	834.71144	609.00746	155.12382	630.97761
DeepReef_Butlers_32	4	0	1499.28332	448.15672	1776.59601	428.81343
DeepReef_Butlers_32	4	1	1254.21931	398.35075	1491.3127	377.75373
DeepReef_Butlers_32	5	0	659.80588	436.28358	994.01154	424.9403
DeepReef_Butlers_32	5	1	796.13326	467.85075	1125.3022	457.1791
DeepReef_Butlers_33	0	0	603.27387	540.03731	1215.89087	527.96269
DeepReef_Butlers_33	0	1	122.39244	534.06716	682.54669	526.66045
DeepReef_Butlers_33	1	0	579.63484	226.21269	451.45855	190.96642
DeepReef_Butlers_33	1	1	788.1553	323.43284	682.14061	304.30597
DeepReef_Butlers_33	2	0	1234.88353	786.82836	1339.63694	773.49254
DeepReef_Butlers_33	2	1	1022.83736	652.33209	1061.60965	647.5597
DeepReef_Butlers_33	3	0	1382.86569	566.01493	1794.58552	575.03731
DeepReef_Butlers_33	3	1	919.2298	35.26119	1409.69465	49.36567
DeepReef_Butlers_34	0	0	857.03778	34.25373	594.22246	21.66045
DeepReef_Butlers_34	0	1	224.40714	84.62687	38.27912	82.10821
DeepReef_Butlers_34	1	0	636.36621	173.28358	566.66842	157.66791
DeepReef_Butlers_34	1	1	835.82057	35.26119	761.58972	26.69776
DeepReef_Butlers_35	0	0	1283.67261	425.11567	737.3106	422.00746
DeepReef_Butlers_35	0	1	1729.61175	235.29478	1273.62644	209.47761
DeepReef_Butlers_35	1	0	824.61175	212.66045	637.83316	214.74627
DeepReef_Butlers_35	1	1	292.74082	266.44403	48.35257	277.1791
DeepReef_Butlers_35	2	0	370.51626	271.14925	285.92865	315.22761
DeepReef_Butlers_35	2	1	506.09339	34.25373	421.6086	99.23507
DeepReef_Butlers_36	0	0	111.81532	132.98507	369.6957	71.52985
DeepReef_Butlers_36	0	1	731.33263	257.91045	981.80378	238.35075
DeepReef_Butlers_36	1	0	418.04827	115.85821	1115.66737	82.61194
DeepReef_Butlers_36	1	1	957.65897	209.55224	1637.47219	199.47761
DeepReef_Butlers_36	2	0	823.64533	140.8806	1453.61595	129.45896
DeepReef_Butlers_36	2	1	994.89507	648.66791	1812.71773	625.37687
DeepReef_Butlers_37	0	0	1331.71039	282.08955	1341.78384	261.9403
DeepReef_Butlers_37	0	1	1609.73767	192.42537	1683.27387	150.11194
DeepReef_Butlers_37	1	0	597.59916	735.34328	214.56453	730.68657
DeepReef_Butlers_37	1	1	919.94963	513.70149	587.28227	523.14925
DeepReef_Butlers_37	2	0	1241.44281	295.86567	935.29696	296.19403
DeepReef_Butlers_37	2	1	860.66632	314	618.99056	322.38806
DeepReef_Butlers_37	3	0	1128.21091	466.18657	900.66632	466.9403
DeepReef_Butlers_37	3	1	1525.10493	367.45522	1221.0021	361.15672
DeepReef_Butlers_37	4	0	552.43022	917.79851	104.7639	904.70149
DeepReef_Butlers_37	4	1	958.75341	587.95522	634.23924	593.11194
DeepReef_Butlers_38	0	0	1731.62644	310.08955	1873.66212	332.43284
DeepReef_Butlers_38	0	1	1255.15215	245.61194	1468.70934	266.94776
DeepReef_Butlers_38	1	0	1521.09129	91.98881	1581.532	125.60448
DeepReef_Butlers_38	1	1	1830.34627	228.5	1888.7723	255.56716
DeepReef_Butlers_38	2	0	188.37356	64.47761	968.51102	80.59701
DeepReef_Butlers_38	2	1	667.86988	425.14925	1360.36831	436.23134
DeepReef_Butlers_38	3	0	1291.41658	274.02985	1479.79014	293.17164
DeepReef_Butlers_38	3	1	1819.26548	168.24627	1886.75761	202.5
DeepReef_Butlers_38	4	0	977.18258	26.19403	1180.6086	52.38806
DeepReef_Butlers_38	4	1	1422.42917	319.36567	1594.62749	333.47015
DeepReef_Butlers_38	5	0	1650.56768	307.27612	1800.72088	322.38806
DeepReef_Butlers_38	5	1	1094.51312	8.0597	1279.9234	37.27612
DeepReef_Butlers_39	0	0	836.09654	282.08955	44.32319	300.22388
DeepReef_Butlers_39	0	1	1879.70619	42.31343	719.24449	52.38806
DeepReef_Butlers_39	1	0	1889.77964	298.20896	799.83211	298.20896
DeepReef_Butlers_39	1	1	1003.31584	392.91045	56.41133	421.1194
DeepReef_Butlers_40	0	0	917.90976	702.48134	865.57188	714.67537
DeepReef_Butlers_40	0	1	594.95173	530.45522	522.22665	548.84328
DeepReef_Butlers_40	1	0	746.11438	561.52985	870.22246	575.58955
DeepReef_Butlers_40	1	1	891.17209	591.75373	1025.6894	605.14179
DeepReef_Butlers_40	2	0	1000.02623	608.73134	1332.20776	619.72388
DeepReef_Butlers_40	2	1	1133.33158	606.71642	1461.81952	621.40299
DeepReef_Butlers_40	3	0	708.89507	528.64552	1062.7744	545.36194
DeepReef_Butlers_40	3	1	853.44911	564.41045	1204.3064	584.14925
DeepReef_Butlers_40	4	0	880.90556	975.72761	777.97901	984.37313
DeepReef_Butlers_40	4	1	568.62854	920.31716	496.9297	916.87313
DeepReef_Butlers_40	5	0	674.76705	484.41045	697.54984	502.05224
DeepReef_Butlers_40	5	1	840.97901	411.87313	896.50052	427.5
DeepReef_Butlers_40	6	0	285.61175	346.36567	196.11438	383.57463
DeepReef_Butlers_40	6	1	722.50892	704.77612	580.2277	717.13433
DeepReef_Butlers_40	7	0	947.91081	909.97015	758.37671	923.5597
DeepReef_Butlers_40	7	1	1375.82896	952.55597	1133.6936	978.75
DeepReef_Butlers_40	8	0	894.29696	342.22015	785.77125	365.6791
DeepReef_Butlers_40	8	1	1163.25813	448.00373	1131.29066	465.41791
DeepReef_Butlers_40	9	0	1330.70304	439.13433	1188.75341	451.97761
DeepReef_Butlers_40	9	1	1659.09759	478.42537	1463.75866	492.27612
DeepReef_Butlers_40	10	0	1127.41028	557.29851	717.27072	574.3806
DeepReef_Butlers_40	10	1	1733.83211	503.90299	1281.38405	524.00746
DeepReef_Butlers_40	11	0	1046.20252	881.52985	935.1511	877.5
DeepReef_Butlers_40	11	1	1294.00944	891.60448	1224.25918	920.8209
DeepReef_Butlers_42	0	0	380.93284	399.33582	600.2235	458.17164
DeepReef_Butlers_42	0	1	605.57083	368.60821	807.73662	425.4291
DeepReef_Butlers_42	1	0	1444.14481	476.46642	1090.09339	531.08955
DeepReef_Butlers_42	1	1	863.15635	481.38433	434.76285	532.41418
DeepReef_Butlers_42	2	0	599.27492	354.99627	596.64218	413.23507
DeepReef_Butlers_42	2	1	847.58552	204.3806	839.41238	264.1306
DeepReef_Butlers_42	3	0	936.63589	403.17164	662.37041	459.34328
DeepReef_Butlers_42	3	1	1355.36621	311.64552	1064.28856	362.13433
DeepReef_Butlers_43	0	0	1777.46065	240.52612	1080.30325	248.02239
DeepReef_Butlers_43	0	1	1183.37671	188.66045	592.01259	212.77985
DeepReef_Butlers_43	1	0	1504.71983	492.54478	1475.25708	502.33209
DeepReef_Butlers_43	1	1	1765.62225	316.23881	1802.64428	301.84701
DeepReef_Butlers_43	2	0	1086.71668	669.33955	258.38405	681.01493
DeepReef_Butlers_43	2	1	1562.67786	431.85821	878.19307	446.55597
DeepReef_Butlers_43	3	0	1150.29591	674.1791	793.39769	689.26119
DeepReef_Butlers_43	3	1	529.81007	558.62313	254.96957	575.56716
DeepReef_Butlers_44	0	0	1182.29276	112.83582	1051.32214	134.49627
DeepReef_Butlers_44	0	1	1345.98636	152.12687	1238.18468	177.31343
DeepReef_Butlers_44	1	0	844.34418	353.40672	1192.83945	350.57836
DeepReef_Butlers_44	1	1	1371.64533	223.23507	1769.90556	239.75746
DeepReef_Butlers_44	2	0	264.03568	65.48507	437.65268	35.26119
DeepReef_Butlers_44	2	1	605.92865	84.12313	798.9213	70.01866
DeepReef_Butlers_44	3	0	342.36936	236.61567	651.71563	218.30597
DeepReef_Butlers_44	3	1	823.0829	175.53358	1154.32844	171.48881
DeepReef_Butlers_44	4	0	751.08604	705.57836	1199.55719	694.37687
DeepReef_Butlers_44	4	1	127.42917	905.39179	572.38405	910.47388
DeepReef_Butlers_44	5	0	779.10283	473.3097	1038.34837	464.49627
DeepReef_Butlers_44	5	1	1279.89192	525.89179	1588.79119	505.0597
DeepReef_Butlers_45	0	0	847.49738	609.35075	1135.36306	593.08209
DeepReef_Butlers_45	0	1	1249.58342	634.0597	1420.77125	618.17537
DeepReef_Butlers_45	1	0	322.11018	269.1791	1257.71249	245.65299
DeepReef_Butlers_45	1	1	901.25918	410.52612	1808.68835	395.52985
DeepReef_Butlers_45	2	0	301.49843	317.37687	828.03778	290.14925
DeepReef_Butlers_45	2	1	1005.75551	647.00746	1450.13431	603.00746
DeepReef_Butlers_46	0	0	1252.34627	199.57836	933.03148	251.86567
DeepReef_Butlers_46	0	1	814.63799	140.52612	529.04197	205.35821
DeepReef_Butlers_46	1	0	798.23085	93.69403	557.27492	160.55597
DeepReef_Butlers_46	1	1	1052.58552	50.87687	855.44911	109.17537
DeepReef_Butlers_46	2	0	1349.468	76.06343	1727.89822	100.24254
DeepReef_Butlers_46	2	1	1183.25603	25.6903	1540.02833	59.94403
DeepReef_Butlers_46	3	0	557.62015	118.8806	81.59496	194.54104
DeepReef_Butlers_46	3	1	989.35572	715.63433	436.43966	759.45896
DeepReef_Butlers_46	4	0	947.9958	167.65299	583.75236	222.91045
DeepReef_Butlers_46	4	1	1615.27807	145.07463	1246.45435	187.38806
DeepReef_Butlers_47	0	0	664.89927	431.41418	1066.89192	400.50373
DeepReef_Butlers_47	0	1	761.10073	453.57836	1161.58237	423.17164
DeepReef_Butlers_47	1	0	683.50892	736.22761	858.28437	702.83582
DeepReef_Butlers_47	1	1	480.02518	732.19776	656.31165	684.19776
DeepReef_Butlers_47	2	0	1068.18678	743.23507	1096.0787	729
DeepReef_Butlers_47	2	1	832.72613	731.07463	882.60336	702.28358
DeepReef_Butlers_47	3	0	443.78489	839.74627	274.65373	787.73134
DeepReef_Butlers_47	3	1	772.98321	834.65299	592.47114	798.3097
DeepReef_Butlers_47	4	0	734.02413	464.11194	400.11752	443.39552
DeepReef_Butlers_47	4	1	1230.93284	334.63806	865.9255	320.78358
DeepReef_Butlers_47	5	0	1080.56453	771.93284	780.97272	757.29851
DeepReef_Butlers_47	5	1	579.42497	824.91791	182.32949	778.45149
DeepReef_Butlers_48	0	0	985.95068	854.32463	935.2298	850.50373
DeepReef_Butlers_48	0	1	1225.19517	962.62687	1193.50892	942.43284
DeepReef_Butlers_48	1	0	1460.01784	9.5709	1422.68206	24.68284
DeepReef_Butlers_48	1	1	1753.78804	325.9403	1742.20357	331.16791
DeepReef_Butlers_48	2	0	848.59391	51.88433	1301.28541	46.34328
DeepReef_Butlers_48	2	1	1350.93914	551.70149	1753.78804	535.46642
DeepReef_Butlers_49	0	0	884.69675	977.23881	493.23715	942.50373
DeepReef_Butlers_49	0	1	464.2298	602.07463	61.44806	560.47015
DeepReef_Butlers_50	0	0	982.64533	926.93284	838.09339	904.19776
DeepReef_Butlers_50	0	1	1317.66422	922.66791	1185.28856	928.99254
DeepReef_Butlers_50	1	0	483.05771	768.0709	229.67471	719.59328
DeepReef_Butlers_50	1	1	847.09759	503.29851	704.60126	477.03358
DeepReef_Butlers_50	2	0	544.16369	178.51119	477.01364	161.19403
DeepReef_Butlers_50	2	1	814.86254	76.56716	671.43127	59.94403
DeepReef_Butlers_50	3	0	769.57608	410.61194	753.9213	383.67537
DeepReef_Butlers_50	3	1	1042.56663	326.99254	973.01889	307.61194
DeepReef_Butlers_51	0	0	1208.96118	126.43657	1109.05666	133.48881
DeepReef_Butlers_51	0	1	799.26233	47.85448	778.86569	76.06343
DeepReef_Butlers_51	1	0	1263.29906	439.6194	1108.74502	453.66791
DeepReef_Butlers_51	1	1	1402.44701	142.55597	1282.09654	144.12313
DeepReef_Butlers_51	2	0	730.02413	398.1791	512.57293	422.87687
DeepReef_Butlers_51	2	1	1127.851	285.12313	863.52466	299.70522
DeepReef_Butlers_52	0	0	705.27177	247.38806	461.32634	267.41791
DeepReef_Butlers_52	0	1	1074.96747	439.81343	785.6915	445.73881
DeepReef_Butlers_52	1	0	520.27387	265.9403	193.91396	287.40672
DeepReef_Butlers_52	1	1	1012.52466	455.25	746.01994	464.85448
DeepReef_Butlers_52	2	0	1309.54879	66.49254	1100.34418	56.41791
DeepReef_Butlers_52	2	1	1770.91291	362.68657	1625.17104	348.58209
DeepReef_Butlers_52	3	0	1453.617	459.71269	1274.27492	464.67537
DeepReef_Butlers_52	3	1	1712.50472	410.85075	1614.75761	411.78358
DeepReef_Butlers_53	0	0	241.76285	856.34328	1574.48059	823.19403
DeepReef_Butlers_53	0	1	352.57083	695.14925	1675.21511	663.00746
DeepReef_Butlers_54	0	0	34.24974	259.94776	87.63903	294.44403
DeepReef_Butlers_54	0	1	316.3064	298.73507	338.468	318.1194
DeepReef_Butlers_54	1	0	235.39664	328.45896	170.47009	351.77985
DeepReef_Butlers_54	1	1	582.42707	284.63433	462.09654	299.89552
DeepReef_Butlers_55	0	0	1737.90556	353.54104	1387.66317	364.34328
DeepReef_Butlers_55	0	1	1454.84155	220.55597	1117.69465	224.30597
DeepReef_Butlers_55	1	0	705.14166	58.43284	352.57083	98.73134
DeepReef_Butlers_55	1	1	1424.38615	229.70149	1032.73347	247.47388
DeepReef_Butlers_55	2	0	1752.78069	157.16418	1375.71878	155.50373
DeepReef_Butlers_55	2	1	1265.2256	38.28358	836.71144	51.88433
DeepReef_Butlers_56	0	0	420.24869	294.62313	882.98006	239.45896
DeepReef_Butlers_56	0	1	1051.71144	48.86194	1576.21196	17.6306
DeepReef_Butlers_56	1	0	1464.44176	133.33582	1815.73977	110.31716
DeepReef_Butlers_56	1	1	920.88772	300.1194	1238.09759	252.43657
DeepReef_Butlers_56	2	0	432.65477	184.25746	585.73767	113.33955
DeepReef_Butlers_56	2	1	151.10178	284.5	374.59391	214.19776
DeepReef_Butlers_56	3	0	103.25289	332.97761	982.85519	281.98507
DeepReef_Butlers_56	3	1	754.49423	278.26119	1610.24134	237.47388
DeepReef_Butlers_56	4	0	484.52781	171.48881	582.95173	93.69403
DeepReef_Butlers_56	4	1	812.62749	106.79104	954.66212	46.34328
DeepReef_Butlers_57	0	0	1128.56243	872.20896	813.06716	897.0597
DeepReef_Butlers_57	0	1	1109.45226	1045.41045	801.95698	1071.60448
DeepReef_Butlers_57	1	0	136.66317	838.90299	708.28856	893.08209
DeepReef_Butlers_57	1	1	324.57503	257.29104	942.11123	270.29104
DeepReef_Butlers_57	2	0	1183.80378	697.39925	1104.52466	705.10448
DeepReef_Butlers_57	2	1	1250.67471	890.59701	1192.63799	875.40672
DeepReef_Butlers_57	3	0	1155.36201	77.58582	1099.90241	109.06716
DeepReef_Butlers_57	3	1	1130.60651	310.54478	1039.06506	334.5
DeepReef_Butlers_58	0	0	527.16264	623.42537	544.17838	628.94776
DeepReef_Butlers_58	0	1	102.2382	519.3694	93.17943	515.88806
DeepReef_Butlers_58	1	0	706.63169	491.75373	916.04407	489.27985
DeepReef_Butlers_58	1	1	1049.63274	594.01119	1303.36831	589.52239
DeepReef_Butlers_58	2	0	554.97901	328.10075	558.89087	315.83582
DeepReef_Butlers_58	2	1	334.25184	125.4291	283.92865	85.63433
DeepReef_Butlers_58	3	0	1080.91081	702.20896	1120.40084	696.63433
DeepReef_Butlers_58	3	1	738.39664	522.53731	762.80273	523.35075
DeepReef_Butlers_58	4	0	757.9297	465.85075	680.51941	468.22388
DeepReef_Butlers_58	4	1	957.22141	604.71642	873.77545	610.13433
DeepReef_Butlers_58	5	0	822.89297	477.18657	1165.17524	471.04478
DeepReef_Butlers_58	5	1	1375.96118	597.61194	1845.12067	580.09701
DeepReef_Butlers_58	6	0	701.43966	619.81343	1205.0724	607.6791
DeepReef_Butlers_58	6	1	150.766	58.43284	747.05037	27.53731
DeepReef_Butlers_58	7	0	1261.96747	746.10448	1830.34627	723.15672
DeepReef_Butlers_58	7	1	266.09444	434.73881	996.78804	409.58209
DeepReef_Butlers_59	0	0	397.71878	383.75373	123.39979	404.37687
DeepReef_Butlers_59	0	1	729.532	481.1194	500.47954	489.16418
DeepReef_Butlers_59	1	0	864.32529	602	591.17104	601.40672
DeepReef_Butlers_59	1	1	422.31794	644.94776	128.43652	638.48881
DeepReef_Butlers_59	2	0	1291.35887	502.72015	984.85205	507.28358
DeepReef_Butlers_59	2	1	1839.41238	299.45149	1514.65897	284.08955
DeepReef_Butlers_59	3	0	1619.20252	548.22015	852.53515	566.41418
DeepReef_Butlers_59	3	1	833.35467	3.02239	4.02938	32.74254
DeepReef_Butlers_59	4	0	1198.35467	561.11194	763.57922	567.48134
DeepReef_Butlers_59	4	1	1648.96852	273.80597	1329.26653	259.99254
DeepReef_Butlers_59	5	0	951.68206	734.03731	524.53515	738.48134
DeepReef_Butlers_59	5	1	1189.18573	495.50373	969.19307	496.60075
DeepReef_Butlers_59	6	0	1131.18783	470.05224	64.47009	499.70149
DeepReef_Butlers_59	6	1	1804.1553	262.94776	1094.49633	267.98507
DeepReef_Butlers_60	0	0	912.32529	279.68284	1582.76285	267
DeepReef_Butlers_60	0	1	431.22665	97.17164	1032.85519	64.98134
DeepReef_Butlers_60	1	0	905.1532	222.12687	1708.50472	209.49254
DeepReef_Butlers_60	1	1	57.41868	251.76119	865.18678	214.24627
DeepReef_Butlers_60	2	0	204.49108	102.25746	1318.17104	75.05597
DeepReef_Butlers_60	2	1	973.71144	583.8806	1596.64533	577.39179
DeepReef_Butlers_61	0	0	583.64533	371.5709	271.61595	402.50373
DeepReef_Butlers_61	0	1	1170.24869	320.02985	878.28122	333.79104
DeepReef_Butlers_61	1	0	1254.01364	263.68284	1471.86674	261.99254
DeepReef_Butlers_61	1	1	1420.2256	265.19403	1657.21826	256.45149
DeepReef_Butlers_61	2	0	1204.42497	300.57836	1504.01364	298.23134
DeepReef_Butlers_61	2	1	1350.9937	280.4291	1643.02728	271.02985
DeepReef_Butlers_61	3	0	184.20462	174.86567	520.43232	224.03731
DeepReef_Butlers_61	3	1	352.43127	196.52612	657.43127	236.12687
DeepReef_Butlers_62	0	0	1039.66737	439.97761	931.61595	423.56343
DeepReef_Butlers_62	0	1	1386.71144	228.89925	1333.41133	197.80224
DeepReef_Butlers_62	1	0	16.45331	281.45522	322.3893	267.52985
DeepReef_Butlers_62	1	1	243.44176	282.46269	491.62329	259.13433
DeepReef_Butlers_62	2	0	939.71563	374.69776	775.50262	355.49627
DeepReef_Butlers_62	2	1	1461.96852	289.42164	1272.46905	270.5709
DeepReef_Butlers_62	3	0	1335.05771	226.26119	1406.80063	192.40672
DeepReef_Butlers_62	3	1	1562.71773	250.94403	1662.16264	218.60075
DeepReef_Butlers_62	4	0	1168.41553	575.21642	623.2319	563.98507
DeepReef_Butlers_62	4	1	1693.34732	568.99254	1222.51836	575.56716
DeepReef_Butlers_62	5	0	1213.37251	141.54851	1316.12277	108.80597
DeepReef_Butlers_62	5	1	1033.56139	62.46269	1087.4554	31.73507
DeepReef_Butlers_62	6	0	792.10703	572.48507	306.23295	547.95522
DeepReef_Butlers_62	6	1	1314.7618	325.8806	739.3914	311.20149
DeepReef_Butlers_62	7	0	1098.3914	156.83582	996.79224	133.99254
DeepReef_Butlers_62	7	1	592.56453	150.61567	496.58657	140.54104
DeepReef_Butlers_63	0	0	1086.84785	391.38433	983.22246	394.28358
DeepReef_Butlers_63	0	1	819.06821	181.02985	686.79958	192.70522
DeepReef_Butlers_63	1	0	1284.98741	507.70149	1499.56453	492.60075
DeepReef_Butlers_63	1	1	1412.92025	585.27612	1672.82791	576.22015
DeepReef_Butlers_63	2	0	280.149	598.84328	39.28646	597.54104
DeepReef_Butlers_63	2	1	530.54984	916.45896	172.75971	907.36194
DeepReef_Butlers_63	3	0	798.15215	963.66045	535.71144	959.10448
DeepReef_Butlers_63	3	1	1331.36621	986.8097	1072.47639	1003.93657
DeepReef_Butlers_63	4	0	1016.20042	119.88806	1025.28122	106.28731
DeepReef_Butlers_63	4	1	1226.73557	214.08582	1226.75026	192.42537
DeepReef_Butlers_63	5	0	423.3106	39.29104	434.04302	71.6903
DeepReef_Butlers_63	5	1	549.98741	330.65299	518.20042	338.95149
DR_Firars_1	0	0	851.29066	888.58209	605.55509	854.32836
DR_Firars_1	0	1	802.42288	569.00746	550.20986	539.40299
DR_Firars_1	1	0	775.65163	608.34328	295.15215	577.40299
DR_Firars_1	1	1	837.09969	270.84328	374.73242	254.00746
DR_Firars_1	2	0	1006.33368	599.27612	436.18048	578.41045
DR_Firars_1	2	1	836.09234	209.38806	171.24869	194.56716
DR_Firars_1	3	0	93.68311	445.29851	236.72613	410.58209
DR_Firars_1	3	1	101.74187	675	254.85834	619.12687
DR_Firars_2	0	0	961.00735	433.20896	324.36516	457.0597
DR_Firars_2	0	1	1287.63589	727.14925	605.09864	745.01493
DR_Firars_3	0	0	1225.93914	532.26119	1034.17314	505.04478
DR_Firars_3	0	1	1493.89297	290.14925	1319.25184	258.21642
DR_Firars_4	0	0	1426.97901	923.17164	491.15005	945.6903
DR_Firars_4	0	1	1300.55719	830.48507	634.69675	847.46269
DR_Firars_5	0	0	665.3809	686.35821	987.04827	632.0597
DR_Firars_5	0	1	999.81952	538.26119	1271.11962	474.89552
DR_Firars_5	1	0	1175.36516	469.19403	985.65582	408.0597
DR_Firars_5	1	1	1028.79643	462.64552	828.0063	406.04478
DR_Firars_6	0	0	391.90661	409.78358	273.32214	383.98507
DR_Firars_6	0	1	667.78909	532.98507	591.25918	510.85075
DR_Firars_7	0	0	156.1574	577.65672	34.24974	532.4291
DR_Firars_7	0	1	491.09969	644.14925	363.14795	607.98881
DR_Firars_7	1	0	667.76285	703.94776	584.25393	666.74254
DR_Firars_7	1	1	224.28961	655.91418	166.20567	603.77612
DR_Firars_7	2	0	1312.98321	159.45896	1429.51312	117.3694
DR_Firars_7	2	1	1155.39559	323.72015	1298.03568	299.66045
DR_Firars_7	3	0	1677.79224	565.48134	1425.34732	570.4291
DR_Firars_7	3	1	1265.86149	686.52612	777.42812	677.06716
DR_Firars_7	4	0	814.42183	569.37313	598.38825	543.10448
DR_Firars_7	4	1	1356.37356	474.37687	1181.04932	459.5
DR_Firars_7	5	0	1802.14061	182.05224	1200.7702	174.49627
DR_Firars_7	5	1	959.49423	307.19776	594.16789	290.73507
DR_Firars_7	6	0	1422.01679	188.22761	1204.20357	162.79104
DR_Firars_7	6	1	932.57922	402.69776	817.32529	393.85821
DR_Firars_7	7	0	483.49108	735.02985	171.24869	697.01493
DR_Firars_7	7	1	1100.03148	816.3694	570.149	797.13806
DR_Firars_7	8	0	1173.78909	589.74627	929.17104	576.38433
DR_Firars_7	8	1	1835.88667	98.22761	1354.82267	84.12313
DR_Firars_7	9	0	1541.2382	334.47761	780.02413	335.89552
DR_Firars_7	9	1	778.86569	536.51119	190.24869	520.51119
DR_Firars_9	0	0	1254.40818	196.45522	955.40084	190.41045
DR_Firars_9	0	1	1721.81637	78.58209	1523.64218	52.38806
DR_Firars_9	1	0	1810.70304	231.96269	1688.81427	198.31716
DR_Firars_9	1	1	1434.78909	253.57836	1279.27072	244.9403
DR_Firars_9	2	0	1209.64113	187.38806	1127.88038	192.3209
DR_Firars_9	2	1	952.26443	31.23134	901.2277	39.6903
DR_Firars_10	0	0	538.50472	40.80224	424.79119	80.07836
DR_Firars_10	0	1	242.34523	223.65672	126.11333	254.87313
DR_Firars_10	1	0	1185.851	66.99627	953.27387	70.01866
DR_Firars_10	1	1	715.58342	88.15299	477.11857	115.85821
DR_Firars_10	2	0	1183.22455	77.0709	996.30535	77.57463
DR_Firars_10	2	1	777.26443	68.50746	594.87828	90.16791
DR_Firars_11	0	0	1883.2319	346.04478	1731.12277	356.60821
DR_Firars_11	0	1	1574.98426	370.22388	1489.35992	367.6903
DR_Firars_11	1	0	250.14271	628	85.15425	615.55597
DR_Firars_11	1	1	585.58867	652.68284	469.45645	639.73507
DR_Firars_13	0	0	786.58342	229.19776	832.89192	244.01119
DR_Firars_13	0	1	970.9276	114.85075	982.48269	125.1306
DR_Firars_13	1	0	375.60231	273.00373	72.52886	294.82463
DR_Firars_13	1	1	657.65897	207.51866	411.50052	227.82836
DR_Firars_13	2	0	850.3001	104.77612	849.35152	118.8806
DR_Firars_13	2	1	1028.60021	76.56716	980.81007	84.62687
DR_Firars_13	3	0	1103.46905	43.3209	792.6149	51.3806
DR_Firars_13	3	1	1888.7723	111.82836	1306.75971	96.71642
DR_Firars_14	0	0	1078.68416	329.42537	965.50472	325.45149
DR_Firars_14	0	1	798.79224	285.40299	698.04197	288.4291
DR_Firars_15	0	0	405.79119	665.45522	196.42497	704.73134
DR_Firars_15	0	1	815.78069	450.86567	639.65687	509.28358
DR_Firars_15	1	0	344.51207	605.65672	139.01364	655.51493
DR_Firars_15	1	1	438.19517	180.50746	261.90976	256.5597
DR_Firars_15	2	0	1408.26863	437.22388	1280.36516	483.38806
DR_Firars_15	2	1	1704.42812	359.64925	1603.6936	393.84328
DR_Firars_16	0	0	341.14271	506.88433	160.39244	465.22388
DR_Firars_16	0	1	639.82057	430.31716	464.10703	402.76119
DR_Firars_16	1	0	1471.77754	19.64552	1111.48478	0
DR_Firars_16	1	1	1914.96327	122.91045	1370.87618	111.32463
DR_Firars_16	2	0	686.51731	202.20149	468.02518	185.34328
DR_Firars_16	2	1	893.02308	190.11194	761.06086	169.01493
DR_Firars_16	3	0	1009.10598	132.92537	985.99895	106.28731
DR_Firars_16	3	1	1230.21826	152.5709	1236.82791	121.39925
DR_Firars_17	0	0	118.86674	388.08955	367.38825	407.14552
DR_Firars_17	0	1	278.53095	466.67164	452.50892	476.66045
DR_Firars_17	1	0	1062.95383	792.95522	1343.07135	807.1194
DR_Firars_17	1	1	919.40714	775.32463	1183.40714	782.9403
DR_Firars_17	2	0	752.64428	1024.58955	670.6915	1016.02612
DR_Firars_17	2	1	444.90031	980.26119	370.50262	957.59328
DR_Firars_17	3	0	1056.77545	686.13806	838.73137	691.36567
DR_Firars_17	3	1	1393.73242	793.43284	1203.39035	810.24627
DR_Firars_17	4	0	1345.26548	948.96642	1283.25079	968.95149
DR_Firars_17	4	1	1073.78594	892.54851	1015.80063	899.9403
DR_Firars_18	0	0	334.75656	456.17164	397.59496	484.5709
DR_Firars_18	0	1	687.32739	464.23134	680.65897	482.55597
DR_Firars_18	1	0	473.11962	244.8097	230.18258	291.48134
DR_Firars_18	1	1	791.20462	303.13806	508.20986	333.79478
DR_Firars_19	0	0	1056.09759	122.91045	1307.84365	122.16791
DR_Firars_19	0	1	1622.40609	303.00746	1809.6957	308
DR_Firars_19	1	0	1362.90976	366.22388	1566.468	371.6791
DR_Firars_19	1	1	1048.20042	195.0597	1286.42602	196.3806
DR_Firars_19	2	0	1800.12592	268.9291	1826.31689	292.57836
DR_Firars_19	2	1	1572.4659	142.99627	1618.3001	171.68284
DR_Firars_19	3	0	1148.35782	390.12313	1494.617	391.64552
DR_Firars_19	3	1	881.26233	142.8806	1214.74082	126.43657
DR_Firars_19	4	0	1501.86149	399.82463	1612.28856	367.97015
DR_Firars_19	4	1	1144.7702	84.12313	1263.21091	72.53731
DR_Firars_20	0	0	1169.83841	904	950.01364	920.65299
DR_Firars_20	0	1	870.68206	769.13433	795.33998	779.83209
DR_Firars_20	1	0	1090.80168	509.81343	1333.92655	519.47761
DR_Firars_20	1	1	228.51417	343.58209	431.34523	377.42537
DR_Firars_20	2	0	1396.74082	194.02239	1116.16264	207.87313
DR_Firars_20	2	1	998.37671	139.02985	764.33263	163.3209
DR_Firars_20	3	0	878.3106	33.75	459.66737	56.92164
DR_Firars_20	3	1	1178.57922	417.85821	693.56348	422.43657
DR_Firars_20	4	0	1290.32214	534.26119	261.79748	541.83209
DR_Firars_20	4	1	1526.09759	409.29478	856.22246	425.27985
DR_Firars_21	0	0	987.13746	383.15672	1273.01679	334.78731
DR_Firars_21	0	1	578.38405	187.50373	1007.28122	128.95522
DR_Firars_21	1	0	783.39979	194.76493	752.89612	136.00746
DR_Firars_21	1	1	1078.55194	83.4403	1031.42707	37.27612
DR_Firars_21	2	0	1156.57608	473.47388	1001.64218	420.89552
DR_Firars_21	2	1	1287.53095	501.1791	1141.66317	453.63806
DR_Firars_21	3	0	427.57817	555.97015	571.42392	506.80597
DR_Firars_21	3	1	226.6128	547.40672	323.617	493.20522
DR_Firars_22	0	0	346.62015	546.57463	333.95803	547.97015
DR_Firars_22	0	1	589.79538	702.44776	505.25184	689.96269
DR_Firars_22	1	0	624.87723	845.45149	524.49528	833.72761
DR_Firars_22	1	1	1040.33368	709.41418	946.62015	709.35448
DR_Firars_23	0	0	1627.11228	236.06716	1754.79538	198.5709
DR_Firars_23	0	1	1434.20567	246.64552	1514.54355	215.69776
DR_Firars_23	1	0	520.2277	308.10448	542.16369	283.1791
DR_Firars_23	1	1	903.01889	299.03731	881.41028	279.78731
DR_Firars_23	2	0	691.64218	181.84701	1019.87408	157.59328
DR_Firars_23	2	1	824.61175	164.21642	1148.3106	133.91791
DR_Firars_23	3	0	1196.72613	145.07463	1101.73347	120.39179
DR_Firars_23	3	1	1416.39874	74.04851	1420.29591	36.26866
DR_Firars_24	0	0	124.91081	405	104.26023	373.48134
DR_Firars_24	0	1	377.02413	404.40672	283.06401	377.51119
DR_Firars_24	1	0	895.13851	160.5709	671.11962	143.96269
DR_Firars_24	1	1	1325.35257	284.70896	987.6086	268.47388
DR_Firars_24	2	0	469.23715	451	151.41868	417.39925
DR_Firars_24	2	1	710.73347	244.1903	484.84995	223.96642
DR_Firars_24	3	0	671.44701	583.66045	180.3148	550.94776
DR_Firars_24	3	1	1272.26233	339.25746	702.95698	325.23134
DR_Firars_24	4	0	64.93704	520.36567	82.09864	470.45149
DR_Firars_24	4	1	443.82896	375.86567	459.12382	347.09701
DR_Firars_25	0	0	199.45435	15.61567	24.67996	109.3097
DR_Firars_25	0	1	678.51312	283.58582	484.36306	343.95896
DR_Firars_25	1	0	1316.71668	379.91045	1220.70829	428.58582
DR_Firars_25	1	1	1655.68835	400.56343	1540.68835	439.59328
DR_Firars_25	2	0	395.30325	586.07463	7.05142	629.67537
DR_Firars_25	2	1	762.95803	458.08209	397.54984	506.95522
DR_Firars_25	3	0	1294.14166	419.3209	671.35992	461.35448
DR_Firars_25	3	1	1904.88982	261.79104	1148.68206	291.45149
DR_Firars_25	4	0	1430.48583	473.89179	1186.56453	521.93284
DR_Firars_25	4	1	1118.39874	390.34701	942.57188	440.67537
DR_Firars_25	5	0	1146.57503	309.39179	877.56768	355.91045
DR_Firars_25	5	1	701.26967	348.01866	472.79224	400.45149
DR_Firars_25	6	0	1268.10073	183.16418	1229.77754	219.16418
DR_Firars_25	6	1	1080.73452	171.57836	1109.39979	215.13433
DR_Firars_26	0	0	711.86149	685.14552	878.57503	695.08582
DR_Firars_26	0	1	535.0724	621.17164	712.86674	630.60821
DR_Firars_26	1	0	790.93809	581.8806	969.73977	595.85075
DR_Firars_26	1	1	619.18573	542.08582	814.6086	556.5597
DR_Firars_27	0	0	1180.74082	512.05224	1538.20462	485.56343
DR_Firars_27	0	1	1287.01574	485.35448	1666.64113	463.90299
DR_Firars_27	1	0	1443.83631	434.48134	1447.83945	406.77239
DR_Firars_27	1	1	1121.42078	334.63433	1097.48374	316.14925
DR_Firars_28	0	0	1095.00944	730.15672	1144.04302	790.55597
DR_Firars_28	0	1	1335.26128	730.15672	1386.30955	797.10448
DR_Firars_28	1	0	832.06716	600.44776	632.6128	640.74627
DR_Firars_28	1	1	317.77754	562.88806	110.80797	610.52239
DR_Firars_28	2	0	1400.12277	204.67537	1646.77754	228.26119
DR_Firars_28	2	1	1225.63799	232.21642	1448.51731	267.13806
DR_Firars_28	3	0	542.04512	745.51866	501.39559	794.46642
DR_Firars_28	3	1	166.71563	770.55597	166.21196	799.54851
DR_Firars_28	4	0	684.09864	507.96269	465.93704	562.4291
DR_Firars_28	4	1	976.22875	537.1791	865.34942	591.64552
DR_Firars_29	0	0	457.25289	467	9.06611	488.02239
DR_Firars_29	0	1	985.26653	470.15299	531.07135	505.44403
DR_Firars_29	1	0	1331.149	58.43284	1152.40294	90.67164
DR_Firars_29	1	1	998.79224	30.22388	767.25289	95.70896
DR_Firars_30	0	0	683.64218	609.82463	813.26653	603.60075
DR_Firars_30	0	1	901.13851	315.37313	1029.88877	312.1306
DR_Firars_30	1	0	967.22246	263	1226.8405	254.24627
DR_Firars_30	1	1	825.52781	505.16418	945.61175	505.39925
DR_Firars_31	0	0	671.9234	800.76866	1335.73977	371.17164
DR_Firars_31	0	1	739.41553	382.67164	1306.83421	759.53731
DR_Firars_32	0	0	1661.60021	615.19776	789.26653	626.53358
DR_Firars_32	0	1	1011.90241	327.08209	356.49003	335.17164
DR_Firars_32	1	0	1288.66107	267.04478	1453.20147	258.05224
DR_Firars_32	1	1	1451.34732	272.08209	1599.7702	254.52612
DR_Firars_32	2	0	603.67366	443.20522	697.2361	450.91045
DR_Firars_32	2	1	329.47954	476.64552	442.14166	484.45149
DR_Firars_32	3	0	480.50997	421.52985	635.07975	435.54478
DR_Firars_32	3	1	752.99685	249.25373	882.383	261.75746
DR_Firars_32	4	0	1589.26653	313.97015	1310.32109	302.79851
DR_Firars_32	4	1	989.98006	475.81716	812.47639	485.54851
DR_Firars_32	5	0	837.29276	133.85821	504.48374	147.08955
DR_Firars_32	5	1	1498.00944	43.82463	1039.20776	30.72761
DR_Firars_32	6	0	1413.22875	295.95522	1419.30325	284.72388
DR_Firars_32	6	1	909.94334	356.68284	942.16055	360.56343
DR_Firars_33	0	0	742.44071	296.29104	512.46275	352.1903
DR_Firars_33	0	1	997.80273	293.26866	810.13326	346.64925
DR_Firars_33	1	0	1123.70409	147.79851	1301.62329	187.48881
DR_Firars_33	1	1	1259.58237	168.24627	1455.74711	207.63806
DR_Firars_34	0	0	446.36097	64.96642	1084.36201	30.72761
DR_Firars_34	0	1	978.73767	391.85448	1543.77125	404.40299
DR_Firars_34	1	0	300.18888	177.31343	984.3914	129.45896
DR_Firars_34	1	1	815.36516	138.46642	1446.39874	125.4291
DR_Firars_36	0	0	652.95698	532.02239	562.96852	588.73881
DR_Firars_36	0	1	401.62434	580.3806	293.47324	629.17164
DR_Firars_37	0	0	1351.85729	483.58209	191.39559	544.02985
DR_Firars_37	0	1	1785.01574	114.85075	858.25813	135
DR_Firars_37	1	0	533.75551	344.50373	265.93914	374.77612
DR_Firars_37	1	1	897.74397	402.50746	608.40084	425.39552
DR_Firars_37	2	0	557.63064	972.09328	323.35782	971.69776
DR_Firars_37	2	1	501.28122	590.1194	189.88458	621.86567
DR_Firars_38	0	0	1058.91081	757.25	987.06506	813.10821
DR_Firars_38	0	1	1281.03043	852.45522	1177.95698	908.81716
DR_Firars_38	1	0	661.41763	877.29104	570.07975	914.71269
DR_Firars_38	1	1	767.18888	830.44403	715.64113	872.90299
DR_Firars_38	2	0	807.05456	805.46642	720.234	852.29478
DR_Firars_38	2	1	1055.36516	866.41791	910.62225	923.3209
DR_Firars_38	3	0	454.97377	491.71269	375.06925	540.21642
DR_Firars_38	3	1	699.25498	447.88806	577.54565	498.40672
DR_Firars_38	4	0	918.44071	619.85075	652.52151	665.3694
DR_Firars_38	4	1	1176.32109	686.84701	953.21406	738.91418
DR_Firars_38	5	0	1090.62225	505.47388	1015.40189	563.15672
DR_Firars_38	5	1	856.91815	542.75	788.24554	594.38806
DR_Firars_38	6	0	1107.75236	518.86567	902.37041	565.80597
DR_Firars_38	6	1	1271.44596	540.52612	1115.9276	592
DR_Firars_38	7	0	1357.98846	743.02985	1171.27177	801.38806
DR_Firars_38	7	1	1599.24764	750.08209	1447.78804	822.54478
DR_Firars_38	8	0	530.65687	703.57836	321.23085	744.95522
DR_Firars_38	8	1	736.1553	697.53358	552.41658	741.4291
DR_Firars_38	9	0	1072.12277	691.39552	582.53515	729.20896
DR_Firars_38	9	1	1534.49423	354.90299	1026.7744	395.73881
DR_Firars_39	0	0	687.75761	497.94776	655.88038	505.80224
DR_Firars_39	0	1	275.24974	540.76493	278.3914	547.22761
DR_Firars_39	1	0	731.47324	185.45896	659.33054	203.75746
DR_Firars_39	1	1	1066.41553	185.45896	991.75446	191.66791
DR_Firars_39	2	0	1150.95068	307.18657	944.23715	305.51119
DR_Firars_39	2	1	1443.49843	67.5	1339.56034	48.86194
DR_Firars_39	3	0	334.32634	194.19776	368.54669	227.53358
DR_Firars_39	3	1	637.03358	235	605.27282	250.70522
DR_Firars_40	0	0	1768.39454	565.03731	1809.6957	562.73507
DR_Firars_40	0	1	1409.11333	488.15672	1386.32529	480.11194
DR_Firars_40	1	0	1371.59706	506.98507	1140.21196	502.23134
DR_Firars_40	1	1	1695.36201	416.62687	1497.83631	409.72015
DR_Firars_40	2	0	227.40294	433.92537	84.42078	408.16418
DR_Firars_40	2	1	558.64638	383.9403	438.00315	363.40299
DR_Firars_40	3	0	1213.99056	530.16418	1294.13536	506.68657
DR_Firars_40	3	1	1416.05247	459.38806	1527.98741	443.58209
DR_Firars_40	4	0	1155.52361	409.78358	1108.75551	391.72015
DR_Firars_40	4	1	1040.68625	386.10821	925.92235	364.01493
DR_Firars_41	0	0	365.75971	442.19776	731.32949	462.89552
DR_Firars_41	0	1	472.03463	469.90299	836.09339	490.09701
DR_Firars_41	1	0	292.47744	651.06716	349.24554	656.90299
DR_Firars_41	1	1	598.71039	631.92537	667.56663	644.3097
DR_Firars_41	2	0	1220.77125	649.97388	1128.53935	662.78731
DR_Firars_41	2	1	1634.6086	476.77612	1582.37671	482.42164
DR_Firars_42	0	0	632.62015	673.66045	595.39244	662.66791
DR_Firars_42	0	1	832.0745	633.86567	873.9234	618.84328
DR_Firars_42	1	0	1220.20776	243.97761	1344.22665	241.19403
DR_Firars_42	1	1	1691.43547	163.91791	1724.24764	181.59328
DR_Firars_43	0	0	976.27912	763.3694	812.33054	767.12313
DR_Firars_43	0	1	1307.19203	847.99627	1101.94229	863.83955
DR_Firars_44	0	0	576.29696	472.08209	788.58762	443.41418
DR_Firars_44	0	1	768.6999	464.52612	984.01259	435.35448
DR_Firars_44	1	0	275.67891	654.44403	254.66107	607.42537
DR_Firars_44	1	1	583.42288	679.6306	564.41973	645.20522
DR_Firars_44	2	0	502.24449	566.94776	314.06506	528.9403
DR_Firars_44	2	1	832.71563	699.0597	651.09759	669.41418
DR_Firars_45	0	0	1128.43337	323.11194	992.51731	370.19403
DR_Firars_45	0	1	1457.33158	310.51866	1368.95173	350.66418
DR_Firars_45	1	0	1268.86988	327.72015	1302.70514	372.47761
DR_Firars_45	1	1	1455.22875	245.61194	1530.86884	274.25
DR_Firars_45	2	0	1252.47219	757.01493	1063.98636	821.54104
DR_Firars_45	2	1	885.61595	840.89925	631.68625	891.70522
DR_Firars_46	0	0	3.02204	87.64925	368.25184	12.59328
DR_Firars_46	0	1	656.00944	44.83209	957.12382	11.58582
DR_Firars_46	1	0	36.7681	253.71269	288.13956	177.31343
DR_Firars_46	1	1	291.12277	109.64552	467.95068	23.67537
DR_Firars_47	0	0	559.60546	454.39179	697.78909	456.08209
DR_Firars_47	0	1	839.14376	488.64552	1007.98006	481.93284
DR_Firars_47	1	0	1216.29276	231.59328	962.0724	250.61567
DR_Firars_47	1	1	1376.96432	223.53358	1116.6999	248.09701
DR_Firars_47	2	0	919.95068	421.47388	1059.09024	404.65299
DR_Firars_47	2	1	1355.91396	651.52612	1449.61175	624.79851
DR_Firars_47	3	0	810.44701	69.01119	565.97272	63.47015
DR_Firars_47	3	1	861.09759	266.8694	606.38405	272.72015
DR_Firars_48	0	0	1225.03043	586.66791	1022.39454	587.20149
DR_Firars_48	0	1	975.71249	497.50746	766.02518	502.57463
DR_Firars_48	1	0	1119.74816	309.24627	918.35572	306.51493
DR_Firars_48	1	1	1361.99056	214.54104	1179.7618	199.22015
DR_Firars_48	2	0	1749.75866	213.04478	1383.0829	199.3694
DR_Firars_48	2	1	1228.13012	378.84328	851.39559	384.83582
DR_Firars_49	0	0	1082.02099	528.64552	794.34418	509.93284
DR_Firars_49	0	1	1533.50892	486.95522	1298.98741	477.62313
DR_Firars_49	1	0	707.59811	374.90299	496.98426	361.92537
DR_Firars_49	1	1	1317.42812	376.24254	1050.15635	359.12687
DR_Firars_49	2	0	726.60126	273.02239	543.19098	254.60075
DR_Firars_49	2	1	1361.03882	256.61567	1106.54984	241.71642
DR_Firars_49	3	0	937.93599	173.02985	1114.18258	144.25746
DR_Firars_49	3	1	1128.94648	231.44403	1298.18573	194.03731
DR_Firars_50	0	0	878.2277	635.27612	320.2277	649.82463
DR_Firars_50	0	1	1279.1511	833.24254	660.71039	850.81343
DR_Firars_51	0	0	698.30745	707.98881	615.34837	692.84701
DR_Firars_51	0	1	941.07555	536.60075	909.83526	529.62687
DR_Firars_51	1	0	904.56558	704.17164	720.23085	699.29104
DR_Firars_51	1	1	1395.76285	577.98507	1217.33263	579.73507
DR_Firars_51	2	0	1117.6936	455.10448	1362.06506	438.6903
DR_Firars_51	2	1	1287.93494	426.89552	1524.24764	405.44403
DR_Firars_51	3	0	557.76705	352.44403	774.80378	345.76493
DR_Firars_51	3	1	759.2361	319.70149	974.7618	306.97761
DR_Firars_52	0	0	359.77754	153.02985	491.43337	137.51866
DR_Firars_52	0	1	627.48374	26.19403	754.85414	8.0597
DR_Firars_52	1	0	939.0063	607.88433	686.21511	611.66045
DR_Firars_52	1	1	1154.0745	503.61194	933.78804	504.22015
DR_Firars_53	0	0	740.71878	152.46642	607.58657	136.00746
DR_Firars_53	0	1	1146.3106	234.06716	1039.38405	210.6306
DR_Firars_53	1	0	832.78909	445.59328	1094.99475	416.49627
DR_Firars_53	1	1	1044.83526	423.93284	1309.55929	399.87313
DR_Firars_53	2	0	1440.80273	222.12687	1389.6191	196.61567
DR_Firars_53	2	1	1197.02518	229.1791	1204.77125	202.15672
DR_Firars_53	3	0	350.80063	273.0597	427.21196	257.62313
DR_Firars_53	3	1	623.79119	293.71269	662.93075	273.74254
DR_Firars_53	4	0	860.6086	344.63806	69.00315	323.47761
DR_Firars_53	4	1	1291.32529	212.97015	635.34418	204.08209
DR_Firars_53	5	0	96.70514	421.56343	22.66527	391.97015
DR_Firars_53	5	1	348.52046	420.83582	337.46065	393.48134
DR_Firars_53	6	0	1182.06086	984.79478	398.46905	973.71269
DR_Firars_53	6	1	1627.36621	920.23881	966.58552	938.31343
DR_Firars_54	0	0	1600.54145	677.32463	1410.72613	745.04478
DR_Firars_54	0	1	1257.70094	762.09701	1123.20042	821.05224
DR_Firars_54	1	0	1198.29276	202.48134	1523.24134	233.50373
DR_Firars_54	1	1	1342.8468	193.91791	1693.48269	216.8806
DR_Firars_55	0	0	510.25603	570.01493	359.2277	565.28358
DR_Firars_55	0	1	789.29066	513.09328	615.09339	511.38433
DR_Firars_56	0	0	787.78174	392.35821	574.2277	400.34701
DR_Firars_56	0	1	1066.0829	475.62313	892.04512	476.41045
DR_Firars_56	1	0	536.59706	143.84328	121.88877	171.6194
DR_Firars_56	1	1	834.12277	398.29851	469.66317	408.95149
DR_Firars_57	0	0	1457.88143	318.23507	1360.98006	295.08209
DR_Firars_57	0	1	1786.52676	96.21269	1696.29906	47.35075
DR_Firars_57	1	0	1300.21511	482.05224	1207.98006	454.09701
DR_Firars_57	1	1	1622.60126	132.98507	1537.01994	86.13806
DR_Firars_58	0	0	419.80063	10.57836	560.49108	62.96642
DR_Firars_58	0	1	576.94648	124.42164	725.19203	156.66045
DR_Firars_58	1	0	840.21196	294.73507	676.91396	317.61567
DR_Firars_58	1	1	1061.32424	186.43284	963.95488	197.69403
DR_Firars_58	2	0	451.04722	560.67537	167.21931	580.10448
DR_Firars_58	2	1	1007.71144	441.3694	691.25184	458.79104
DR_Firars_58	3	0	1348.37671	153.51866	1209.09339	148.09701
DR_Firars_58	3	1	1082.06086	48.86194	994.52886	61.45522
DR_Firars_58	4	0	1704.42812	74.55224	1384.13431	71.52985
DR_Firars_58	4	1	1334.06821	165.72761	1102.78909	185.53358
DR_Firars_59	0	0	1074.0787	178.09701	1027.28122	193.50373
DR_Firars_59	0	1	731.71144	144.03731	696.66002	174.12313
DR_Firars_59	1	0	359.10808	135	579.57503	179.57836
DR_Firars_59	1	1	261.89927	96.71642	523.16369	149.85821
DR_Firars_59	2	0	975.07555	379.6903	793.3085	397.33582
DR_Firars_59	2	1	1488.87303	334.56343	1293.97587	338.81343
DR_Firars_60	0	0	844.04512	260.47015	725.82896	285.36194
DR_Firars_60	0	1	478.26023	9.06716	306.88772	66.99627
DR_Firars_60	1	0	672.06716	247.83582	582.9213	283.03731
DR_Firars_60	1	1	508.87723	26.69776	479.96118	78.07836
DR_Firars_60	2	0	933.28856	171.26866	1077.19307	183.99254
DR_Firars_60	2	1	1124.68416	57.42537	1245.9234	61.58582
DR_Firars_60	3	0	125.41448	123.41418	495.35152	181.57836
DR_Firars_60	3	1	312.78069	88.15299	659.04512	136.24254
DR_Firars_60	4	0	1014.43861	50.87687	1201.47954	55.41045
DR_Firars_60	4	1	752.02518	93.1903	945.61385	116.36194
