OpCode	ImagePtPair	Index	Lx	Ly	Rx	Ry
H1_1_1_Northern_20220901	0	0	1161.98582	202.35789	1196.88312	213.27731
H1_1_1_Northern_20220901	0	1	1382.12766	165.97895	1407.69776	176.97479
H1_1_1_Northern_20220901	1	0	1469.82249	646.52632	1491.12426	628.05263
H1_1_1_Northern_20220901	1	1	1607.57396	638.00000	1626.03550	616.68421
H1_1_1_Northern_20220901	2	0	1033.67456	980.52632	968.26036	974.84211
H1_1_1_Northern_20220901	2	1	1160.06509	895.26316	1088.97041	885.31579
H1_1_2_Northern_20220901	0	0	1547.92899	62.52632	1667.21893	90.94737
H1_1_2_Northern_20220901	0	1	1775.14793	105.15789	1883.07692	135.00000
H1_1_2_Northern_20220901	1	0	120.71006	82.42105	132.07101	12.78947
H1_1_2_Northern_20220901	1	1	337.98817	105.15789	360.71006	58.26316
H1_1_2_Northern_20220901	2	0	397.63314	235.89474	426.03550	200.36842
H1_1_2_Northern_20220901	2	1	541.06509	233.05263	570.88757	204.63158
H1_1_2_Northern_20220901	3	0	106.50888	162.00000	224.37870	123.63158
H1_1_2_Northern_20220901	3	1	320.94675	191.84211	454.43787	166.26316
H1_1_3_Northern_20220901	0	0	52.38195	444.08209	155.13116	460.86567
H1_1_3_Northern_20220901	0	1	191.39559	627.44030	333.43127	660.34328
H1_1_3_Northern_20220901	1	0	1373.01154	254.88806	1229.01889	289.14179
H1_1_3_Northern_20220901	1	1	1521.09129	179.32836	1364.00315	228.69403
H1_1_4_Northern_20220901	0	0	827.84155	948.02239	843.08395	943.99254
H1_1_4_Northern_20220901	0	1	740.20252	897.64925	758.46695	893.61940
H1_1_4_Northern_20220901	1	0	601.65792	414.34328	583.20147	381.82836
H1_1_4_Northern_20220901	1	1	534.16579	345.83582	513.69465	300.22388
H1_1_4_Northern_20220901	2	0	219.87408	350.87313	116.80063	265.97015
H1_1_4_Northern_20220901	2	1	155.40399	260.20149	51.32319	152.12687
H1_1_4_Northern_20220901	3	0	570.62120	587.11194	503.67261	562.18657
H1_1_4_Northern_20220901	3	1	493.05561	512.55970	432.15110	476.55224
H1_1_4_Northern_20220901	4	0	1688.31060	601.59701	1574.48059	644.99254
H1_1_4_Northern_20220901	4	1	1557.35572	624.76866	1465.68730	657.08209
H1_1_4_Northern_20220901	5	0	662.05456	935.93284	599.12907	936.94030
H1_1_4_Northern_20220901	5	1	567.36411	898.65672	495.37251	895.63433
H1_1_4_Northern_20220901	6	0	239.74816	385.57463	135.99161	310.28358
H1_1_4_Northern_20220901	6	1	184.34418	299.94030	77.56558	199.46269
H1_1_4_Northern_20220901	7	0	772.93704	824.87313	724.45226	824.23134
H1_1_4_Northern_20220901	7	1	673.20986	822.85821	615.65897	823.22388
H1_1_4_Northern_20220901	8	0	794.09129	762.41045	730.49633	761.76866
H1_1_4_Northern_20220901	8	1	715.51836	762.41045	646.88667	758.74627
H1_1_4_Northern_20220901	9	0	621.83526	784.57463	520.96852	775.87313
H1_1_4_Northern_20220901	9	1	555.35047	729.16418	453.47639	710.38806
H1_1_4_Northern_20220901	10	0	303.21091	547.19403	245.79224	499.97761
H1_1_4_Northern_20220901	10	1	195.42497	523.01493	125.91815	462.70149
H1_1_4_Northern_20220901	11	0	1519.07660	948.02239	1770.91291	945.00000
H1_1_4_Northern_20220901	11	1	1365.96013	926.86567	1589.59077	926.86567
H1_1_4_Northern_20220901	12	0	1292.42392	1046.75373	1564.40714	1038.69403
H1_1_4_Northern_20220901	12	1	1166.50577	1038.69403	1415.32004	1029.62687
H1_1_4_Northern_20220901	13	0	1321.90136	589.98507	1576.49528	612.96269
H1_1_4_Northern_20220901	13	1	1462.92970	585.95522	1734.64848	619.00746
H1_1_4_Northern_20220901	14	0	694.82686	553.05224	667.51102	535.37313
H1_1_4_Northern_20220901	14	1	592.07765	496.63433	567.78384	469.88806
H1_1_4_Northern_20220901	15	0	971.04827	876.49254	892.90136	881.52985
H1_1_4_Northern_20220901	15	1	1075.81217	882.53731	992.62854	888.58209
H1_1_4_Northern_20220901	16	0	960.88667	949.02985	909.09234	959.10448
H1_1_4_Northern_20220901	16	1	1063.63589	1008.47015	1016.87828	1014.51493
H1_1_4_Northern_20220901	17	0	873.94544	901.67910	853.87408	905.70896
H1_1_4_Northern_20220901	17	1	941.43757	929.88806	925.39559	935.93284
H1_1_4_Northern_20220901	18	0	267.39988	664.84910	424.62642	628.25292
H1_1_4_Northern_20220901	18	1	147.47161	645.91180	296.09085	597.26461
H1_1_4_Northern_20220901	19	0	293.13746	584.08955	206.50577	542.00000
H1_1_4_Northern_20220901	19	1	167.21931	555.88060	65.47744	501.70149
H1_1_4_Northern_20220901	20	0	222.64196	657.75877	303.55051	615.64506
H1_1_4_Northern_20220901	20	1	391.91871	676.69607	465.94142	652.37194
H1_1_4_Northern_20220901	21	0	534.26967	811.29851	548.03463	802.94776
H1_1_4_Northern_20220901	21	1	850.57608	777.04478	881.46590	775.74627
H1_1_4_Northern_20220901	22	0	1230.50926	705.74708	1186.64316	722.50797
H1_1_4_Northern_20220901	22	1	1360.19247	722.38895	1304.84997	741.44527
H1_2_1_Northern_20220901	0	0	1674.31953	322.10526	1662.95858	329.63158
H1_2_1_Northern_20220901	0	1	1871.71598	283.73684	1822.01183	305.47368
H1_2_1_Northern_20220901	1	0	1617.51479	309.47368	1579.17160	318.26316
H1_2_1_Northern_20220901	1	1	1802.13018	238.42105	1733.96450	255.73684
H1_2_1_Northern_20220901	2	0	742.53846	438.31579	776.65680	437.68421
H1_2_1_Northern_20220901	2	1	856.14793	455.36842	886.00592	457.57895
H1_2_2_Northern_20220901	0	0	1237.67456	356.10526	1256.69231	353.21053
H1_2_2_Northern_20220901	0	1	1365.48521	376.00000	1373.14201	366.00000
H1_2_3_Northern_20220901	0	0	1215.04827	332.46269	1257.84995	364.47761
H1_2_3_Northern_20220901	0	1	1349.02518	119.88806	1430.10598	168.02239
H1_2_3_Northern_20220901	1	0	1492.88562	297.20149	1597.64953	336.23881
H1_2_3_Northern_20220901	1	1	1792.06716	156.15672	1900.86044	223.40299
H1_2_3_Northern_20220901	2	0	504.71773	478.88060	569.87198	493.85821
H1_2_3_Northern_20220901	2	1	665.89297	505.07463	729.03253	527.10448
H1_2_3_Northern_20220901	3	0	890.81322	339.80597	914.53305	367.95522
H1_2_3_Northern_20220901	3	1	1011.69465	382.11940	1037.42917	405.23134
H1_2_3_Northern_20220901	4	0	952.01154	557.28358	1048.64428	579.44776
H1_2_3_Northern_20220901	4	1	1128.29696	435.38060	1227.95173	458.55224
H1_2_3_Northern_20220901	5	0	617.98216	317.86567	667.77650	331.85075
H1_2_3_Northern_20220901	5	1	746.92235	339.02239	805.78279	359.05224
H1_2_3_Northern_20220901	6	0	645.18048	421.63433	667.77650	448.71642
H1_2_3_Northern_20220901	6	1	735.84155	351.11194	762.46695	370.13433
H1_2_4_Northern_20220901	0	0	483.23924	159.17910	456.32739	97.72388
H1_2_4_Northern_20220901	0	1	428.84260	199.47761	387.82791	133.99254
H1_2_4_Northern_20220901	1	0	828.47534	537.40299	932.38615	534.66418
H1_2_4_Northern_20220901	1	1	919.13641	403.41045	1046.21616	409.73881
H1_2_4_Northern_20220901	2	0	676.06925	499.08955	873.80483	483.73881
H1_2_4_Northern_20220901	2	1	511.87198	559.53731	705.57817	533.10448
H1_2_4_Northern_20220901	3	0	1123.78384	865.41045	1286.33473	868.43284
H1_2_4_Northern_20220901	3	1	1230.56243	891.60448	1386.06191	899.66418
H1_2_4_Northern_20220901	4	0	735.89402	662.35821	830.92445	657.18657
H1_2_4_Northern_20220901	4	1	861.81217	624.07463	924.60756	626.96269
H1_2_4_Northern_20220901	5	0	1358.38615	206.52985	1881.72088	263.95522
H1_2_4_Northern_20220901	5	1	1162.96118	175.29851	1601.67891	221.64179
H1_2_4_Northern_20220901	6	0	864.32634	325.41045	1326.87828	335.11194
H1_2_4_Northern_20220901	6	1	697.10703	372.76119	1096.19622	363.32090
H1_2_4_Northern_20220901	7	0	448.26863	457.91791	1062.28961	420.74627
H1_2_4_Northern_20220901	7	1	233.70409	577.80597	775.19622	531.56716
H1_2_4_Northern_20220901	8	0	803.59182	516.78358	904.62120	507.64179
H1_2_4_Northern_20220901	8	1	702.85729	600.40299	784.74711	593.27612
H1_2_4_Northern_20220901	9	0	663.43757	633.67910	804.71563	616.91791
H1_2_4_Northern_20220901	9	1	507.29906	724.35075	645.55509	706.58209
H1_2_4_Northern_20220901	10	0	872.12172	800.93284	1064.76076	798.02239
H1_2_4_Northern_20220901	10	1	756.27702	896.64179	930.78384	893.73134
H1_2_4_Northern_20220901	11	0	483.78384	855.33582	804.12277	847.71642
H1_2_4_Northern_20220901	11	1	717.48793	849.29104	1020.70199	845.70149
H1_2_4_Northern_20220901	12	0	1077.48898	541.29851	1069.38615	557.11194
H1_2_4_Northern_20220901	12	1	1142.96642	451.63433	1128.81952	475.50746
H1_2_4_Northern_20220901	13	0	868.93704	490.03731	893.08395	490.82090
H1_2_4_Northern_20220901	13	1	752.08499	491.04478	772.20252	482.76119
H1_2_4_Northern_20220901	14	0	842.28227	886.56716	988.62854	886.56716
H1_2_4_Northern_20220901	14	1	664.98951	1064.88806	859.68835	1065.89552
H1_2_4_Northern_20220901	15	0	363.65163	656.99254	406.96747	622.34328
H1_2_4_Northern_20220901	15	1	231.68940	624.75373	245.79224	588.08955
H1_2_4_Northern_20220901	16	0	1068.93704	996.38060	1355.34837	989.32836
H1_2_4_Northern_20220901	16	1	934.96013	1024.58955	1227.41553	1011.49254
H1_2_4_Northern_20220901	17	0	797.69570	813.07463	945.19517	816.44030
H1_2_4_Northern_20220901	17	1	899.43757	755.64925	1066.07660	759.01493
H1_2_4_Northern_20220901	18	0	987.83526	849.29104	1284.96013	849.29104
H1_2_4_Northern_20220901	18	1	1129.87093	811.00746	1424.98111	816.04478
H2_1_1_Central_20221017	0	0	312.81657	202.63158	917.85799	214.65789
H2_1_1_Central_20221017	0	1	659.32544	302.10526	1428.00000	329.15789
H2_1_1_Central_20221017	1	0	261.94083	319.86842	288.86982	313.81579
H2_1_1_Central_20221017	1	1	428.09467	368.18421	466.38462	368.52632
H2_1_1_Central_20221017	2	0	855.69231	413.05263	1055.01183	419.00000
H2_1_1_Central_20221017	2	1	1043.14793	472.02632	1261.63905	480.81579
H2_1_1_Central_20221017	3	0	1425.78107	703.23684	1650.88757	684.02632
H2_1_1_Central_20221017	3	1	1631.69822	753.68421	1892.30769	725.23684
H2_1_2_Central_20221017	0	0	1658.69822	317.78947	1594.79290	317.94737
H2_1_2_Central_20221017	0	1	1515.26627	258.10526	1474.08284	261.10526
H2_1_2_Central_20221017	1	0	1215.16568	320.47368	1310.46746	323.47368
H2_1_2_Central_20221017	1	1	1057.53254	370.21053	1147.15385	359.00000
H2_1_2_Central_20221017	2	0	1015.30178	59.68421	1084.00592	52.57895
H2_1_2_Central_20221017	2	1	881.81065	143.52632	959.03550	132.15789
H2_1_2_Central_20221017	3	0	682.47337	207.47368	923.50296	194.68421
H2_1_2_Central_20221017	3	1	340.22485	289.89474	574.15385	274.26316
H2_1_2_Central_20221017	4	0	259.88166	373.10526	536.80473	366.63158
H2_1_2_Central_20221017	4	1	464.37870	312.00000	732.78107	301.26316
H2_1_2_Central_20221017	5	0	1082.13018	508.73684	1252.54438	505.89474
H2_1_2_Central_20221017	5	1	1630.29586	403.57895	1769.46746	400.73684
H2_1_3_Central_20221017	0	0	998.74841	106.57895	1052.71700	135.00000
H2_1_3_Central_20221017	0	1	1126.10571	39.58647	1168.78881	78.66541
H2_1_3_Central_20221017	1	0	1184.58562	59.88722	1248.01690	102.51880
H2_1_3_Central_20221017	1	1	1322.09091	78.15789	1400.58289	128.90977
H2_1_4_Central_20221017	0	0	1171.48203	217.34586	1321.26505	255.72180
H2_1_4_Central_20221017	0	1	1277.52854	73.71805	1463.18691	141.53008
H2_1_4_Central_20221017	1	0	718.77167	320.66165	695.81098	301.21429
H2_1_4_Central_20221017	1	1	865.91755	286.65789	859.52798	285.48120
H2_1_4_Central_20221017	2	0	302.86047	284.76692	427.38543	214.12406
H2_1_4_Central_20221017	2	1	540.32347	174.12782	656.48786	128.86090
H2_2_1_Central_20220818	0	0	790.64689	509.14888	1060.23098	514.99007
H2_2_1_Central_20220818	0	1	975.54571	556.04715	1244.45987	558.53846
H2_2_1_Central_20220818	1	0	1100.82135	383.86352	1398.54222	391.04467
H2_2_1_Central_20220818	1	1	1355.39218	371.80397	1607.55827	387.02481
H2_2_1_Central_20220818	2	0	961.05932	474.82878	1125.08095	486.14888
H2_2_1_Central_20220818	2	1	1133.22959	391.08189	1282.51291	394.36228
H2_2_1_Central_20220818	3	0	891.21563	459.10174	1143.11793	469.47146
H2_2_1_Central_20220818	3	1	1082.14375	562.27792	1337.39567	569.96774
H2_2_1_Central_20220818	4	0	864.20098	144.71464	1116.09211	143.37469
H2_2_1_Central_20220818	4	1	1059.81856	218.41191	1268.83461	234.49132
H2_2_1_Central_20220818	5	0	605.02233	580.19851	780.71179	608.60794
H2_2_1_Central_20220818	5	1	738.33706	483.05211	932.11445	500.74194
H2_2_1_Central_20220818	6	0	1083.47941	409.33002	1193.39149	416.42928
H2_2_1_Central_20220818	6	1	1211.43475	387.89082	1290.53036	388.96030
H2_2_2_Central_20220818	0	0	1031.10998	988.74302	1239.76669	967.62570
H2_2_2_Central_20220818	0	1	1233.21524	991.00559	1440.36371	954.05028
H2_2_2_Central_20220818	1	0	525.01257	1029.46927	790.86410	1052.84916
H2_2_2_Central_20220818	1	1	739.18382	1043.04469	1022.38020	1039.27374
H2_2_2_Central_20220818	2	0	1355.91516	652.24581	1502.96936	633.03352
H2_2_2_Central_20220818	2	1	1543.69207	664.31285	1735.23959	637.55866
H2_2_2_Central_20220818	3	0	1324.99607	606.16760	1570.84053	588.11732
H2_2_2_Central_20220818	3	1	1567.06991	560.16201	1796.32364	545.12849
H2_2_2_Central_20220818	4	0	983.10998	587.48045	1154.37235	579.36313
H2_2_2_Central_20220818	4	1	1213.11783	575.41341	1362.51060	562.77095
H2_2_3_Central_20220818	0	0	1398.19517	555.91045	1414.31270	575.74627
H2_2_3_Central_20220818	0	1	1577.50262	602.25373	1590.59811	616.04478
H2_2_3_Central_20220818	1	0	962.57817	542.87313	1215.65897	565.94030
H2_2_3_Central_20220818	1	1	1163.03987	562.01493	1394.96642	582.05970
H2_2_3_Central_20220818	2	0	1315.59286	554.81343	1414.31270	578.00000
H2_2_3_Central_20220818	2	1	1521.09129	560.85821	1587.57608	580.01493
H2_2_4_Central_20220818	0	0	461.35087	637.48034	645.61865	608.80978
H2_2_4_Central_20220818	0	1	281.17155	735.60999	465.43933	712.10414
H2_2_4_Central_20220818	1	0	594.99761	391.02550	852.81650	362.73007
H2_2_4_Central_20220818	1	1	294.31620	371.51435	571.07113	316.82147
H2_2_4_Central_20220818	2	0	432.08607	571.00850	624.03108	528.49097
H2_2_4_Central_20220818	2	1	220.34668	564.69607	431.22773	515.29224
H2_2_4_Central_20220818	3	0	375.85176	757.02550	633.20143	734.99681
H2_2_4_Central_20220818	3	1	141.15959	719.72476	389.32815	678.75877
H2_2_4_Central_20220818	4	0	701.78123	322.77577	1662.92887	312.51966
H2_2_4_Central_20220818	4	1	302.97669	346.87779	1288.79857	299.89479
H4_1_1_SplitBommie_20220803	0	0	962.63694	395.11194	1209.83526	409.96269
H4_1_1_SplitBommie_20220803	0	1	1184.25289	373.95522	1383.09864	405.93284
H4_1_1_SplitBommie_20220803	1	0	1339.76915	255.89552	1584.55404	308.10448
H4_1_1_SplitBommie_20220803	1	1	1580.52466	207.53731	1823.29486	279.89552
H4_1_1_SplitBommie_20220803	2	0	1063.02623	452.41791	1156.69570	467.41791
H4_1_1_SplitBommie_20220803	2	1	1222.18678	389.95522	1308.80483	423.08955
H4_1_1_SplitBommie_20220803	3	0	496.45331	289.14179	554.70304	247.83582
H4_1_1_SplitBommie_20220803	3	1	658.63589	244.81343	725.95173	215.59701
H4_1_1_SplitBommie_20220803	4	0	322.35047	486.67164	541.81217	437.36567
H4_1_1_SplitBommie_20220803	4	1	81.59496	439.32090	364.51941	369.86567
H4_1_1_SplitBommie_20220803	5	0	739.93809	129.96269	820.62959	106.79104
H4_1_1_SplitBommie_20220803	5	1	915.21616	80.59701	1009.00315	88.65672
H4_1_1_SplitBommie_20220803	6	0	525.83421	465.87313	683.49633	414.58209
H4_1_1_SplitBommie_20220803	6	1	362.64428	373.18657	531.38720	319.88060
H4_1_1_SplitBommie_20220803	7	0	470.43022	526.32090	679.46695	495.17910
H4_1_1_SplitBommie_20220803	7	1	296.15950	448.74627	540.45331	394.43284
H4_1_1_SplitBommie_20220803	8	0	814.95173	604.61940	989.09129	603.94030
H4_1_1_SplitBommie_20220803	8	1	659.82057	576.41045	829.93075	563.64179
H4_1_1_SplitBommie_20220803	9	0	1392.15110	368.47761	1648.01679	418.32836
H4_1_1_SplitBommie_20220803	9	1	1564.40714	276.79851	1851.50052	344.78358
H4_1_1_SplitBommie_20220803	10	0	876.84155	515.02985	1112.86359	519.07463
H4_1_1_SplitBommie_20220803	10	1	708.61490	548.27612	949.67366	544.26119
H4_1_1_SplitBommie_20220803	11	0	1100.09129	166.23134	1575.48793	200.48507
H4_1_1_SplitBommie_20220803	11	1	765.65268	181.34328	1236.01259	180.33582
H4_1_1_SplitBommie_20220803	12	0	871.53935	409.55970	1101.52466	417.02985
H4_1_1_SplitBommie_20220803	12	1	676.11438	417.61940	894.01154	403.93284
H4_1_1_SplitBommie_20220803	13	0	1191.09339	235.74627	1407.26128	273.02239
H4_1_1_SplitBommie_20220803	13	1	1368.38615	149.10448	1579.51731	216.60448
H4_1_1_SplitBommie_20220803	14	0	1291.41658	121.90299	1489.86359	181.34328
H4_1_1_SplitBommie_20220803	14	1	1456.62120	60.44776	1674.20776	143.05970
H4_1_1_SplitBommie_20220803	15	0	1381.07030	161.19403	1576.49528	225.67164
H4_1_1_SplitBommie_20220803	15	1	1566.42183	83.61940	1776.95698	178.32090
H4_1_1_SplitBommie_20220803	16	0	1512.02518	178.32090	1665.14166	254.88806
H4_1_1_SplitBommie_20220803	16	1	1722.56034	82.61194	1864.59601	187.38806
H4_1_1_SplitBommie_20220803	17	0	594.33368	597.11194	1053.82686	585.98507
H4_1_1_SplitBommie_20220803	17	1	281.04932	537.67164	747.59391	494.30597
H4_1_1_SplitBommie_20220803	18	0	1198.54879	466.21642	1493.89297	496.66418
H4_1_1_SplitBommie_20220803	18	1	1461.46590	383.60448	1744.72193	435.20896
H4_1_2_SplitBommie_20220803	0	0	207.06509	223.10526	406.37870	217.76316
H4_1_2_SplitBommie_20220803	0	1	390.97041	120.07895	606.61538	113.31579
H4_1_2_SplitBommie_20220803	1	0	1170.37870	510.02632	1340.46746	525.97368
H4_1_2_SplitBommie_20220803	1	1	1403.98817	454.60526	1544.96450	483.34211
H4_1_2_SplitBommie_20220803	2	0	1403.65680	313.34211	1454.58580	343.81579
H4_1_2_SplitBommie_20220803	2	1	1795.02959	342.42105	1849.70414	394.78947
H4_1_3_SplitBommie_20220803	0	0	1149.37404	569.87841	1597.76692	559.55583
H4_1_3_SplitBommie_20220803	0	1	914.23098	397.69479	1357.93440	392.73201
H4_1_3_SplitBommie_20220803	1	0	450.18842	426.64020	635.86811	427.10174
H4_1_3_SplitBommie_20220803	1	1	214.37544	349.59305	425.51221	337.32506
H4_1_3_SplitBommie_20220803	2	0	783.14724	485.19355	967.03001	485.17370
H4_1_3_SplitBommie_20220803	2	1	921.15143	609.80893	1103.69435	601.07940
H4_1_3_SplitBommie_20220803	3	0	1234.73133	570.62779	1324.54013	553.28784
H4_1_3_SplitBommie_20220803	3	1	1081.98883	543.82878	1186.53594	537.20844
H4_1_3_SplitBommie_20220803	4	0	1041.89532	348.31017	1230.04955	339.57072
H4_1_3_SplitBommie_20220803	4	1	1195.97767	383.14888	1342.59665	381.10918
H4_1_3_SplitBommie_20220803	5	0	1084.67481	870.29777	1455.74320	846.84864
H4_1_3_SplitBommie_20220803	5	1	1323.16748	990.89330	1739.12073	948.68486
H4_1_3_SplitBommie_20220803	6	0	774.71179	360.28784	1033.86811	357.50868
H4_1_3_SplitBommie_20220803	6	1	919.41521	302.66998	1228.81577	299.89082
H4_1_4_SplitBommie_20220803	0	0	271.64899	53.59801	757.57851	48.23821
H4_1_4_SplitBommie_20220803	0	1	565.07537	195.63275	992.72156	200.99256
H4_1_4_SplitBommie_20220803	1	0	509.31891	93.12655	1526.08514	119.92556
H4_1_4_SplitBommie_20220803	1	1	928.02094	362.45658	1770.60712	397.29529
H4_2_1_SplitBommie_20220802	0	0	828.93963	870.54198	1393.60490	852.17853
H4_2_1_SplitBommie_20220802	0	1	487.51704	860.21254	1046.44411	840.12752
H4_2_1_SplitBommie_20220802	1	0	1038.22773	259.38363	1333.55649	284.05951
H4_2_1_SplitBommie_20220802	1	1	1337.18769	179.04357	1642.27137	237.57705
H4_2_1_SplitBommie_20220802	2	0	842.45726	203.14559	1302.26420	214.04888
H4_2_1_SplitBommie_20220802	2	1	561.85953	263.40064	1025.10938	245.03719
H4_2_1_SplitBommie_20220802	3	0	840.83622	333.57705	1089.82726	336.34963
H4_2_1_SplitBommie_20220802	3	1	555.64794	318.65675	844.80634	292.16259
H4_2_1_SplitBommie_20220802	4	0	961.89839	418.90542	1255.48595	439.41126
H4_2_1_SplitBommie_20220802	4	1	485.05439	373.57067	794.70891	339.56004
H4_2_1_SplitBommie_20220802	5	0	932.49851	359.37726	1293.93843	364.39957
H4_2_1_SplitBommie_20220802	5	1	731.08787	283.05420	1074.73939	271.43464
H4_2_2_SplitBommie_20220802	0	0	1009.01733	864.80340	1463.23969	876.28055
H4_2_2_SplitBommie_20220802	0	1	657.26599	911.28587	1058.12313	948.58661
H4_2_2_SplitBommie_20220802	1	0	27.54334	511.60468	383.22773	537.17322
H4_2_2_SplitBommie_20220802	1	1	312.15780	440.44633	663.82546	453.96387
H4_2_2_SplitBommie_20220802	2	0	1005.63837	905.54729	1425.78601	920.46759
H4_2_2_SplitBommie_20220802	2	1	769.22475	919.31987	1198.55350	942.84803
H4_2_2_SplitBommie_20220802	3	0	227.23252	201.99787	932.99342	201.42402
H4_2_2_SplitBommie_20220802	3	1	488.89420	167.56642	1187.19546	187.65143
H4_2_2_SplitBommie_20220802	4	0	874.24148	451.11690	1425.36760	472.51966
H4_2_2_SplitBommie_20220802	4	1	1185.82546	442.50903	1715.14644	467.35494
H4_2_2_SplitBommie_20220802	5	0	375.27794	664.79277	594.69934	701.90117
H4_2_2_SplitBommie_20220802	5	1	202.55828	691.76408	442.06336	734.61105
H4_2_2_SplitBommie_20220802	6	0	783.80873	277.17322	1192.04184	303.57067
H4_2_2_SplitBommie_20220802	6	1	495.17753	267.41764	920.62522	283.48565
H4_2_2_SplitBommie_20220802	7	0	747.38613	1020.31881	1458.64913	1030.07439
H4_2_2_SplitBommie_20220802	7	1	1096.26838	1019.74495	1841.38673	1018.02338
H4_2_2_SplitBommie_20220802	8	0	570.46204	197.40701	953.30066	213.94687
H4_2_2_SplitBommie_20220802	8	1	834.41901	154.36769	1212.66707	186.40170
H4_2_2_SplitBommie_20220802	9	0	983.42080	863.08183	1362.43156	886.03613
H4_2_2_SplitBommie_20220802	9	1	741.84280	918.17216	1073.22654	957.76833
H4_2_2_SplitBommie_20220802	10	0	947.33293	728.09245	1581.44650	736.83209
H4_2_2_SplitBommie_20220802	10	1	1254.90018	617.91180	1861.47041	627.79915
H4_2_2_SplitBommie_20220802	11	0	686.28811	173.30499	1752.44471	195.68544
H4_2_2_SplitBommie_20220802	11	1	142.30723	213.47503	1120.09564	231.26461
H4_2_3_SplitBommie_20220802	0	0	1366.93491	602.52632	1386.70414	578.81579
H4_2_3_SplitBommie_20220802	0	1	1792.18935	486.78947	1853.96450	472.18421
H4_2_3_SplitBommie_20220802	1	0	1410.15385	745.18421	1620.35503	718.23684
H4_2_3_SplitBommie_20220802	1	1	1697.72781	716.05263	1917.15976	675.60526
H4_2_4_SplitBommie_20220802	0	0	1694.91124	445.42105	1657.98817	441.13158
H4_2_4_SplitBommie_20220802	0	1	1888.75740	402.07895	1849.70414	403.47368
H4_2_4_SplitBommie_20220802	1	0	197.98817	590.97368	472.00592	627.34211
H4_2_4_SplitBommie_20220802	1	1	457.15976	566.81579	707.03550	592.52632
H4_2_4_SplitBommie_20220802	2	0	578.52071	413.81579	670.15385	416.50000
H4_2_4_SplitBommie_20220802	2	1	702.07101	508.31579	807.19527	519.52632
H4_2_4_SplitBommie_20220802	3	0	531.50296	638.44737	684.78107	657.31579
H4_2_4_SplitBommie_20220802	3	1	699.07692	618.55263	833.89349	635.28947
H4_2_4_SplitBommie_20220802	4	0	909.50296	431.68421	942.27219	430.86842
H4_2_4_SplitBommie_20220802	4	1	1054.35503	463.65789	1090.67456	464.97368
H4_2_4_SplitBommie_20220802	5	0	768.76331	461.63158	906.53254	468.84211
H4_2_4_SplitBommie_20220802	5	1	882.37278	573.89474	1025.11243	576.84211
H4_2_4_SplitBommie_20220802	6	0	426.21893	520.10526	507.31953	534.26316
H4_2_4_SplitBommie_20220802	6	1	603.02367	537.15789	673.47337	554.86842
H4_2_4_SplitBommie_20220802	7	0	777.48521	709.34211	1033.90533	719.52632
H4_2_4_SplitBommie_20220802	7	1	961.39053	648.94737	1257.57396	654.86842
H4_2_4_SplitBommie_20220802	8	0	53.25444	567.63158	214.63905	609.05263
H4_2_4_SplitBommie_20220802	8	1	296.80473	606.00000	443.98817	636.05263
O1_1_1_Bullocky_20220802	0	0	60.96301	688.59801	46.89463	738.75931
O1_1_1_Bullocky_20220802	0	1	250.55129	701.99752	259.26029	740.09926
O1_1_1_Bullocky_20220802	1	0	1318.81717	345.29777	1525.41521	354.80893
O1_1_1_Bullocky_20220802	1	1	1541.90161	293.03970	1769.93719	300.54094
O1_1_1_Bullocky_20220802	2	0	927.23517	608.97022	1062.76832	618.20844
O1_1_1_Bullocky_20220802	2	1	1083.99721	550.68238	1196.08304	547.86104
O1_1_1_Bullocky_20220802	3	0	877.90300	569.33002	1192.28402	581.37965
O1_1_1_Bullocky_20220802	3	1	1119.74529	582.05955	1419.38800	579.36973
O1_1_3_Bullocky_20220802	0	0	1158.63240	305.42933	1432.25344	334.80978
O1_1_3_Bullocky_20220802	0	1	1471.36402	364.53666	1702.52241	399.65569
O1_1_3_Bullocky_20220802	1	0	445.85774	358.33794	486.59892	371.39532
O1_1_3_Bullocky_20220802	1	1	309.28870	339.97450	354.62044	349.58874
O1_1_3_Bullocky_20220802	2	0	366.67065	252.49734	403.96892	253.64506
O1_1_3_Bullocky_20220802	2	1	209.44411	232.41233	234.69217	227.82147
O1_1_3_Bullocky_20220802	3	0	362.08010	368.44102	458.48177	383.37194
O1_1_3_Bullocky_20220802	3	1	201.98446	359.25930	297.81231	366.15622
O1_1_3_Bullocky_20220802	4	0	978.27615	621.27949	1114.57621	644.55473
O1_1_3_Bullocky_20220802	4	1	832.52600	513.96812	971.69516	537.81722
O1_1_3_Bullocky_20220802	5	0	743.55350	445.11583	1463.81351	465.09989
O1_1_3_Bullocky_20220802	5	1	1125.14345	391.74708	1884.99701	416.32200
O1_1_3_Bullocky_20220802	6	0	626.11178	454.65037	909.72983	472.33262
O1_1_3_Bullocky_20220802	6	1	494.70711	446.61637	782.34190	466.59405
O1_1_3_Bullocky_20220802	7	0	597.91990	574.60468	881.87149	604.15409
O1_1_3_Bullocky_20220802	7	1	459.05559	357.68650	802.68440	371.74176
O1_1_3_Bullocky_20220802	8	0	739.29468	298.40595	963.60669	317.25824
O1_1_3_Bullocky_20220802	8	1	864.96115	219.78746	1096.15900	244.37832
O1_1_3_Bullocky_20220802	9	0	856.52600	247.33262	1277.89600	272.58236
O1_1_3_Bullocky_20220802	9	1	1006.29289	150.92455	1482.17573	183.63443
O1_1_3_Bullocky_20220802	10	0	966.34190	285.72476	1512.58816	318.88948
O1_1_3_Bullocky_20220802	10	1	1240.05380	348.84910	1755.88763	375.12752
O1_1_3_Bullocky_20220802	11	0	123.37119	421.29224	519.27496	440.86610
O1_1_3_Bullocky_20220802	11	1	346.58697	394.89479	777.49372	408.73007
O1_1_3_Bullocky_20220802	12	0	483.59594	561.56429	727.80454	598.60468
O1_1_3_Bullocky_20220802	12	1	636.23192	534.01913	876.42379	559.58236
O1_1_3_Bullocky_20220802	13	0	385.60669	521.76408	864.10580	545.71307
O1_1_3_Bullocky_20220802	13	1	109.02570	561.93411	609.32995	589.32625
O1_1_3_Bullocky_20220802	14	0	510.69934	286.35494	488.34668	293.34431
O1_1_3_Bullocky_20220802	14	1	604.80574	278.89479	601.38912	295.63974
O1_1_3_Bullocky_20220802	15	0	1039.90018	528.49097	1226.73879	556.31456
O1_1_3_Bullocky_20220802	15	1	808.07711	419.45802	1004.09683	444.41233
O1_1_3_Bullocky_20220802	16	0	1173.79079	679.93411	1254.89898	696.29224
O1_1_3_Bullocky_20220802	16	1	1347.65810	638.61637	1420.73282	657.26993
O1_1_3_Bullocky_20220802	17	0	474.80454	342.22954	530.44112	355.79171
O1_1_3_Bullocky_20220802	17	1	644.08129	338.78640	736.44232	355.79171
O1_1_3_Bullocky_20220802	18	0	800.17274	813.80340	1097.83323	843.67269
O1_1_3_Bullocky_20220802	18	1	666.47280	758.13921	955.52600	790.30393
O1_1_3_Bullocky_20220802	19	0	720.99462	687.48140	846.33592	716.17428
O1_1_3_Bullocky_20220802	19	1	621.72385	670.26567	751.65571	701.25399
O1_1_3_Bullocky_20220802	20	0	813.89121	542.22423	1353.06635	561.46227
O1_1_3_Bullocky_20220802	20	1	1030.22116	464.75345	1548.73879	489.15622
O1_1_3_Bullocky_20220802	21	0	968.79976	313.32625	1299.15900	340.80978
O1_1_3_Bullocky_20220802	21	1	732.38613	287.50266	1038.64495	304.65675
O1_1_3_Bullocky_20220802	22	0	1352.22295	681.05313	1867.78243	685.87779
O1_1_3_Bullocky_20220802	22	1	1165.73162	563.98618	1712.85117	578.56642
O1_1_3_Bullocky_20220802	23	0	288.05738	442.96281	480.87926	460.75239
O1_1_3_Bullocky_20220802	23	1	530.20921	396.48034	767.78900	417.71307
O1_1_4_Bullocky_20220802	0	0	1204.20143	809.13921	1237.18171	822.33794
O1_1_4_Bullocky_20220802	0	1	1013.69337	897.51328	1050.11656	907.84272
O1_1_4_Bullocky_20220802	1	0	559.40885	168.71413	974.08787	145.75983
O1_1_4_Bullocky_20220802	1	1	804.42977	156.08927	1201.32038	153.79384
O1_1_4_Bullocky_20220802	2	0	985.26121	1001.38151	1340.31142	994.49522
O1_1_4_Bullocky_20220802	2	1	1201.59115	864.80340	1533.68858	869.96812
O1_1_4_Bullocky_20220802	3	0	789.25941	909.56429	1154.09325	902.10414
O1_1_4_Bullocky_20220802	3	1	549.40287	905.54729	896.44830	898.08714
O1_1_4_Bullocky_20220802	4	0	1020.46384	564.07014	1153.37717	577.41658
O1_1_4_Bullocky_20220802	4	1	1431.31859	427.49203	1522.91692	484.45165
O1_1_4_Bullocky_20220802	5	0	287.48356	425.26355	547.96593	374.38895
O1_1_4_Bullocky_20220802	5	1	492.91094	402.30925	755.11476	369.22423
O1_1_4_Bullocky_20220802	6	0	774.54094	281.76408	1093.88643	276.97450
O1_1_4_Bullocky_20220802	6	1	584.03288	290.37194	903.95218	264.34963
O1_2_1_Bullocky_20220803	0	0	831.59665	219.62283	905.01675	218.94293
O1_2_1_Bullocky_20220803	0	1	706.99093	296.66998	774.38172	291.97022
O1_2_1_Bullocky_20220803	1	0	1028.61619	315.32010	1007.02233	314.44169
O1_2_1_Bullocky_20220803	1	1	895.97139	340.10918	882.41661	337.89082
O1_2_2_Bullocky_20220803	0	0	670.82249	562.15789	678.79882	555.00000
O1_2_2_Bullocky_20220803	0	1	602.65680	462.68421	596.43195	454.10526
O1_2_2_Bullocky_20220803	1	0	823.53254	309.78947	829.78107	294.89474
O1_2_2_Bullocky_20220803	1	1	668.73964	147.78947	687.76923	125.78947
O1_2_2_Bullocky_20220803	2	0	846.86391	649.31579	920.00592	643.21053
O1_2_2_Bullocky_20220803	2	1	716.21302	548.42105	779.41420	542.31579
O1_2_3_Bullocky_20220803	0	0	866.73977	395.02239	1199.60021	421.10448
O1_2_3_Bullocky_20220803	0	1	1088.35572	420.20896	1366.81952	446.29104
O1_2_3_Bullocky_20220803	1	0	1221.90976	377.29104	1134.74082	405.11194
O1_2_3_Bullocky_20220803	1	1	1682.26653	544.52985	1563.86988	567.31343
O1_2_3_Bullocky_20220803	2	0	1150.12277	48.35821	1140.31480	82.61194
O1_2_3_Bullocky_20220803	2	1	1677.97167	287.12687	1600.67156	333.47015
O1_2_3_Bullocky_20220803	3	0	948.71144	211.56716	884.84470	227.49254
O1_2_3_Bullocky_20220803	3	1	1367.76705	339.51493	1325.05456	376.59701
O1_2_3_Bullocky_20220803	4	0	1055.74187	79.58955	951.61700	110.82090
O1_2_3_Bullocky_20220803	4	1	1430.47429	163.20896	1311.23924	205.52239
O1_2_3_Bullocky_20220803	5	0	574.07870	135.00000	462.15950	128.95522
O1_2_3_Bullocky_20220803	5	1	944.78174	325.41045	857.03882	346.56716
O1_2_3_Bullocky_20220803	6	0	79.58027	124.92537	557.75551	110.82090
O1_2_3_Bullocky_20220803	6	1	307.24029	144.06716	849.88562	146.08209
O1_2_3_Bullocky_20220803	7	0	914.93075	408.76119	1131.65897	428.83582
O1_2_3_Bullocky_20220803	7	1	1049.91501	478.27612	1268.65792	497.34328
O1_2_3_Bullocky_20220803	8	0	814.19622	322.11940	1038.98321	344.20896
O1_2_3_Bullocky_20220803	8	1	977.38615	347.30597	1191.09234	378.46269
O1_2_3_Bullocky_20220803	9	0	900.09234	228.69403	1106.07765	253.88060
O1_2_3_Bullocky_20220803	9	1	1043.13536	286.11940	1235.01784	316.34328
O1_2_4_Bullocky_20220803	0	0	48.77466	730.45696	141.73341	687.61105
O1_2_4_Bullocky_20220803	0	1	241.00418	671.92349	305.84579	634.24230
O1_2_4_Bullocky_20220803	1	0	1209.79498	584.16684	1616.44949	601.59299
O1_2_4_Bullocky_20220803	1	1	946.41184	418.89586	1426.51524	424.27099
O1_2_4_Bullocky_20220803	2	0	1035.96473	544.65675	1083.65571	554.48672
O1_2_4_Bullocky_20220803	2	1	1150.15481	539.49203	1205.30544	557.35600
O1_2_4_Bullocky_20220803	3	0	1179.99342	614.09352	1247.19426	630.80978
O1_2_4_Bullocky_20220803	3	1	1314.84100	616.38895	1383.18948	644.58236
O1_2_4_Bullocky_20220803	4	0	391.91871	111.90223	811.01136	56.81190
O1_2_4_Bullocky_20220803	4	1	246.74238	95.83422	566.56426	17.21573
O1_2_4_Bullocky_20220803	5	0	416.39510	138.29968	696.48954	82.63549
O1_2_4_Bullocky_20220803	5	1	596.57442	88.37407	895.03108	55.09033
O1_2_4_Bullocky_20220803	6	0	475.95517	416.79809	548.73760	380.99787
O1_2_4_Bullocky_20220803	6	1	614.24567	408.76408	692.76629	385.01488
O1_2_4_Bullocky_20220803	7	0	785.24387	458.11583	831.05678	450.43464
O1_2_4_Bullocky_20220803	7	1	903.45069	443.76939	957.29707	450.43464
O1_2_4_Bullocky_20220803	8	0	763.36163	498.86079	823.26420	493.59936
O1_2_4_Bullocky_20220803	8	1	894.19247	498.86079	950.07830	505.65037
O1_2_4_Bullocky_20220803	9	0	313.87926	432.54835	580.14106	385.13921
O1_2_4_Bullocky_20220803	9	1	482.58219	433.12221	712.69337	398.91180
O2_1_1_Patch_20220822	0	0	1525.20710	436.13158	1558.00000	440.31579
O2_1_1_Patch_20220822	0	1	1700.59172	449.63158	1717.76331	450.26316
O2_1_1_Patch_20220822	1	0	463.61538	87.39474	506.97041	68.21053
O2_1_1_Patch_20220822	1	1	888.07692	398.13158	878.10059	399.84211
O2_1_1_Patch_20220822	2	0	466.69231	500.84211	365.82840	509.13158
O2_1_1_Patch_20220822	2	1	594.50296	559.81579	513.52071	570.94737
O2_1_1_Patch_20220822	3	0	329.62130	303.84211	326.14793	297.84211
O2_1_1_Patch_20220822	3	1	524.17751	394.78947	551.23669	398.02632
O2_1_1_Patch_20220822	4	0	559.82249	284.71053	725.65089	288.28947
O2_1_1_Patch_20220822	4	1	672.01183	379.92105	887.54438	387.76316
O2_1_2_Patch_20220822	0	0	1389.34320	390.78947	1449.78698	382.15789
O2_1_2_Patch_20220822	0	1	1224.60947	379.42105	1283.63314	370.78947
O2_1_2_Patch_20220822	1	0	440.23669	312.05263	472.89941	286.36842
O2_1_2_Patch_20220822	1	1	240.00000	346.15789	257.04142	321.89474
O2_1_3_Patch_20220822	0	0	1088.06296	828.13433	1039.81322	834.17910
O2_1_3_Patch_20220822	0	1	1231.10598	777.76119	1213.07660	790.85821
O2_2_1_Patch_20220819	0	0	712.70414	457.97368	752.11243	465.26316
O2_2_1_Patch_20220819	0	1	885.24852	404.68421	915.42604	406.28947
O2_2_1_Patch_20220819	1	0	1039.51479	461.52632	1040.41420	462.34211
O2_2_1_Patch_20220819	1	1	1163.06509	416.05263	1167.51479	418.28947
O2_2_1_Patch_20220819	2	0	1035.24260	808.86842	976.95266	810.28947
O2_2_1_Patch_20220819	2	1	1166.60355	749.89474	1093.40237	742.78947
O2_2_2_Patch_20220819	0	0	153.37278	315.47368	211.59763	294.15789
O2_2_2_Patch_20220819	0	1	366.39053	204.63158	433.13609	171.94737
O2_2_3_Patch_20220819	0	0	593.38462	154.71053	1065.62130	147.52632
O2_2_3_Patch_20220819	0	1	893.81065	377.94737	1305.56805	376.42105
O2_2_3_Patch_20220819	1	0	481.44379	917.28947	614.92308	940.73684
O2_2_3_Patch_20220819	1	1	636.94675	1006.81579	751.96450	1026.00000
O2_2_3_Patch_20220819	2	0	204.21893	407.21053	453.46746	400.65789
O2_2_3_Patch_20220819	2	1	457.71006	496.02632	704.82840	498.00000
O2_2_4_Patch_20220819	0	0	1314.51479	597.52632	1518.62722	595.71053
O2_2_4_Patch_20220819	0	1	1479.24852	469.63158	1708.21302	477.76316
O2_2_4_Patch_20220819	1	0	100.56805	99.39474	226.94083	58.26316
O2_2_4_Patch_20220819	1	1	297.25444	166.18421	417.94675	150.63158
O2_2_4_Patch_20220819	2	0	1539.18343	127.18421	1510.59172	149.21053
O2_2_4_Patch_20220819	2	1	1754.33136	102.31579	1710.11834	127.18421
O2_2_4_Patch_20220819	3	0	709.43195	71.76316	771.59172	56.84211
O2_2_4_Patch_20220819	3	1	871.32544	160.57895	938.45562	155.60526
O2_2_4_Patch_20220819	4	0	1244.46154	218.63158	1306.18935	225.18421
O2_2_4_Patch_20220819	4	1	1429.07692	133.36842	1487.96450	152.71053
O4_1_1_BroomsHead_20221121	0	0	315.53385	303.56079	451.12003	303.52109
O4_1_1_BroomsHead_20221121	0	1	481.00488	343.75931	579.74529	349.07940
O4_1_1_BroomsHead_20221121	1	0	336.97139	269.04218	433.15701	266.22333
O4_1_1_BroomsHead_20221121	1	1	456.21773	384.94789	542.35450	389.49876
O4_1_1_BroomsHead_20221121	2	0	321.56315	267.99007	348.36008	253.25062
O4_1_1_BroomsHead_20221121	2	1	569.43475	340.34739	628.38800	329.62779
O4_1_1_BroomsHead_20221121	3	0	1319.07886	360.43176	1444.35450	371.71216
O4_1_1_BroomsHead_20221121	3	1	1537.47383	457.57816	1686.19679	460.81886
O4_1_2_BroomsHead_20221121	0	0	1095.16490	489.92105	1141.23442	511.69549
O4_1_2_BroomsHead_20221121	0	1	1298.63214	568.07895	1349.55544	586.30075
O4_1_2_BroomsHead_20221121	1	0	142.79493	565.54887	539.16790	593.64286
O4_1_2_BroomsHead_20221121	1	1	419.32770	589.40226	756.10560	615.97368
O4_1_2_BroomsHead_20221121	2	0	669.16702	329.95113	715.34636	340.93609
O4_1_2_BroomsHead_20221121	2	1	812.25370	385.77820	843.58289	405.89850
O4_1_2_BroomsHead_20221121	3	0	81.18393	520.93985	179.90813	543.80827
O4_1_2_BroomsHead_20221121	3	1	257.25159	462.06767	341.09081	480.36842
O4_1_3_BroomsHead_20221121	0	0	1253.92308	558.55263	1387.52071	581.02632
O4_1_3_BroomsHead_20221121	0	1	1405.16568	562.10526	1550.83432	592.39474
O4_1_3_BroomsHead_20221121	1	0	165.44379	384.02632	655.34320	318.97368
O4_1_3_BroomsHead_20221121	1	1	642.69822	217.44737	1170.15976	195.47368
O4_1_4_BroomsHead_20221121	0	0	1175.04536	428.78412	1477.85066	446.20347
O4_1_4_BroomsHead_20221121	0	1	1389.42080	573.49876	1669.44871	578.85856
O4_1_4_BroomsHead_20221121	1	0	289.71738	550.49876	412.10816	569.93052
O4_1_4_BroomsHead_20221121	1	1	562.37613	525.03970	682.08723	533.75186
O4_2_1_BroomsHead_20221121	0	0	934.60487	407.59777	1172.68264	419.17318
O4_2_1_BroomsHead_20221121	0	1	1138.97251	317.84916	1400.42812	336.96648
O4_2_2_BroomsHead_20221121	0	0	1255.29810	346.11278	1469.27666	384.12406
O4_2_2_BroomsHead_20221121	0	1	1524.21987	502.42857	1715.61246	533.84211
S1_1_1_Northern_20220901	0	0	1058.98216	485.26866	1083.85729	483.29851
S1_1_1_Northern_20220901	0	1	1226.20147	619.26119	1251.07660	614.26866
S1_1_1_Northern_20220901	1	0	777.67051	310.29851	920.71354	310.29851
S1_1_1_Northern_20220901	1	1	836.09654	525.89552	975.11018	531.94030
S1_1_1_Northern_20220901	2	0	727.30325	370.74627	868.33158	368.73134
S1_1_1_Northern_20220901	2	1	852.21406	550.07463	975.11018	564.17910
S1_1_1_Northern_20220901	3	0	370.70304	56.41791	344.51207	36.26866
S1_1_1_Northern_20220901	3	1	592.31899	344.55224	594.33368	348.58209
S1_1_1_Northern_20220901	4	0	1243.58552	536.63433	1249.31375	532.69403
S1_1_1_Northern_20220901	4	1	1517.58342	622.26866	1504.17209	609.26119
S1_1_1_Northern_20220901	5	0	1160.46170	294.17910	1440.50367	302.23881
S1_1_1_Northern_20220901	5	1	1408.26863	491.64179	1617.79643	487.61194
S1_1_1_Northern_20220901	6	0	534.71773	192.00746	637.13536	184.27612
S1_1_1_Northern_20220901	6	1	668.69465	341.11194	746.93599	351.51493
S1_1_1_Northern_20220901	7	0	885.77650	430.50746	1050.83526	442.68657
S1_1_1_Northern_20220901	7	1	1056.01784	568.52985	1234.17209	574.66418
S1_1_1_Northern_20220901	8	0	1132.25603	556.11940	1396.18048	556.11940
S1_1_1_Northern_20220901	8	1	1432.44491	773.73134	1696.36936	747.53731
S1_1_2_Northern_20220901	0	0	976.72189	482.78947	1051.62722	470.15789
S1_1_2_Northern_20220901	0	1	840.39053	398.94737	923.81657	387.73684
S1_1_2_Northern_20220901	1	0	1404.38462	654.47368	1388.20118	629.15789
S1_1_2_Northern_20220901	1	1	1251.01183	552.15789	1241.92899	536.78947
S1_1_2_Northern_20220901	2	0	1827.69231	654.42105	1722.60355	616.47368
S1_1_2_Northern_20220901	2	1	1671.47929	626.00000	1591.95266	589.47368
S1_1_3_Northern_20220901	0	0	376.72298	237.22761	388.76705	231.71642
S1_1_3_Northern_20220901	0	1	490.04932	307.24627	509.14481	314.83209
S1_1_3_Northern_20220901	1	0	331.05456	379.27985	491.01784	389.47015
S1_1_3_Northern_20220901	1	1	566.77335	445.26866	685.43547	470.57090
S1_1_3_Northern_20220901	2	0	343.09444	312.04104	290.20881	313.16791
S1_1_3_Northern_20220901	2	1	529.95698	380.04478	493.69255	392.75746
S1_1_3_Northern_20220901	3	0	834.02099	464.13806	911.52466	488.76119
S1_1_3_Northern_20220901	3	1	1027.93494	552.29104	1099.89822	574.89925
S1_1_3_Northern_20220901	4	0	508.17104	414.51119	527.01364	436.61567
S1_1_3_Northern_20220901	4	1	695.03358	395.36940	722.43861	416.46642
S1_1_4_Northern_20220901	0	0	957.42379	497.59405	926.56545	503.53135
S1_1_4_Northern_20220901	0	1	883.97490	519.97450	849.09982	520.17322
S1_1_4_Northern_20220901	1	0	813.95039	645.50903	770.89719	640.58236
S1_1_4_Northern_20220901	1	1	695.16975	668.46334	650.39510	658.94580
S1_1_4_Northern_20220901	2	0	917.71787	920.46759	1534.96712	906.69501
S1_1_4_Northern_20220901	2	1	1070.35386	941.12646	1736.95158	927.92774
S1_1_4_Northern_20220901	3	0	445.85774	295.90117	616.59295	248.48034
S1_1_4_Northern_20220901	3	1	624.88942	248.84485	780.13150	220.36132
S1_1_4_Northern_20220901	4	0	68.28452	632.08820	386.85176	572.68438
S1_1_4_Northern_20220901	4	1	335.68440	624.05420	612.93664	589.32625
S1_1_4_Northern_20220901	5	0	12.62403	495.70244	346.58697	423.07651
S1_1_4_Northern_20220901	5	1	213.46085	506.60574	519.88045	449.47396
S1_1_4_Northern_20220901	6	0	600.21518	611.04251	731.79677	594.49628
S1_1_4_Northern_20220901	6	1	457.33413	586.36663	578.01315	559.49097
S1_1_4_Northern_20220901	7	0	327.07711	437.11583	507.36163	386.96281
S1_1_4_Northern_20220901	7	1	494.05858	398.09352	698.44351	360.56536
S1_1_4_Northern_20220901	8	0	956.81829	492.58236	992.74059	496.04251
S1_1_4_Northern_20220901	8	1	1079.61566	496.59936	1110.94740	509.24123
S1_1_4_Northern_20220901	9	0	308.71488	378.76408	512.99462	319.51435
S1_1_4_Northern_20220901	9	1	89.51584	381.63337	286.90974	300.00319
S1_1_4_Northern_20220901	10	0	1108.08129	248.48034	1212.40705	273.73007
S1_1_4_Northern_20220901	10	1	836.66467	226.09989	940.99044	224.37832
S1_2_1_Northern_20221111	0	0	602.69016	888.38710	772.05932	917.19603
S1_2_1_Northern_20221111	0	1	903.48569	962.08437	1058.11654	974.81390
S1_2_1_Northern_20221111	1	0	755.75645	298.13896	1006.83252	306.49876
S1_2_1_Northern_20221111	1	1	1006.30775	267.32010	1231.92673	277.01985
S1_2_1_Northern_20221111	2	0	378.65108	931.26551	401.95394	986.20347
S1_2_1_Northern_20221111	2	1	597.71598	925.23573	628.38800	958.73449
S1_2_1_Northern_20221111	3	0	1507.99721	397.19851	1672.12840	405.12903
S1_2_1_Northern_20221111	3	1	1723.71249	310.10174	1885.16399	322.05211
S1_2_3_Northern_20221111	0	0	258.15011	119.77444	344.52376	102.51880
S1_2_3_Northern_20221111	0	1	442.84355	154.79323	520.40549	150.73308
S1_2_3_Northern_20221111	1	0	1014.30655	88.30827	1082.81521	117.23684
S1_2_3_Northern_20221111	1	1	1416.16702	83.74060	1452.40444	138.54511
S1_2_3_Northern_20221111	2	0	1210.54545	105.56391	1263.26505	144.13534
S1_2_3_Northern_20221111	2	1	1382.04651	82.21805	1423.94087	132.46241
S1_2_3_Northern_20221111	3	0	1439.51586	205.00000	1471.63358	252.64286
S1_2_3_Northern_20221111	3	1	1629.28330	204.49248	1661.20063	261.27068
S1_2_3_Northern_20221111	4	0	1621.64905	250.13534	1678.22598	298.77820
S1_2_3_Northern_20221111	4	1	1854.03805	234.90977	1897.19113	292.18045
S1_2_3_Northern_20221111	5	0	1297.41649	296.43985	1410.09820	331.25940
S1_2_3_Northern_20221111	5	1	1500.37632	161.43985	1625.00845	211.99248
S1_2_3_Northern_20221111	6	0	1012.66808	345.49624	1159.33052	370.06391
S1_2_3_Northern_20221111	6	1	1223.23890	291.69925	1401.61140	317.28195
S1_2_3_Northern_20221111	7	0	990.01691	363.74812	1110.66103	388.01880
S1_2_3_Northern_20221111	7	1	1284.81607	315.02632	1368.14784	347.41729
S1_2_4_Northern_20221111	0	0	1516.59408	732.74812	1501.51003	757.15038
S1_2_4_Northern_20221111	0	1	1746.44609	694.68421	1698.17318	725.17669
S1_2_4_Northern_20221111	1	0	591.93446	577.72180	1029.71595	552.49624
S1_2_4_Northern_20221111	1	1	879.63002	465.05263	1317.10771	465.71053
S1_2_4_Northern_20221111	2	0	1400.50529	375.24060	1449.83844	421.81955
S1_2_4_Northern_20221111	2	1	1610.56871	348.34211	1659.68004	415.22180
S1_2_4_Northern_20221111	3	0	868.19873	635.14286	937.19219	637.32331
S1_2_4_Northern_20221111	3	1	1222.87104	493.03759	1308.72334	516.02632
S3_1_1_Butterfly_20221017	0	0	1236.42734	140.97207	1151.82168	145.81006
S3_1_1_Butterfly_20221017	0	1	1450.34721	55.74860	1360.46269	70.64246
S3_1_1_Butterfly_20221017	1	0	542.14454	652.31285	766.58680	676.87709
S3_1_1_Butterfly_20221017	1	1	720.11783	705.10615	945.31422	719.86592
S3_1_1_Butterfly_20221017	2	0	1360.28201	513.93296	1374.95365	510.73184
S3_1_1_Butterfly_20221017	2	1	1528.45169	527.00559	1533.57109	517.77095
S3_1_1_Butterfly_20221017	3	0	1226.79026	618.70391	1522.03849	621.69274
S3_1_1_Butterfly_20221017	3	1	1464.57895	647.72067	1829.97251	639.79330
S3_1_1_Butterfly_20221017	4	0	1551.08798	583.60335	1650.68578	572.59218
S3_1_1_Butterfly_20221017	4	1	1784.61508	552.68156	1900.14140	541.72067
S3_1_1_Butterfly_20221017	5	0	1471.09112	478.56983	1548.81618	476.03911
S3_1_1_Butterfly_20221017	5	1	1656.35428	473.54190	1717.73998	472.77095
S3_1_1_Butterfly_20221017	6	0	836.15397	50.27933	1055.42341	55.05587
S3_1_1_Butterfly_20221017	6	1	1133.68892	103.08939	1336.71877	122.01676
S3_1_1_Butterfly_20221017	7	0	583.32443	110.24581	657.42341	96.12291
S3_1_1_Butterfly_20221017	7	1	760.79497	171.08380	844.19482	166.76536
S3_1_1_Butterfly_20221017	8	0	1348.66929	294.68156	1310.15947	294.23464
S3_1_1_Butterfly_20221017	8	1	1596.33307	282.21229	1545.94894	289.96089
S3_1_1_Butterfly_20221017	9	0	1408.34093	503.32402	1469.31893	505.88827
S3_1_1_Butterfly_20221017	9	1	1562.93637	482.96089	1630.95287	479.24022
S3_1_2_Butterfly_20221017	0	0	914.39645	879.63158	881.81657	873.94737
S3_1_2_Butterfly_20221017	0	1	1030.84615	871.10526	992.58580	856.89474
S3_1_2_Butterfly_20221017	1	0	385.91124	455.42105	391.07101	458.05263
S3_1_2_Butterfly_20221017	1	1	556.32544	495.21053	578.52663	489.31579
S3_1_2_Butterfly_20221017	2	0	1333.49112	285.36842	1391.71598	285.52632
S3_1_2_Butterfly_20221017	2	1	1564.97041	239.89474	1599.05325	247.15789
S3_1_2_Butterfly_20221017	3	0	920.20710	908.05263	1047.68047	900.94737
S3_1_2_Butterfly_20221017	3	1	761.15385	859.73684	833.24260	861.15789
S3_1_2_Butterfly_20221017	4	0	1229.02959	462.47368	1337.11243	455.63158
S3_1_2_Butterfly_20221017	4	1	1432.10651	408.47368	1528.82840	405.89474
S3_1_2_Butterfly_20221017	5	0	1027.39645	846.94737	991.19527	837.00000
S3_1_2_Butterfly_20221017	5	1	1150.94675	871.10526	1119.00592	845.52632
S3_1_2_Butterfly_20221017	6	0	1687.10059	319.73684	1772.30769	333.57895
S3_1_2_Butterfly_20221017	6	1	1512.42604	406.42105	1586.27219	404.63158
S3_1_2_Butterfly_20221017	7	0	1587.69231	677.73684	1525.20710	641.57895
S3_1_2_Butterfly_20221017	7	1	1459.88166	673.47368	1407.33728	643.00000
S3_1_2_Butterfly_20221017	8	0	349.80473	653.10526	380.10651	664.26316
S3_1_2_Butterfly_20221017	8	1	611.10651	680.10526	652.76923	685.57895
S3_1_2_Butterfly_20221017	9	0	333.72781	571.10526	445.91716	579.68421
S3_1_2_Butterfly_20221017	9	1	140.59172	492.94737	240.00000	498.68421
S3_1_3_Butterfly_20221017	0	0	1108.10913	720.33582	1627.36621	734.09328
S3_1_3_Butterfly_20221017	0	1	1301.51941	558.13433	1792.06716	569.37313
S3_1_3_Butterfly_20221017	1	0	940.60231	646.81716	1028.66107	672.54851
S3_1_3_Butterfly_20221017	1	1	1169.77335	611.55597	1245.24029	628.72388
S3_1_3_Butterfly_20221017	2	0	84.11333	620.79851	392.73872	656.36194
S3_1_3_Butterfly_20221017	2	1	376.74711	649.00746	677.31375	679.02985
S3_1_3_Butterfly_20221017	3	0	111.81532	597.33209	91.16474	632.82836
S3_1_3_Butterfly_20221017	3	1	327.38720	629.57090	325.87618	664.56343
S3_1_3_Butterfly_20221017	4	0	264.62749	694.85075	369.89297	737.45896
S3_1_3_Butterfly_20221017	4	1	445.44596	694.85075	563.30325	731.41418
S3_1_4_Butterfly_20221017	0	0	470.24736	700.62782	553.72756	677.56767
S3_1_4_Butterfly_20221017	0	1	771.64271	714.83835	868.48997	708.01880
S3_1_4_Butterfly_20221017	1	0	495.27484	635.40977	456.57973	612.60150
S3_1_4_Butterfly_20221017	1	1	660.17970	522.74060	635.50264	504.50000
S3_1_4_Butterfly_20221017	2	0	542.85412	713.43609	523.45407	700.09023
S3_1_4_Butterfly_20221017	2	1	795.03171	692.62782	773.84477	689.43233
S3_1_4_Butterfly_20221017	3	0	14.71459	708.12030	245.72967	655.83459
S3_1_4_Butterfly_20221017	3	1	263.84778	652.80075	422.11827	616.24812
S3_1_4_Butterfly_20221017	4	0	59.87315	580.53759	93.26188	520.49248
S3_1_4_Butterfly_20221017	4	1	280.08457	585.61278	304.11721	537.24060
S3_1_4_Butterfly_20221017	5	0	1643.97463	496.45113	1553.86800	550.50376
S3_1_4_Butterfly_20221017	5	1	1836.78647	478.18045	1714.03696	543.39850
S3_1_4_Butterfly_20221017	6	0	1652.60042	333.67293	1642.74551	404.28571
S3_1_4_Butterfly_20221017	6	1	1855.56025	290.53383	1855.62830	382.46241
S3_2_1_Butterfly_20220818	0	0	322.46897	403.01676	464.12962	427.59777
S3_2_1_Butterfly_20220818	0	1	702.54203	355.10056	823.71092	366.69274
S3_2_1_Butterfly_20220818	1	0	997.56088	397.29050	1384.56874	414.60335
S3_2_1_Butterfly_20220818	1	1	1353.16968	340.56983	1739.86332	360.35754
S3_2_1_Butterfly_20220818	2	0	660.59937	295.21788	738.24745	304.22346
S3_2_1_Butterfly_20220818	2	1	804.88845	407.34078	894.60251	415.84358
S3_2_1_Butterfly_20220818	3	0	160.22310	573.46927	238.83032	597.75419
S3_2_1_Butterfly_20220818	3	1	329.39827	636.82123	436.48154	674.36872
S3_2_1_Butterfly_20220818	4	0	154.83268	458.45251	278.10448	480.02235
S3_2_1_Butterfly_20220818	4	1	349.89945	487.61453	478.70149	505.16201
S3_2_1_Butterfly_20220818	5	0	900.92066	587.97207	1055.27651	597.47486
S3_2_1_Butterfly_20220818	5	1	1013.97879	437.18436	1172.66850	450.40782
S3_2_2_Butterfly_20220818	0	0	1549.34911	660.63158	1579.17160	629.05263
S3_2_2_Butterfly_20220818	0	1	1782.24852	721.73684	1785.08876	677.36842
S3_2_2_Butterfly_20220818	1	0	112.18935	230.78947	363.55030	210.31579
S3_2_2_Butterfly_20220818	1	1	653.25444	313.21053	920.23669	304.10526
S3_2_3_Butterfly_20220818	0	0	360.15215	87.64925	582.21091	75.55970
S3_2_3_Butterfly_20220818	0	1	641.20147	190.41045	815.91501	191.41791
S3_2_3_Butterfly_20220818	1	0	776.77650	160.18657	908.73977	174.29104
S3_2_3_Butterfly_20220818	1	1	910.75341	231.71642	1064.87828	254.88806
S3_2_3_Butterfly_20220818	2	0	415.62959	76.56716	478.39454	63.47015
S3_2_3_Butterfly_20220818	2	1	639.26023	53.39552	726.20147	50.37313
S3_2_3_Butterfly_20220818	3	0	16.11752	290.00000	542.96852	288.10448
S3_2_3_Butterfly_20220818	3	1	524.82686	224.51493	963.03148	241.76119
S3_2_4_Butterfly_20220818	0	0	472.44491	165.22388	919.26023	109.81343
S3_2_4_Butterfly_20220818	0	1	248.81427	377.79851	663.39454	312.31343
S3_2_4_Butterfly_20220818	1	0	219.60126	398.56716	249.82162	321.29104
S3_2_4_Butterfly_20220818	1	1	70.51417	538.60448	66.48478	465.35821
S3_2_4_Butterfly_20220818	2	0	551.92970	257.56716	748.18678	212.57463
S3_2_4_Butterfly_20220818	2	1	393.77650	382.49254	582.98216	327.42537
S4_1_1_40Acres_20220802	0	0	1637.96232	329.30025	1629.25331	335.27047
S4_1_1_40Acres_20220802	0	1	1322.42847	251.58313	1354.58479	258.89330
S4_1_1_40Acres_20220802	1	0	972.26867	416.66005	1009.78227	418.55335
S4_1_1_40Acres_20220802	1	1	715.01814	456.18859	784.68807	463.44169
S4_1_1_40Acres_20220802	2	0	541.94627	443.92060	545.98744	449.08685
S4_1_1_40Acres_20220802	2	1	357.71738	334.71464	331.61200	327.15136
S4_1_1_40Acres_20220802	3	0	332.28193	208.36228	343.67062	192.28288
S4_1_1_40Acres_20220802	3	1	111.20726	125.95533	73.69156	77.71712
S4_1_1_40Acres_20220802	4	0	562.71389	258.61042	508.62596	249.90074
S4_1_1_40Acres_20220802	4	1	322.21144	280.71960	247.35590	270.00000
S4_1_1_40Acres_20220802	5	0	952.71179	517.57072	1289.17725	530.20099
S4_1_1_40Acres_20220802	5	1	658.61549	537.66998	1007.80949	552.98015
S4_1_1_40Acres_20220802	6	0	677.51291	456.22829	724.86253	456.71960
S4_1_1_40Acres_20220802	6	1	498.64341	421.38958	531.92463	423.89082
S4_1_1_40Acres_20220802	7	0	780.09072	457.40199	906.11793	458.64516
S4_1_1_40Acres_20220802	7	1	869.19051	632.93548	1003.92673	640.20844
S4_1_1_40Acres_20220802	8	0	690.36427	325.93052	735.57572	328.28784
S4_1_1_40Acres_20220802	8	1	316.54710	108.18859	381.85625	89.77667
S4_1_1_40Acres_20220802	9	0	1523.56176	364.51365	1601.78646	372.12407
S4_1_1_40Acres_20220802	9	1	1238.84438	450.27047	1285.58269	449.17122
S4_1_1_40Acres_20220802	10	0	1179.94627	560.27047	1354.00488	539.83127
S4_1_1_40Acres_20220802	10	1	926.71528	676.17618	1099.43405	680.52605
S4_1_2_40Acres_20220802	0	0	977.04142	446.21053	1207.10059	443.36842
S4_1_2_40Acres_20220802	0	1	602.13018	113.68421	951.47929	99.47368
S4_1_2_40Acres_20220802	1	0	558.10651	230.21053	842.68639	217.42105
S4_1_2_40Acres_20220802	1	1	288.28402	125.05263	599.84615	102.31579
S4_1_2_40Acres_20220802	2	0	780.78698	266.36842	1101.38462	265.57895
S4_1_2_40Acres_20220802	2	1	1008.00592	542.05263	1297.36095	535.57895
S4_1_2_40Acres_20220802	3	0	1241.04142	525.05263	1255.38462	511.57895
S4_1_2_40Acres_20220802	3	1	1074.88757	471.05263	1110.53254	463.26316
S4_1_2_40Acres_20220802	4	0	1332.98225	555.21053	1346.98225	532.84211
S4_1_2_40Acres_20220802	4	1	1259.13609	417.36842	1291.59763	403.52632
S4_1_2_40Acres_20220802	5	0	1079.17160	469.68421	1428.63905	460.42105
S4_1_2_40Acres_20220802	5	1	1421.42012	573.42105	1777.98817	557.05263
S4_1_2_40Acres_20220802	6	0	595.95266	130.73684	690.92899	103.73684
S4_1_2_40Acres_20220802	6	1	730.86391	244.42105	808.79882	228.78947
S4_1_2_40Acres_20220802	7	0	1241.87574	761.42105	1577.75148	741.78947
S4_1_2_40Acres_20220802	7	1	906.72781	613.63158	1228.40237	608.21053
S4_1_2_40Acres_20220802	8	0	1113.13018	407.36842	1122.43195	394.42105
S4_1_2_40Acres_20220802	8	1	946.97633	323.52632	961.95858	310.57895
S4_1_2_40Acres_20220802	9	0	857.04734	470.36842	1104.08284	458.63158
S4_1_2_40Acres_20220802	9	1	611.36686	407.84211	878.28402	400.36842
S4_1_2_40Acres_20220802	10	0	1820.59172	557.05263	1789.34911	531.47368
S4_1_2_40Acres_20220802	10	1	1255.38462	434.84211	1167.33728	420.63158
S4_1_2_40Acres_20220802	11	0	252.78107	59.68421	721.42012	42.63158
S4_1_2_40Acres_20220802	11	1	619.17160	201.78947	1059.40828	190.42105
S4_1_3_40Acres_20220802	0	0	1156.27436	950.88204	1630.79498	956.62062
S4_1_3_40Acres_20220802	0	1	921.00837	929.07545	1437.99163	934.81403
S4_1_3_40Acres_20220802	1	0	81.48237	757.53135	209.44411	813.15622
S4_1_3_40Acres_20220802	1	1	295.51704	753.51435	421.75732	805.12221
S4_1_3_40Acres_20220802	2	0	808.68559	64.84591	791.62941	81.48778
S4_1_3_40Acres_20220802	2	1	594.07711	185.35600	532.26300	188.22529
S4_1_3_40Acres_20220802	3	0	844.27794	501.84910	858.19426	528.10414
S4_1_3_40Acres_20220802	3	1	1247.09922	445.61105	1235.19366	472.43996
S4_1_3_40Acres_20220802	4	0	929.47101	584.38789	1024.15123	612.47290
S4_1_3_40Acres_20220802	4	1	1161.86790	382.96387	1237.03825	419.65675
S4_1_3_40Acres_20220802	5	0	925.55768	646.71732	921.86850	668.58130
S4_1_3_40Acres_20220802	5	1	1084.50568	622.04145	1083.11178	643.33156
S4_1_3_40Acres_20220802	6	0	823.13210	600.84378	1072.11058	630.17960
S4_1_3_40Acres_20220802	6	1	1075.61267	454.51010	1334.91990	478.68119
S4_1_3_40Acres_20220802	7	0	377.27794	646.51966	428.44112	687.49203
S4_1_3_40Acres_20220802	7	1	612.54393	658.57067	641.90197	698.96918
S4_1_3_40Acres_20220802	8	0	18.93604	731.66844	231.82307	787.90648
S4_1_3_40Acres_20220802	8	1	401.09982	740.85016	588.73879	775.28162
S4_1_3_40Acres_20220802	9	0	1228.55469	356.11052	1406.43156	390.84910
S4_1_3_40Acres_20220802	9	1	1012.22475	338.32094	1190.10161	365.02550
S4_1_3_40Acres_20220802	10	0	1193.26121	633.38895	1279.09683	654.50797
S4_1_3_40Acres_20220802	10	1	1547.88165	549.60574	1619.37179	568.42933
S4_1_3_40Acres_20220802	11	0	1436.27017	639.46227	1481.60191	659.54198
S4_1_3_40Acres_20220802	11	1	1685.30783	632.00213	1711.70353	637.73539
S4_1_3_40Acres_20220802	12	0	458.65690	723.06057	715.27197	752.42827
S4_1_3_40Acres_20220802	12	1	756.46922	686.90755	1018.82247	712.25824
S4_1_3_40Acres_20220802	13	0	1265.83503	567.04782	1415.03885	593.04145
S4_1_3_40Acres_20220802	13	1	1485.60789	400.62912	1633.66408	433.50903
S4_1_3_40Acres_20220802	14	0	510.29169	719.83741	767.50329	758.10414
S4_1_3_40Acres_20220802	14	1	793.18470	660.73007	1029.16497	684.07651
S4_1_3_40Acres_20220802	15	0	964.26718	579.96281	1108.23072	605.05951
S4_1_3_40Acres_20220802	15	1	1228.79797	493.31031	1339.47998	517.83316
S4_1_4_40Acres_20220802	0	0	1506.27615	385.09989	1680.71727	440.31562
S4_1_4_40Acres_20220802	0	1	1666.37179	503.88842	1873.52062	553.93943
S4_1_4_40Acres_20220802	1	0	967.42857	334.63337	1379.46204	348.35494
S4_1_4_40Acres_20220802	1	1	1166.54393	281.83847	1622.76151	321.38363
S4_1_4_40Acres_20220802	2	0	1414.43395	169.93624	1483.89719	237.02657
S4_1_4_40Acres_20220802	2	1	1292.78422	138.37407	1367.98565	196.28268
S4_1_4_40Acres_20220802	3	0	1120.32935	369.07651	1431.77227	397.16153
S4_1_4_40Acres_20220802	3	1	793.82606	316.85547	1088.05439	314.52604
S4_1_4_40Acres_20220802	4	0	854.92170	113.62380	1239.09085	115.34538
S4_1_4_40Acres_20220802	4	1	1112.56665	194.53773	1470.34011	231.26461
S4_1_4_40Acres_20220802	5	0	855.31560	502.74601	999.39331	510.12115
S4_1_4_40Acres_20220802	5	1	553.48655	334.60574	706.17155	308.12327
S4_1_4_40Acres_20220802	6	0	1148.88225	433.85547	1285.95218	453.85547
S4_1_4_40Acres_20220802	6	1	1354.88344	452.79277	1471.29588	490.58236
S4_1_4_40Acres_20220802	7	0	753.10281	484.41764	937.60072	469.03188
S4_1_4_40Acres_20220802	7	1	1046.89839	570.49628	1287.05678	588.39426
S4_1_4_40Acres_20220802	8	0	802.62463	388.64400	949.79677	388.16153
S4_1_4_40Acres_20220802	8	1	460.62821	214.19129	610.66946	163.78321
S4_1_4_40Acres_20220802	9	0	791.88225	399.97450	1024.53078	394.11690
S4_1_4_40Acres_20220802	9	1	1111.49970	430.38895	1322.34310	456.09352
S4_1_4_40Acres_20220802	10	0	956.00418	289.22423	1090.33891	302.42295
S4_1_4_40Acres_20220802	10	1	1227.42080	95.26036	1382.98685	148.62912
S4_1_4_40Acres_20220802	11	0	1547.56067	157.81084	1583.16796	250.20191
S4_1_4_40Acres_20220802	11	1	1241.71488	61.40276	1300.84877	115.91923
S4_1_4_40Acres_20220802	12	0	1436.84399	136.57811	1524.06455	207.16259
S4_1_4_40Acres_20220802	12	1	1818.43395	71.15834	1907.94979	191.66844
S4_2_1_40Acres_20220803	0	0	1294.29170	56.27792	1389.42080	69.67742
S4_2_1_40Acres_20220803	0	1	1641.31193	164.81390	1783.33566	192.95285
S4_2_1_40Acres_20220803	1	0	937.89253	339.00744	1405.49895	349.72705
S4_2_1_40Acres_20220803	1	1	1260.79553	403.32506	1775.29658	416.72457
S4_2_1_40Acres_20220803	2	0	1028.59246	105.85608	1444.35450	136.00496
S4_2_1_40Acres_20220803	2	1	1331.39777	169.50372	1746.48988	204.34243
S4_2_1_40Acres_20220803	3	0	867.52408	262.63027	1330.46755	267.26055
S4_2_1_40Acres_20220803	3	1	1181.71807	254.59057	1650.02094	282.66998
S4_2_1_40Acres_20220803	4	0	958.88346	162.80397	1446.36427	190.27295
S4_2_1_40Acres_20220803	4	1	1274.41731	318.23821	1760.55827	327.61787
S4_2_1_40Acres_20220803	5	0	936.38939	180.22333	1263.26448	205.68238
S4_2_1_40Acres_20220803	5	1	1226.46615	138.01489	1513.14585	164.81390
S4_2_1_40Acres_20220803	6	0	1143.12561	257.94045	1491.24913	275.35980
S4_2_1_40Acres_20220803	6	1	1442.58130	210.37221	1788.02512	231.81141
S4_2_1_40Acres_20220803	7	0	739.59525	156.77419	1309.03001	172.85360
S4_2_1_40Acres_20220803	7	1	1108.05304	284.06948	1713.66364	313.54839
S4_2_1_40Acres_20220803	8	0	1028.54571	167.49380	1445.69435	188.93300
S4_2_1_40Acres_20220803	8	1	1273.06769	108.53598	1704.95464	144.04467
S4_2_1_40Acres_20220803	9	0	1249.50663	235.83127	1477.18074	250.57072
S4_2_1_40Acres_20220803	9	1	1483.30984	182.90323	1667.43894	211.71216
S4_2_1_40Acres_20220803	10	0	1225.26239	247.22084	1435.64550	262.63027
S4_2_1_40Acres_20220803	10	1	1516.67900	205.01241	1696.91556	229.80149
S4_2_1_40Acres_20220803	11	0	1317.06909	71.01737	1425.59665	85.75682
S4_2_1_40Acres_20220803	11	1	1685.52687	89.77667	1776.63643	125.95533
S4_2_1_40Acres_20220803	12	0	1181.60433	61.63772	1240.71947	74.36725
S4_2_1_40Acres_20220803	12	1	1367.84299	79.05707	1443.70621	102.50620
S4_2_1_40Acres_20220803	13	0	1113.55338	172.18362	1529.43475	200.32258
S4_2_1_40Acres_20220803	13	1	1438.46615	117.91563	1850.32798	151.41439
S4_2_2_40Acres_20220803	0	0	1118.43787	345.26316	1280.94675	329.68421
S4_2_2_40Acres_20220803	0	1	811.69231	142.05263	937.27811	127.89474
S4_2_2_40Acres_20220803	1	0	897.22485	407.84211	1045.11243	407.78947
S4_2_2_40Acres_20220803	1	1	1142.90533	112.26316	1280.85207	116.47368
S4_2_2_40Acres_20220803	2	0	1635.97633	534.31579	1873.13609	506.63158
S4_2_2_40Acres_20220803	2	1	1320.71006	457.57895	1593.37278	451.21053
S4_2_2_40Acres_20220803	3	0	419.55030	73.89474	628.27811	44.05263
S4_2_2_40Acres_20220803	3	1	842.74556	351.00000	1052.89349	335.36842
S4_2_2_40Acres_20220803	4	0	1540.82840	462.94737	1736.80473	454.36842
S4_2_2_40Acres_20220803	4	1	1306.50888	434.52632	1496.80473	427.36842
S4_2_2_40Acres_20220803	5	0	885.39053	25.57895	1190.68047	52.57895
S4_2_2_40Acres_20220803	5	1	1339.82840	194.68421	1574.11243	200.36842
S4_2_2_40Acres_20220803	6	0	1438.03550	678.52632	1755.26627	655.57895
S4_2_2_40Acres_20220803	6	1	1090.10651	660.05263	1374.67456	642.78947
S4_2_3_40Acres_20220803	0	0	646.51836	89.66418	742.52676	95.70896
S4_2_3_40Acres_20220803	0	1	853.02413	255.89552	922.84155	268.99254
S4_2_3_40Acres_20220803	1	0	869.43757	206.52985	1212.38720	218.61940
S4_2_3_40Acres_20220803	1	1	1125.30325	285.11194	1425.94439	315.33582
S4_2_3_40Acres_20220803	2	0	823.21721	557.25373	972.05561	576.23881
S4_2_3_40Acres_20220803	2	1	995.47324	370.87313	1144.31165	392.88060
S4_2_3_40Acres_20220803	3	0	298.17419	190.41045	503.67261	185.37313
S4_2_3_40Acres_20220803	3	1	524.82686	405.00000	712.19307	419.10448
S4_2_4_40Acres_20220803	0	0	986.48595	181.33900	1471.15421	206.58874
S4_2_4_40Acres_20220803	0	1	592.27197	61.40276	1131.45308	48.20404
S4_2_4_40Acres_20220803	1	0	532.50448	515.36026	994.19546	493.58767
S4_2_4_40Acres_20220803	1	1	209.44411	483.22423	677.44710	421.85547
S4_2_4_40Acres_20220803	2	0	192.22953	559.71838	807.81710	508.86079
S4_2_4_40Acres_20220803	2	1	658.74477	529.87779	1241.05081	512.87779
S4_2_4_40Acres_20220803	3	0	526.29946	580.43996	1293.04662	564.61105
S4_2_4_40Acres_20220803	3	1	917.07053	558.05951	1710.21339	560.59405
