OpCode	Camera	MovieSeqIndex	StartTimeOffset	Format	Filename	Frames	Rate
H1_1_1_Northern_20220901	0	0	0.00000	0	HPZNorth_Cam1_LC_1Sept2022_H1_1_1a.MP4	63212	29.97003
H1_1_1_Northern_20220901	0	0	0.00000	0	HPZNorth_Cam1_LC_1Sept2022_H1_1_1b.MP4	3392	29.97003
H1_1_1_Northern_20220901	1	0	0.00000	0	HPZNorth_Cam1_RC_1Sept2022_H1_1_1a.MP4	63212	29.97003
H1_1_1_Northern_20220901	1	0	0.00000	0	HPZNorth_Cam1_RC_1Sept2022_H1_1_1b.MP4	3032	29.97003
H1_1_2_Northern_20220901	0	0	0.00000	0	HPZNorth_Cam2_LC_1Sept2022_H1_1_2a.MP4	63212	29.97003
H1_1_2_Northern_20220901	0	0	0.00000	0	HPZNorth_Cam2_LC_1Sept2022_H1_1_2b.MP4	6287	29.97003
H1_1_2_Northern_20220901	1	0	0.00000	0	HPZNorth_Cam2_RC_1Sept2022_H1_1_2a.MP4	63212	29.97003
H1_1_2_Northern_20220901	1	0	0.00000	0	HPZNorth_Cam2_RC_1Sept2022_H1_1_2b.MP4	5612	29.97003
H1_1_3_Northern_20220901	0	0	0.00000	0	HPZNorth_Cam3_LC_1Sept2022_H1_1_3a.MP4	63212	29.97003
H1_1_3_Northern_20220901	0	0	0.00000	0	HPZNorth_Cam3_LC_1Sept2022_H1_1_3b.MP4	6782	29.97003
H1_1_3_Northern_20220901	1	0	0.00000	0	HPZNorth_Cam3_RC_1Sept2022_H1_1_3a.MP4	63212	29.97003
H1_1_3_Northern_20220901	1	0	0.00000	0	HPZNorth_Cam3_RC_1Sept2022_H1_1_3b.MP4	6437	29.97003
H1_1_4_Northern_20220901	0	0	0.00000	0	HPZNorth_Cam4_LC_1Sept2022_H1_1_4a.MP4	63210	29.97003
H1_1_4_Northern_20220901	0	0	0.00000	0	HPZNorth_Cam4_LC_1Sept2022_H1_1_4b.MP4	6060	29.97003
H1_1_4_Northern_20220901	1	0	0.00000	0	HPZNorth_Cam4_RC_1Sept2022_H1_1_4a.MP4	63210	29.97003
H1_1_4_Northern_20220901	1	0	0.00000	0	HPZNorth_Cam4_RC_1Sept2022_H1_1_4b.MP4	6135	29.97003
H1_2_1_Northern_20220901	0	0	0.00000	0	HPZNorth_Cam1_LC_1Sept2022_H1_2_1a.MP4	63212	29.97003
H1_2_1_Northern_20220901	0	0	0.00000	0	HPZNorth_Cam1_LC_1Sept2022_H1_2_1b.MP4	21557	29.97003
H1_2_1_Northern_20220901	1	0	0.00000	0	HPZNorth_Cam1_RC_1Sept2022_H1_2_1a.MP4	63212	29.97003
H1_2_1_Northern_20220901	1	0	0.00000	0	HPZNorth_Cam1_RC_1Sept2022_H1_2_1b.MP4	21527	29.97003
H1_2_2_Northern_20220901	0	0	0.00000	0	HPZNorth_Cam2_LC_1Sept2022_H1_2_2a.MP4	63212	29.97003
H1_2_2_Northern_20220901	0	0	0.00000	0	HPZNorth_Cam2_LC_1Sept2022_H1_2_2b.MP4	16232	29.97003
H1_2_2_Northern_20220901	1	0	0.00000	0	HPZNorth_Cam2_RC_1Sept2022_H1_2_2a.MP4	63212	29.97003
H1_2_2_Northern_20220901	1	0	0.00000	0	HPZNorth_Cam2_RC_1Sept2022_H1_2_2b.MP4	15962	29.97003
H1_2_3_Northern_20220901	0	0	0.00000	0	HPZNorth_Cam3_LC_1Sept2022_H1_2_3a.MP4	63212	29.97003
H1_2_3_Northern_20220901	0	0	0.00000	0	HPZNorth_Cam3_LC_1Sept2022_H1_2_3b.MP4	13322	29.97003
H1_2_3_Northern_20220901	1	0	0.00000	0	HPZNorth_Cam3_RC_1Sept2022_H1_2_3a.MP4	63212	29.97003
H1_2_3_Northern_20220901	1	0	0.00000	0	HPZNorth_Cam3_RC_1Sept2022_H1_2_3b.MP4	12932	29.97003
H1_2_4_Northern_20220901	0	0	0.00000	0	HPZNorth_Cam4_LC_1Sept2022_H1_2_4a.MP4	63212	29.97003
H1_2_4_Northern_20220901	0	0	0.00000	0	HPZNorth_Cam4_LC_1Sept2022_H1_2_4b.MP4	1172	29.97003
H1_2_4_Northern_20220901	1	0	0.00000	0	HPZNorth_Cam4_RC_1Sept2022_H1_2_4a.MP4	63212	29.97003
H1_2_4_Northern_20220901	1	0	0.00000	0	HPZNorth_Cam4_RC_1Sept2022_H1_2_4b.MP4	1172	29.97003
H2_1_1_Central_20221017	0	0	0.00000	0	Central-H2_1_1_17October2022_Unit1_LC.MP4	63210	29.97003
H2_1_1_Central_20221017	1	0	0.00000	0	Central-H2_1_1_17October2022_Unit1_RC.MP4	63210	29.97003
H2_1_2_Central_20221017	0	0	0.00000	0	Central_H2_1_2_17October2022_1122a_Unit2_LC.MP4	63210	29.97003
H2_1_2_Central_20221017	0	0	0.00000	0	Central_H2_1_2_17October2022_1122b_Unit2_LC.MP4	6225	29.97003
H2_1_2_Central_20221017	1	0	0.00000	0	Central_H2_1_2_17October2022_1122a_Unit2_RC.MP4	63210	29.97003
H2_1_2_Central_20221017	1	0	0.00000	0	Central_H2_1_2_17October2022_1122b_Unit2_RC.MP4	5745	29.97003
H2_1_3_Central_20221017	0	0	0.00000	0	Central_H2_1_3a_17October2022_Unit3_LC.MP4	63212	29.97003
H2_1_3_Central_20221017	0	0	0.00000	0	Central_H2_1_3b_17October2022_Unit3_LC.MP4	9362	29.97003
H2_1_3_Central_20221017	1	0	0.00000	0	Central_H2_1_3a_17October2022_Unit3_RC.MP4	63212	29.97003
H2_1_3_Central_20221017	1	0	0.00000	0	Central_H2_1_3b_17October2022_Unit3_RC.MP4	8927	29.97003
H2_1_4_Central_20221017	0	0	0.00000	0	Central_H2_1_4a_17October2022_Unit4_LC.MP4	63212	29.97003
H2_1_4_Central_20221017	0	0	0.00000	0	Central_H2_1_4b_17October2022_Unit4_LC.MP4	10262	29.97003
H2_1_4_Central_20221017	1	0	0.00000	0	Central_H2_1_4a_17October2022_Unit4_RC.MP4	63212	29.97003
H2_1_4_Central_20221017	1	0	0.00000	0	Central_H2_1_4b_17October2022_Unit4_RC.MP4	10097	29.97003
H2_2_1_Central_20220818	0	0	0.00000	0	Central_Cam1_LC_18Aug2022_H2_2_1a.MP4	63212	29.97003
H2_2_1_Central_20220818	0	0	0.00000	0	Central_Cam1_LC_18Aug2022_H2_2_1b.MP4	37757	29.97003
H2_2_1_Central_20220818	1	0	0.00000	0	Central_Cam1_RC_18Aug2022_H2_2_1a.MP4	63212	29.97003
H2_2_1_Central_20220818	1	0	0.00000	0	Central_Cam1_RC_18Aug2022_H2_2_1b.MP4	37817	29.97003
H2_2_2_Central_20220818	0	0	0.00000	0	Central_Cam2_LC_18Aug2022_H2_2_2a.MP4	63212	29.97003
H2_2_2_Central_20220818	0	0	0.00000	0	Central_Cam2_LC_18Aug2022_H2_2_2b.MP4	36227	29.97003
H2_2_2_Central_20220818	1	0	0.00000	0	Central_Cam2_RC_18Aug2022_H2_2_2a.MP4	63212	29.97003
H2_2_2_Central_20220818	1	0	0.00000	0	Central_Cam2_RC_18Aug2022_H2_2_2b.MP4	35942	29.97003
H2_2_3_Central_20220818	0	0	0.00000	0	Central_Cam3_LC_18Aug2022_H2_2_3a.MP4	63212	29.97003
H2_2_3_Central_20220818	0	0	0.00000	0	Central_Cam3_LC_18Aug2022_H2_2_3b.MP4	6587	29.97003
H2_2_3_Central_20220818	1	0	0.00000	0	Central_Cam3_RC_18Aug2022_H2_2_3a.MP4	63212	29.97003
H2_2_3_Central_20220818	1	0	0.00000	0	Central_Cam3_RC_18Aug2022_H2_2_3b.MP4	6632	29.97003
H2_2_4_Central_20220818	0	0	0.00000	0	Central_Cam4_LC_18Aug2022_H2_2_4a.MP4	63210	29.97003
H2_2_4_Central_20220818	0	0	0.00000	0	Central_Cam4_LC_18Aug2022_H2_2_4b.MP4	10290	29.97003
H2_2_4_Central_20220818	1	0	0.00000	0	Central_Cam4_RC_18Aug2022_H2_2_4a.MP4	63210	29.97003
H2_2_4_Central_20220818	1	0	0.00000	0	Central_Cam4_RC_18Aug2022_H2_2_4b.MP4	10035	29.97003
H4_1_1_SplitBommie_20220803	0	0	0.00000	0	SplitBom_Cam4_LC_3Aug2022_H4_1_1a.MP4	63210	29.97003
H4_1_1_SplitBommie_20220803	0	0	0.00000	0	SplitBom_Cam4_LC_3Aug2022_H4_1_1b.MP4	8610	29.97003
H4_1_1_SplitBommie_20220803	0	0	0.00000	0	SplitBom_Cam4_LC_3Aug2022_H4_1_1a.MP4	63212	29.97003
H4_1_1_SplitBommie_20220803	1	0	0.00000	0	SplitBom_Cam4_RC_3Aug2022_H4_1_1a.MP4	63210	29.97003
H4_1_1_SplitBommie_20220803	1	0	0.00000	0	SplitBom_Cam4_RC_3Aug2022_H4_1_1b.MP4	8775	29.97003
H4_1_2_SplitBommie_20220803	0	0	0.00000	0	SplitBom_Cam3_LC_3Aug2022_H4_1_2a.MP4	63210	29.97003
H4_1_2_SplitBommie_20220803	0	0	0.00000	0	SplitBom_Cam3_LC_3Aug2022_H4_1_2b.MP4	4605	29.97003
H4_1_2_SplitBommie_20220803	1	0	0.00000	0	SplitBom_Cam3_RC_3Aug2022_H4_1_2a.MP4	63210	29.97003
H4_1_2_SplitBommie_20220803	1	0	0.00000	0	SplitBom_Cam3_RC_3Aug2022_H4_1_2b.MP4	3735	29.97003
H4_1_3_SplitBommie_20220803	0	0	0.00000	0	SplitBom_Cam2_LC_3Aug2022_H4_1_3a.MP4	63212	29.97003
H4_1_3_SplitBommie_20220803	0	0	0.00000	0	SplitBom_Cam2_LC_3Aug2022_H4_1_3b.MP4	9887	29.97003
H4_1_3_SplitBommie_20220803	0	0	0.00000	0	SplitBom_Cam2_LC_3Aug2022_H4_1_3a.MP4	63210	29.97003
H4_1_3_SplitBommie_20220803	1	0	0.00000	0	SplitBom_Cam2_RC_3Aug2022_H4_1_3a.MP4	63212	29.97003
H4_1_3_SplitBommie_20220803	1	0	0.00000	0	SplitBom_Cam2_RC_3Aug2022_H4_1_3b.MP4	9977	29.97003
H4_1_4_SplitBommie_20220803	0	0	0.00000	0	SplitBom_Cam1_LC_3Aug2022_H4_1_4a.MP4	63212	29.97003
H4_1_4_SplitBommie_20220803	0	0	0.00000	0	SplitBom_Cam1_LC_3Aug2022_H4_1_4b.MP4	6257	29.97003
H4_1_4_SplitBommie_20220803	1	0	0.00000	0	SplitBom_Cam1_RC_3Aug2022_H4_1_4a.MP4	63212	29.97003
H4_1_4_SplitBommie_20220803	1	0	0.00000	0	SplitBom_Cam1_RC_3Aug2022_H4_1_4b.MP4	6632	29.97003
H4_2_1_SplitBommie_20220802	0	0	0.00000	0	SplitBom_Cam4_LC_2Aug22_H4_2_1a.MP4	63210	29.97003
H4_2_1_SplitBommie_20220802	0	0	0.00000	0	SplitBom_Cam4_LC_2Aug22_H4_2_1b.MP4	14355	29.97003
H4_2_1_SplitBommie_20220802	1	0	0.00000	0	SplitBom_Cam4_RC_2Aug22_H4_2_1a.MP4	63210	29.97003
H4_2_1_SplitBommie_20220802	1	0	0.00000	0	SplitBom_Cam4_RC_2Aug22_H4_2_1b.MP4	13920	29.97003
H4_2_2_SplitBommie_20220802	0	0	0.00000	0	SplitBom_Cam3_LC_2Aug2022_H4_2_2a.MP4	63210	29.97003
H4_2_2_SplitBommie_20220802	0	0	0.00000	0	SplitBom_Cam3_LC_2Aug2022_H4_2_2b.MP4	19380	29.97003
H4_2_2_SplitBommie_20220802	1	0	0.00000	0	SplitBom_Cam3_RC_2Aug2022_H4_2_2a.MP4	63210	29.97003
H4_2_2_SplitBommie_20220802	1	0	0.00000	0	SplitBom_Cam3_RC_2Aug2022_H4_2_2b.MP4	18780	29.97003
H4_2_3_SplitBommie_20220802	0	0	0.00000	0	SplitBom_Cam2_LC_2Aug2022_H4_2_3a.MP4	63210	29.97003
H4_2_3_SplitBommie_20220802	0	0	0.00000	0	SplitBom_Cam2_LC_2Aug2022_H4_2_3b.MP4	29385	29.97003
H4_2_3_SplitBommie_20220802	1	0	0.00000	0	SplitBom_Cam2_RC_2Aug2022_H4_2_3a.MP4	63210	29.97003
H4_2_3_SplitBommie_20220802	1	0	0.00000	0	SplitBom_Cam2_RC_2Aug2022_H4_2_3b.MP4	28785	29.97003
H4_2_4_SplitBommie_20220802	0	0	0.00000	0	SplitBom_Cam1_LC_2Aug2022_H4_2_4a.MP4	63210	29.97003
H4_2_4_SplitBommie_20220802	0	0	0.00000	0	SplitBom_Cam1_LC_2Aug2022_H4_2_4b.MP4	34875	29.97003
H4_2_4_SplitBommie_20220802	1	0	0.00000	0	SplitBom_Cam1_RC_2Aug2022_H4_2_4a.MP4	63210	29.97003
H4_2_4_SplitBommie_20220802	1	0	0.00000	0	SplitBom_Cam1_RC_2Aug2022_H4_2_4b.MP4	34095	29.97003
O1_1_1_Bullocky_20220802	0	0	0.00000	0	Bullocky_Cam1_LC2Aug2022_O1_1_1a.MP4	63212	29.97003
O1_1_1_Bullocky_20220802	0	0	0.00000	0	Bullocky_Cam1_LC2Aug2022_O1_1_1b.MP4	4262	29.97003
O1_1_1_Bullocky_20220802	1	0	0.00000	0	Bullocky_Cam1_RC_2Aug2022_O1_1_1a.MP4	63212	29.97003
O1_1_1_Bullocky_20220802	1	0	0.00000	0	Bullocky_Cam1_RC_2Aug2022_O1_1_1b.MP4	3827	29.97003
O1_1_2_Bullocky_20220802	0	0	0.00000	0	Bullocky_Cam2_LC_2Aug2022_O1_1_2a.MP4	63210	29.97003
O1_1_2_Bullocky_20220802	0	0	0.00000	0	Bullocky_Cam2_LC_2Aug2022_O1_1_2b.MP4	10410	29.97003
O1_1_2_Bullocky_20220802	1	0	0.00000	0	Bullocky_Cam2_RC_2Aug2022_O1_1_2a.MP4	63210	29.97003
O1_1_2_Bullocky_20220802	1	0	0.00000	0	Bullocky_Cam2_RC_2Aug2022_O1_1_2b.MP4	10110	29.97003
O1_1_3_Bullocky_20220802	0	0	0.00000	0	Bullocky_Cam3_LC_2Aug2022_O1_1_3a.MP4	63210	29.97003
O1_1_3_Bullocky_20220802	0	0	0.00000	0	Bullocky_Cam3_LC_2Aug2022_O1_1_3b.MP4	3465	29.97003
O1_1_3_Bullocky_20220802	1	0	0.00000	0	Bullocky_Cam3_RC_2Aug2022_O1_1_3a.MP4	63210	29.97003
O1_1_3_Bullocky_20220802	1	0	0.00000	0	Bullocky_Cam3_RC_2Aug2022_O1_1_3b.MP4	3135	29.97003
O1_1_4_Bullocky_20220802	0	0	0.00000	0	Bullocky_Cam4_LC_2Aug22_O1_1_4a.MP4	63210	29.97003
O1_1_4_Bullocky_20220802	0	0	0.00000	0	Bullocky_Cam4_LC_2Aug22_O1_1_4b.MP4	33225	29.97003
O1_1_4_Bullocky_20220802	1	0	0.00000	0	Bullocky_Cam4_RC_2Aug22_O1_1_4a.MP4	63210	29.97003
O1_1_4_Bullocky_20220802	1	0	0.00000	0	Bullocky_Cam4_RC_2Aug22_O1_1_4b.MP4	32730	29.97003
O1_2_1_Bullocky_20220803	0	0	0.00000	0	Bullocky_Cam1_LC_3Aug2022_O1_2_1a.MP4	63212	29.97003
O1_2_1_Bullocky_20220803	0	0	0.00000	0	Bullocky_Cam1_LC_3Aug2022_O1_2_1b.MP4	1937	29.97003
O1_2_1_Bullocky_20220803	1	0	0.00000	0	Bullocky_Cam1_RC_3Aug2022_O1_2_1a.MP4	63212	29.97003
O1_2_1_Bullocky_20220803	1	0	0.00000	0	Bullocky_Cam1_RC_3Aug2022_O1_2_1b.MP4	1412	29.97003
O1_2_2_Bullocky_20220803	0	0	0.00000	0	Bullocky_Cam2_LC_3Aug2022_O1_2_2a.MP4	63210	29.97003
O1_2_2_Bullocky_20220803	0	0	0.00000	0	Bullocky_Cam2_LC_3Aug2022_O1_2_2b.MP4	5295	29.97003
O1_2_2_Bullocky_20220803	1	0	0.00000	0	Bullocky_Cam2_RC_3Aug2022_O1_2_2a.MP4	63210	29.97003
O1_2_2_Bullocky_20220803	1	0	0.00000	0	Bullocky_Cam2_RC_3Aug2022_O1_2_2b.MP4	5325	29.97003
O1_2_3_Bullocky_20220803	0	0	0.00000	0	Bullocky_Cam3_LC_3Aug2022_O1_2_3a.MP4	63212	29.97003
O1_2_3_Bullocky_20220803	0	0	0.00000	0	Bullocky_Cam3_LC_3Aug2022_O1_2_3b.MP4	6572	29.97003
O1_2_3_Bullocky_20220803	1	0	0.00000	0	Bullocky_Cam3_RC_3Aug2022_O1_2_3a.MP4	63212	29.97003
O1_2_3_Bullocky_20220803	1	0	0.00000	0	Bullocky_Cam3_RC_3Aug2022_O1_2_3b.MP4	6272	29.97003
O1_2_4_Bullocky_20220803	0	0	0.00000	0	Bullocky_Cam4_LC_3Aug2022_O1_2_4a.MP4	63210	29.97003
O1_2_4_Bullocky_20220803	0	0	0.00000	0	Bullocky_Cam4_LC_3Aug2022_O1_2_4b.MP4	11955	29.97003
O1_2_4_Bullocky_20220803	1	0	0.00000	0	Bullocky_Cam4_RC_3Aug2022_O1_2_4a.MP4	63210	29.97003
O1_2_4_Bullocky_20220803	1	0	0.00000	0	Bullocky_Cam4_RC_3Aug2022_O1_2_4b.MP4	11835	29.97003
O2_1_1_Patch_20220822	0	0	0.00000	0	Patch_Cam1_LC_22Aug2022_O2_1_1a.MP4	63210	29.97003
O2_1_1_Patch_20220822	0	0	0.00000	0	Patch_Cam1_LC_22Aug2022_O2_1_1b.MP4	4170	29.97003
O2_1_1_Patch_20220822	1	0	0.00000	0	Patch_Cam1_RC_22Aug2022_O2_1_1a.MP4	63210	29.97003
O2_1_1_Patch_20220822	1	0	0.00000	0	Patch_Cam1_RC_22Aug2022_O2_1_1b.MP4	3630	29.97003
O2_1_2_Patch_20220822	0	0	0.00000	0	Patch_Cam2_LC_22Aug2022_O2_1_2a.MP4	63210	29.97003
O2_1_2_Patch_20220822	0	0	0.00000	0	Patch_Cam2_LC_22Aug2022_O2_1_2b.MP4	4590	29.97003
O2_1_2_Patch_20220822	1	0	0.00000	0	Patch_Cam2_RC_22Aug2022_O2_1_2a.MP4	63210	29.97003
O2_1_2_Patch_20220822	1	0	0.00000	0	Patch_Cam2_RC_22Aug2022_O2_1_2b.MP4	4095	29.97003
O2_1_3_Patch_20220822	0	0	0.00000	0	Patch_Cam3_LC_22Aug2022_O2_1_3a.MP4	63212	29.97003
O2_1_3_Patch_20220822	0	0	0.00000	0	Patch_Cam3_LC_22Aug2022_O2_1_3b.MP4	7232	29.97003
O2_1_3_Patch_20220822	1	0	0.00000	0	Patch_Cam3_RC_22Aug2022_O2_1_3a.MP4	63212	29.97003
O2_1_3_Patch_20220822	1	0	0.00000	0	Patch_Cam3_RC_22Aug2022_O2_1_3b.MP4	63212	29.97003
O2_2_1_Patch_20220819	0	0	0.00000	0	Patch_Cam1_LC_19Aug2022_O2_2_1a.MP4	63210	29.97003
O2_2_1_Patch_20220819	0	0	0.00000	0	Patch_Cam1_LC_19Aug2022_O2_2_1b.MP4	5010	29.97003
O2_2_1_Patch_20220819	1	0	0.00000	0	Patch_Cam1_RC_19Aug2022_O2_2_1a.MP4	63210	29.97003
O2_2_1_Patch_20220819	1	0	0.00000	0	Patch_Cam1_RC_19Aug2022_O2_2_1b.MP4	4770	29.97003
O2_2_2_Patch_20220819	0	0	0.00000	0	Patch_Cam2_LC_19Aug2022_O2_2_2a.MP4	63210	29.97003
O2_2_2_Patch_20220819	0	0	0.00000	0	Patch_Cam2_LC_19Aug2022_O2_2_2b.MP4	6570	29.97003
O2_2_2_Patch_20220819	1	0	0.00000	0	Patch_Cam2_RC_19Aug2022_O2_2_2a.MP4	63210	29.97003
O2_2_2_Patch_20220819	1	0	0.00000	0	Patch_Cam2_RC_19Aug2022_O2_2_2b.MP4	5130	29.97003
O2_2_3_Patch_20220819	0	0	0.00000	0	Patch_Cam2_LC_19Aug2022_O2_2_3a.MP4	63210	29.97003
O2_2_3_Patch_20220819	0	0	0.00000	0	Patch_Cam2_LC_19Aug2022_O2_2_3b.MP4	27930	29.97003
O2_2_3_Patch_20220819	1	0	0.00000	0	Patch_Cam2_RC_19Aug2022_O2_2_3a.MP4	63210	29.97003
O2_2_3_Patch_20220819	1	0	0.00000	0	Patch_Cam2_RC_19Aug2022_O2_2_3b.MP4	27660	29.97003
O2_2_4_Patch_20220819	0	0	0.00000	0	Patch_Cam1_LC_19Aug2022_O2_2_4a.MP4	63210	29.97003
O2_2_4_Patch_20220819	0	0	0.00000	0	Patch_Cam1_LC_19Aug2022_O2_2_4b.MP4	3675	29.97003
O2_2_4_Patch_20220819	1	0	0.00000	0	Patch_Cam1_RC_19Aug2022_O2_2_4a.MP4	63210	29.97003
O2_2_4_Patch_20220819	1	0	0.00000	0	Patch_Cam1_RC_19Aug2022_O2_2_4b.MP4	3195	29.97003
O4_1_1_BroomsHead_20221121	0	0	0.00000	0	BroomsHead_O4_1_1_21Nov2022_Unit1_LC.MP4	63212	29.97003
O4_1_1_BroomsHead_20221121	1	0	0.00000	0	BroomsHead_O4_1_1_21Nov2022_Unit1_RC.MP4	63212	29.97003
O4_1_2_BroomsHead_20221121	0	0	0.00000	0	BroomsHead_O4_1_2a_21Nov2022_Unit3_LC.MP4	63212	29.97003
O4_1_2_BroomsHead_20221121	0	0	0.00000	0	BroomsHead_O4_1_2b_21Nov2022_Unit3_LC.MP4	13307	29.97003
O4_1_2_BroomsHead_20221121	1	0	0.00000	0	BroomsHead_O4_1_2a_21Nov2022_Unit3_RC.MP4	63212	29.97003
O4_1_2_BroomsHead_20221121	1	0	0.00000	0	BroomsHead_O4_1_2b_21Nov2022_Unit3_RC.MP4	13742	29.97003
O4_1_3_BroomsHead_20221121	0	0	0.00000	0	BroomsHead_O4_1_3a_21Nov2022_Unit4_LC.MP4	63210	29.97003
O4_1_3_BroomsHead_20221121	0	0	0.00000	0	BroomsHead_O4_1_3b_21Nov2022_Unit4_LC.MP4	19815	29.97003
O4_1_3_BroomsHead_20221121	1	0	0.00000	0	BroomsHead_O4_1_3a_21Nov2022_Unit4_RC.MP4	63210	29.97003
O4_1_3_BroomsHead_20221121	1	0	0.00000	0	BroomsHead_O4_1_3b_21Nov2022_Unit4_RC.MP4	15210	29.97003
O4_1_4_BroomsHead_20221121	0	0	0.00000	0	BroomsHead_O4_1_4_21Nov2022_Unit1_LC.MP4	63122	29.97003
O4_1_4_BroomsHead_20221121	1	0	0.00000	0	BroomsHead_O4_1_4_21Nov2022_Unit1_RC.MP4	63212	29.97003
O4_2_1_BroomsHead_20221121	0	0	0.00000	0	BroomsHead_O4_2_1_21Nov2022_Unit1_LC.MP4	63212	29.97003
O4_2_1_BroomsHead_20221121	1	0	0.00000	0	BroomsHead_O4_2_1_21Nov2022_Unit1_RC.MP4	63212	29.97003
O4_2_2_BroomsHead_20221121	0	0	0.00000	0	BroomsHead_O4_2_2_21Nov2022_Unit3_LC.MP4	63212	29.97003
O4_2_2_BroomsHead_20221121	1	0	0.00000	0	BroomsHead_O4_2_2_21Nov2022_Unit3_RC.MP4	63212	29.97003
O4_2_3_BroomsHead_20221121	0	0	0.00000	0	BroomsHead_O4_2_3a_21Nov2022_Unit4_LC.MP4	63212	29.97003
O4_2_3_BroomsHead_20221121	0	0	0.00000	0	BroomsHead_O4_2_3b_21Nov2022_Unit4_LC.MP4	25907	29.97003
O4_2_3_BroomsHead_20221121	1	0	0.00000	0	BroomsHead_O4_2_3a_21Nov2022_Unit4_RC.MP4	63212	29.97003
O4_2_3_BroomsHead_20221121	1	0	0.00000	0	BroomsHead_O4_2_3b_21Nov2022_Unit4_RC.MP4	26132	29.97003
O4_2_4_BroomsHead_20221121	0	0	0.00000	0	BroomsHead_O4_2_4_21Nov2022_Unit1_LC.MP4	61800	29.97003
O4_2_4_BroomsHead_20221121	1	0	0.00000	0	BroomsHead_O4_2_4_21Nov2022_Unit1_RC.MP4	61800	29.97003
S1_1_1_Northern_20220901	0	0	0.00000	0	Northern_Cam1_LC_1Sept2022_S1_1_1a.MP4	63212	29.97003
S1_1_1_Northern_20220901	0	0	0.00000	0	Northern_Cam1_LC_1Sept2022_S1_1_1b.MP4	2222	29.97003
S1_1_1_Northern_20220901	1	0	0.00000	0	Northern_Cam1_RC_1Sept2022_S1_1_1a.MP4	63212	29.97003
S1_1_1_Northern_20220901	1	0	0.00000	0	Northern_Cam1_RC_1Sept2022_S1_1_1b.MP4	2192	29.97003
S1_1_2_Northern_20220901	0	0	0.00000	0	Northern_Cam2_LC_1Sept2022_S1_1_2a.MP4	63210	29.97003
S1_1_2_Northern_20220901	0	0	0.00000	0	Northern_Cam2_LC_1Sept2022_S1_1_2b.MP4	13770	29.97003
S1_1_2_Northern_20220901	1	0	0.00000	0	Northern_Cam2_RC_1Sept2022_S1_1_2a.MP4	63210	29.97003
S1_1_2_Northern_20220901	1	0	0.00000	0	Northern_Cam2_RC_1Sept2022_S1_1_2b.MP4	13680	29.97003
S1_1_3_Northern_20220901	0	0	0.00000	0	Northern_Cam3_LC_1Sept2022_S1_1_3a.MP4	63212	29.97003
S1_1_3_Northern_20220901	0	0	0.00000	0	Northern_Cam3_LC_1Sept2022_S1_1_3b.MP4	17447	29.97003
S1_1_3_Northern_20220901	1	0	0.00000	0	Northern_Cam3_RC_1Sept2022_S1_1_3a.MP4	63212	29.97003
S1_1_3_Northern_20220901	1	0	0.00000	0	Northern_Cam3_RC_1Sept2022_S1_1_3b.MP4	17162	29.97003
S1_1_4_Northern_20220901	0	0	0.00000	0	Northern_Cam4_LC_1Sept2022_S1_1_4a.MP4	63210	29.97003
S1_1_4_Northern_20220901	0	0	0.00000	0	Northern_Cam4_LC_1Sept2022_S1_1_4b.MP4	17040	29.97003
S1_1_4_Northern_20220901	1	0	0.00000	0	Northern_Cam4_RC_1Sept2022_S1_1_4a.MP4	63210	29.97003
S1_1_4_Northern_20220901	1	0	0.00000	0	Northern_Cam4_RC_1Sept2022_S1_1_4b.MP4	16350	29.97003
S1_2_1_Northern_20221111	0	0	0.00000	0	Northern_S1_2_1_11Nov2022_Unit1_LC.MP4	63212	29.97003
S1_2_1_Northern_20221111	1	0	0.00000	0	Northern_S1_2_1_11Nov2022_Unit1_RC.MP4	63212	29.97003
S1_2_3_Northern_20221111	0	0	0.00000	0	Northern_S1_2_3_11Nov2022_Unit3_LCa.MP4	63212	29.97003
S1_2_3_Northern_20221111	0	0	0.00000	0	Northern_S1_2_3_11Nov2022_Unit3_LCb.MP4	33587	29.97003
S1_2_3_Northern_20221111	1	0	0.00000	0	Northern_S1_2_3_11Nov2022_Unit3_RCa.MP4	63212	29.97003
S1_2_3_Northern_20221111	1	0	0.00000	0	Northern_S1_2_3_11Nov2022_Unit3_RCb.MP4	33752	29.97003
S1_2_4_Northern_20221111	0	0	0.00000	0	Northern_S1_2_4_11Nov2022_Unit4_LCa.MP4	63212	29.97003
S1_2_4_Northern_20221111	0	0	0.00000	0	Northern_S1_2_4_11Nov2022_Unit4_LCb.MP4	38732	29.97003
S1_2_4_Northern_20221111	1	0	0.00000	0	Northern_S1_2_4_11Nov2022_Unit4_RCa.MP4	63212	29.97003
S1_2_4_Northern_20221111	1	0	0.00000	0	Northern_S1_2_4_11Nov2022_Unit4_RCb.MP4	39647	29.97003
S3_1_1_Butterfly_20221017	0	0	0.00000	0	Butterfly_S3-1_1_17October2022_0928_Unit1_LC.MP4	56552	29.97003
S3_1_1_Butterfly_20221017	1	0	0.00000	0	Butterfly_S3-1_1_17October2022_0928_Unit1_RC.MP4	53822	29.97003
S3_1_2_Butterfly_20221017	0	0	0.00000	0	Butterfly_S3_1_2_17October2022_1029_Unit2_LC.MP4	63210	29.97003
S3_1_2_Butterfly_20221017	1	0	0.00000	0	Butterfly_S3_1_2_17October2022_1029_Unit2_RC.MP4	63210	29.97003
S3_1_3_Butterfly_20221017	0	0	0.00000	0	Butterfly_S3_1_3a_17October2022_Unit3_LC.MP4	63212	29.97003
S3_1_3_Butterfly_20221017	0	0	0.00000	0	Butterfly_S3_1_3b_17October2022_Unit3_LC.MP4	13637	29.97003
S3_1_3_Butterfly_20221017	1	0	0.00000	0	Butterfly_S3_1_3a_17October2022_Unit3_RC.MP4	63212	29.97003
S3_1_3_Butterfly_20221017	1	0	0.00000	0	Butterfly_S3_1_3b_17October2022_Unit3_RC.MP4	12647	29.97003
S3_1_4_Butterfly_20221017	0	0	0.00000	0	Butterfly_S3_1_4a_17October2022_Unit4_LC.MP4	63212	29.97003
S3_1_4_Butterfly_20221017	0	0	0.00000	0	Butterfly_S3_1_4b_17October2022_Unit4_LC.MP4	15902	29.97003
S3_1_4_Butterfly_20221017	1	0	0.00000	0	Butterfly_S3_1_4a_17October2022_Unit4_RC.MP4	63212	29.97003
S3_1_4_Butterfly_20221017	1	0	0.00000	0	Butterfly_S3_1_4b_17October2022_Unit4_RC.MP4	15902	29.97003
S3_2_1_Butterfly_20220818	0	0	0.00000	0	Butterfly_Cam1_LC_18Aug2022_S3_2_1a.MP4	63212	29.97003
S3_2_1_Butterfly_20220818	0	0	0.00000	0	Butterfly_Cam1_LC_18Aug2022_S3_2_1b.MP4	6257	29.97003
S3_2_1_Butterfly_20220818	1	0	0.00000	0	Butterfly_Cam1_RC_18Aug2022_S3_2_1a.MP4	63212	29.97003
S3_2_1_Butterfly_20220818	1	0	0.00000	0	Butterfly_Cam1_RC_18Aug2022_S3_2_1b.MP4	6302	29.97003
S3_2_2_Butterfly_20220818	0	0	0.00000	0	Butterfly_Cam2_LC_18Aug2022_S3_2_2a.MP4	63210	29.97003
S3_2_2_Butterfly_20220818	0	0	0.00000	0	Butterfly_Cam2_LC_18Aug2022_S3_2_2b.MP4	9210	29.97003
S3_2_2_Butterfly_20220818	1	0	0.00000	0	Butterfly_Cam2_RC_18Aug2022_S3_2_2a.MP4	63210	29.97003
S3_2_2_Butterfly_20220818	1	0	0.00000	0	Butterfly_Cam2_RC_18Aug2022_S3_2_2b.MP4	8535	29.97003
S3_2_3_Butterfly_20220818	0	0	0.00000	0	Butterfly_Cam3_LC_18Aug2022_S3_2_3a.MP4	63212	29.97003
S3_2_3_Butterfly_20220818	0	0	0.00000	0	Butterfly_Cam3_LC_18Aug2022_S3_2_3b.MP4	14522	29.97003
S3_2_3_Butterfly_20220818	1	0	0.00000	0	Butterfly_Cam3_RC_18Aug2022_S3_2_3a.MP4	63212	29.97003
S3_2_3_Butterfly_20220818	1	0	0.00000	0	Butterfly_Cam3_RC_18Aug2022_S3_2_3b.MP4	13742	29.97003
S3_2_4_Butterfly_20220818	0	0	0.00000	0	Butterfly_Cam4_LC_18Aug2022_S3_2_4a.MP4	63212	29.97003
S3_2_4_Butterfly_20220818	0	0	0.00000	0	Butterfly_Cam4_LC_18Aug2022_S3_2_4b.MP4	15917	29.97003
S3_2_4_Butterfly_20220818	1	0	0.00000	0	Butterfly_Cam4_RC_18Aug2022_S3_2_4a.MP4	63212	29.97003
S3_2_4_Butterfly_20220818	1	0	0.00000	0	Butterfly_Cam4_RC_18Aug2022_S3_2_4b.MP4	15602	29.97003
S4_1_1_40Acres_20220802	0	0	0.00000	0	40Acres_Cam1_LC_2Aug2022_S4_1_1a.MP4	63212	29.97003
S4_1_1_40Acres_20220802	0	0	0.00000	0	40Acres_Cam1_LC_2Aug2022_S4_1_1b.MP4	7247	29.97003
S4_1_1_40Acres_20220802	1	0	0.00000	0	40Acres_Cam1_RC_2Aug2022_S4_1_1a.MP4	63212	29.97003
S4_1_1_40Acres_20220802	1	0	0.00000	0	40Acres_Cam1_RC_2Aug2022_S4_1_1b.MP4	5612	29.97003
S4_1_2_40Acres_20220802	0	0	0.00000	0	40Acres_Cam2_LC_2Aug2022_S4_1_2a.MP4	63210	29.97003
S4_1_2_40Acres_20220802	0	0	0.00000	0	40Acres_Cam2_LC_2Aug2022_S4_1_2b.MP4	12765	29.97003
S4_1_2_40Acres_20220802	1	0	0.00000	0	40Acres_Cam2_RC_2Aug2022_S4_1_2a.MP4	63210	29.97003
S4_1_2_40Acres_20220802	1	0	0.00000	0	40Acres_Cam2_RC_2Aug2022_S4_1_2b.MP4	10815	29.97003
S4_1_3_40Acres_20220802	0	0	0.00000	0	40Acres_Cam3_LC_2Aug2022_S4_1_3a.MP4	63210	29.97003
S4_1_3_40Acres_20220802	0	0	0.00000	0	40Acres_Cam3_LC_2Aug2022_S4_1_3b.MP4	20340	29.97003
S4_1_3_40Acres_20220802	1	0	0.00000	0	40Acres_Cam3_RC_2Aug2022_S4_1_3a.MP4	63210	29.97003
S4_1_3_40Acres_20220802	1	0	0.00000	0	40Acres_Cam3_RC_2Aug2022_S4_1_3b.MP4	19605	29.97003
S4_1_4_40Acres_20220802	0	0	0.00000	0	40Acres_Cam4_LC_2Aug22_S4_1_4a.MP4	63210	29.97003
S4_1_4_40Acres_20220802	0	0	0.00000	0	40Acres_Cam4_LC_2Aug22_S4_1_4b.MP4	21675	29.97003
S4_1_4_40Acres_20220802	1	0	0.00000	0	40Acres_Cam4_RC_2Aug22_S4_1_4a.MP4	63210	29.97003
S4_1_4_40Acres_20220802	1	0	0.00000	0	40Acres_Cam4_RC_2Aug22_S4_1_4b.MP4	20490	29.97003
S4_2_1_40Acres_20220803	0	0	0.00000	0	40Acres_Cam1_LC_3Aug2022_S4_2_1a.MP4	63212	29.97003
S4_2_1_40Acres_20220803	0	0	0.00000	0	40Acres_Cam1_LC_3Aug2022_S4_2_1b.MP4	8717	29.97003
S4_2_1_40Acres_20220803	1	0	0.00000	0	40Acres_Cam1_RC_3Aug2022_S4_2_1a.MP4	63212	29.97003
S4_2_1_40Acres_20220803	1	0	0.00000	0	40Acres_Cam1_RC_3Aug2022_S4_2_1b.MP4	8207	29.97003
S4_2_2_40Acres_20220803	0	0	0.00000	0	40Acres_Cam2_LC_3Aug2022_S4_2_2a.MP4	63210	29.97003
S4_2_2_40Acres_20220803	0	0	0.00000	0	40Acres_Cam2_LC_3Aug2022_S4_2_2b.MP4	11775	29.97003
S4_2_2_40Acres_20220803	1	0	0.00000	0	40Acres_Cam2_RC_3Aug2022_S4_2_2a.MP4	63210	29.97003
S4_2_2_40Acres_20220803	1	0	0.00000	0	40Acres_Cam2_RC_3Aug2022_S4_2_2b.MP4	10830	29.97003
S4_2_3_40Acres_20220803	0	0	0.00000	0	40Acres_Cam3_LC_3Aug2022_S4_2_3a.MP4	63212	29.97003
S4_2_3_40Acres_20220803	0	0	0.00000	0	40Acres_Cam3_LC_3Aug2022_S4_2_3b.MP4	12632	29.97003
S4_2_3_40Acres_20220803	1	0	0.00000	0	40Acres_Cam3_RC_3Aug2022_S4_2_3a.MP4	63212	29.97003
S4_2_3_40Acres_20220803	1	0	0.00000	0	40Acres_Cam3_RC_3Aug2022_S4_2_3b.MP4	11957	29.97003
S4_2_4_40Acres_20220803	0	0	0.00000	0	40Acres_Cam4_LC_3Aug2022_S4_2_4a.MP4	63210	29.97003
S4_2_4_40Acres_20220803	0	0	0.00000	0	40Acres_Cam4_LC_3Aug2022_S4_2_4b.MP4	15135	29.97003
S4_2_4_40Acres_20220803	1	0	0.00000	0	40Acres_Cam4_RC_3Aug2022_S4_2_4a.MP4	63210	29.97003
S4_2_4_40Acres_20220803	1	0	0.00000	0	40Acres_Cam4_RC_3Aug2022_S4_2_4b.MP4	14085	29.97003
