OpCode	Camera	MovieSeqIndex	StartTimeOffset	Format	Filename	Frames	Rate
BE01	0	0	0.00000	0	L_GOPR0039.MP4	31830	29.97003
BE01	0	0	0.00000	0	L_GP010039.MP4	31830	29.97003
BE01	0	0	0.00000	0	L_GP020039.MP4	16938	29.97003
BE01	1	0	0.00000	0	R_GOPR0043.MP4	31830	29.97003
BE01	1	0	0.00000	0	R_GP010043.MP4	31830	29.97003
BE01	1	0	0.00000	0	R_GP020043.MP4	19634	29.97003
BE02	0	0	0.00000	0	L_GOPR0334.MP4	31830	29.97003
BE02	0	0	0.00000	0	L_GP010334.MP4	31830	29.97003
BE02	0	0	0.00000	0	L_GP020334.MP4	5887	29.97003
BE02	0	0	0.00000	0	GOPR0334.MP4	31830	29.97003
BE02	1	0	0.00000	0	R_GOPR5578.MP4	31830	29.97003
BE02	1	0	0.00000	0	R_GP015578.MP4	31830	29.97003
BE02	1	0	0.00000	0	R_GP025578.MP4	6327	29.97003
BE02	1	0	0.00000	0	GOPR5578.MP4	31830	29.97003
BE03	0	0	0.00000	0	L_GOPR0045.MP4	31830	29.97003
BE03	0	0	0.00000	0	L_GP010045.MP4	31830	29.97003
BE03	0	0	0.00000	0	L_GP020045.MP4	16994	29.97003
BE03	1	0	0.00000	0	R_GOPR0049.MP4	31830	29.97003
BE03	1	0	0.00000	0	R_GP010049.MP4	31830	29.97003
BE03	1	0	0.00000	0	R_GP020049.MP4	17388	29.97003
BE03	1	0	0.00000	0	L_GOPR0045.MP4	31830	29.97003
BE04	0	0	0.00000	0	L_GOPR0081.MP4	31830	29.97003
BE04	0	0	0.00000	0	L_GP010081.MP4	31830	29.97003
BE04	1	0	0.00000	0	R_GOPR0059.MP4	31830	29.97003
BE04	1	0	0.00000	0	R_GP010059.MP4	31830	29.97003
BE04	1	0	0.00000	0	R_GP020059.MP4	5694	29.97003
BH01	0	0	0.00000	0	L_GOPR0068.MP4	31830	29.97003
BH01	0	0	0.00000	0	L_GP010068.MP4	31830	29.97003
BH01	0	0	0.00000	0	L_GP020068.MP4	5184	29.97003
BH01	1	0	0.00000	0	R_GOPR0046.MP4	31830	29.97003
BH01	1	0	0.00000	0	R_GP010046.MP4	31830	29.97003
BH01	1	0	0.00000	0	R_GP020046.MP4	6571	29.97003
BH02	0	0	0.00000	0	L_GOPR0028.MP4	31830	29.97003
BH02	0	0	0.00000	0	L_GP010028.MP4	31830	29.97003
BH02	0	0	0.00000	0	L_GP020028.MP4	7606	29.97003
BH02	1	0	0.00000	0	R_GOPR0031.MP4	31830	29.97003
BH02	1	0	0.00000	0	R_GP010031.MP4	31830	29.97003
BH02	1	0	0.00000	0	R_GP020031.MP4	7580	29.97003
BH03	0	0	0.00000	0	L_GOPR0037.MP4	31830	29.97003
BH03	0	0	0.00000	0	L_GP010037.MP4	31830	29.97003
BH03	0	0	0.00000	0	L_GP020037.MP4	5730	29.97003
BH03	1	0	0.00000	0	R_GOPR0041.MP4	31830	29.97003
BH03	1	0	0.00000	0	R_GP010041.MP4	31830	29.97003
BH03	1	0	0.00000	0	R_GP020041.MP4	5829	29.97003
BH04	0	0	0.00000	0	L_GOPR0328.MP4	31830	29.97003
BH04	0	0	0.00000	0	L_GP010328.MP4	31830	29.97003
BH04	0	0	0.00000	0	L_GP020328.MP4	6680	29.97003
BH04	1	0	0.00000	0	R_GOPR5572.MP4	31830	29.97003
BH04	1	0	0.00000	0	R_GP015572.MP4	31830	29.97003
BH04	1	0	0.00000	0	R_GP025572.MP4	6870	29.97003
BH06	0	0	0.00000	0	L_GOPR0327.MP4	31830	29.97003
BH06	0	0	0.00000	0	L_GP010327.MP4	31830	29.97003
BH06	0	0	0.00000	0	L_GP020327.MP4	15485	29.97003
BH06	1	0	0.00000	0	R_GOPR5571.MP4	31830	29.97003
BH06	1	0	0.00000	0	R_GP015571.MP4	31830	29.97003
BH06	1	0	0.00000	0	R_GP025571.MP4	15484	29.97003
BH07	0	0	0.00000	0	L_GOPR0036.MP4	31830	29.97003
BH07	0	0	0.00000	0	L_GP010036.MP4	31830	29.97003
BH07	0	0	0.00000	0	L_GP020036.MP4	16066	29.97003
BH07	1	0	0.00000	0	R_GOPR0040.MP4	31830	29.97003
BH07	1	0	0.00000	0	R_GP010040.MP4	31830	29.97003
BH07	1	0	0.00000	0	R_GP020040.MP4	16141	29.97003
BH08	0	0	0.00000	0	L_GOPR0027.MP4	31830	29.97003
BH08	0	0	0.00000	0	L_GP010027.MP4	31830	29.97003
BH08	0	0	0.00000	0	L_GP020027.MP4	18168	29.97003
BH08	1	0	0.00000	0	R_GOPR0029.MP4	31830	29.97003
BH08	1	0	0.00000	0	R_GP010029.MP4	31830	29.97003
BH08	1	0	0.00000	0	R_GP020029.MP4	19248	29.97003
BH09	0	0	0.00000	0	L_GOPR0067.MP4	31830	29.97003
BH09	0	0	0.00000	0	L_GP010067.MP4	31830	29.97003
BH09	0	0	0.00000	0	L_GP020067.MP4	20360	29.97003
BH09	1	0	0.00000	0	R_GOPR0045.MP4	31830	29.97003
BH09	1	0	0.00000	0	R_GP010045.MP4	31830	29.97003
BH09	1	0	0.00000	0	R_GP020045.MP4	20680	29.97003
BIHPZ01	0	0	0.00000	0	L_GOPR0021.MP4	31830	29.97003
BIHPZ01	0	0	0.00000	0	L_GP010021.MP4	31830	29.97003
BIHPZ01	1	0	0.00000	0	R_GOPR0022.MP4	31830	29.97003
BIHPZ01	1	0	0.00000	0	R_GP010022.MP4	31830	29.97003
BIHPZ02	0	0	0.00000	0	LGOPR0029.MP4	31830	29.97003
BIHPZ02	0	0	0.00000	0	LGP010029.MP4	31830	29.97003
BIHPZ02	0	0	0.00000	0	GOPR0029.MP4	31830	29.97003
BIHPZ02	1	0	0.00000	0	GOPR0033.MP4	31830	29.97003
BIHPZ02	1	0	0.00000	0	GP010033.MP4	31830	29.97003
BIHPZ02	1	0	0.00000	0	RGOPR0033.MP4	31830	29.97003
BIHPZ03	0	0	0.00000	0	GOPR0061L.MP4	31830	29.97003
BIHPZ03	0	0	0.00000	0	GP010061L.MP4	31830	29.97003
BIHPZ03	1	0	0.00000	0	GOPR0038.MP4	31830	29.97003
BIHPZ03	1	0	0.00000	0	GP010038.MP4	31830	29.97003
BIHPZ03	1	0	0.00000	0	GP020038.MP4	2689	29.97003
BIHPZ04	0	0	0.00000	0	GOPR0319.MP4	31830	29.97003
BIHPZ04	0	0	0.00000	0	GP010319.MP4	31830	29.97003
BIHPZ04	0	0	0.00000	0	GP020319.MP4	200	29.97003
BIHPZ05	0	0	0.00000	0	GOPR0022.MP4	31830	29.97003
BIHPZ05	0	0	0.00000	0	GP010022.MP4	31830	29.97003
BIHPZ05	1	0	0.00000	0	GOPR0023.MP4	31830	29.97003
BIHPZ05	1	0	0.00000	0	GP010023.MP4	31830	29.97003
BIHPZ06	0	0	0.00000	0	GOPR0062.MP4	31830	29.97003
BIHPZ06	0	0	0.00000	0	GP010062.MP4	31830	29.97003
BIHPZ06	1	0	0.00000	0	GOPR0039.MP4	31830	29.97003
BIHPZ06	1	0	0.00000	0	GP010039.MP4	31830	29.97003
BIHPZ06	1	0	0.00000	0	GOPR0062.MP4	31830	29.97003
BIHPZ07	0	0	0.00000	0	GOPR0030.MP4	31830	29.97003
BIHPZ07	0	0	0.00000	0	GP010030.MP4	31830	29.97003
BIHPZ07	0	0	0.00000	0	GP020030.MP4	3124	29.97003
BIHPZ07	1	0	0.00000	0	GOPR0034.MP4	31830	29.97003
BIHPZ07	1	0	0.00000	0	GP010034.MP4	31830	29.97003
BIHPZ07	1	0	0.00000	0	GP020034.MP4	3333	29.97003
BIHPZ09	0	0	0.00000	0	GOPR0024.MP4	31830	29.97003
BIHPZ09	0	0	0.00000	0	GP010024.MP4	31830	29.97003
BIHPZ09	0	0	0.00000	0	GP020024.MP4	2134	29.97003
BIHPZ09	1	0	0.00000	0	GOPR0026.MP4	31830	29.97003
BIHPZ09	1	0	0.00000	0	GP010026.MP4	31830	29.97003
BISZ01	0	0	0.00000	0	L_GOPR0028.MP4	31830	29.97003
BISZ01	0	0	0.00000	0	L_GP010028.MP4	31830	29.97003
BISZ01	0	0	0.00000	0	L_GP020028.MP4	3104	29.97003
BISZ01	1	0	0.00000	0	R_GOPR0032.MP4	31830	29.97003
BISZ01	1	0	0.00000	0	R_GP010032.MP4	31830	29.97003
BISZ01	1	0	0.00000	0	R_GP020032.MP4	4240	29.97003
BISZ03	0	0	0.00000	0	L_GOPR0060.MP4	31830	29.97003
BISZ03	0	0	0.00000	0	L_GP010060.MP4	31830	29.97003
BISZ03	0	0	0.00000	0	L_GP020060.MP4	2525	29.97003
BISZ03	1	0	0.00000	0	R_GOPR0037.MP4	31830	29.97003
BISZ03	1	0	0.00000	0	R_GP010037.MP4	31830	29.97003
BISZ03	1	0	0.00000	0	R_GP020037.MP4	2931	29.97003
BISZ04	0	0	0.00000	0	GOPR0317.MP4	31830	29.97003
BISZ04	0	0	0.00000	0	GP010317.MP4	31830	29.97003
BISZ05	0	0	0.00000	0	GOPR0316.MP4	31830	29.97003
BISZ05	0	0	0.00000	0	GP010316.MP4	31830	29.97003
BISZ06	0	0	0.00000	0	L_GOPR0059.MP4	31830	29.97003
BISZ06	0	0	0.00000	0	L_GP010059.MP4	31830	29.97003
BISZ06	0	0	0.00000	0	L_GP020059.MP4	11761	29.97003
BISZ06	1	0	0.00000	0	GOPR0036.MP4	31830	29.97003
BISZ06	1	0	0.00000	0	GP010036.MP4	31830	29.97003
BISZ06	1	0	0.00000	0	GP020036.MP4	11444	29.97003
BISZ07	0	0	0.00000	0	L_GOPR0027.MP4	31830	29.97003
BISZ07	0	0	0.00000	0	L_GP010027.MP4	31830	29.97003
BISZ07	0	0	0.00000	0	L_GP020027.MP4	15191	29.97003
BISZ07	1	0	0.00000	0	R_GOPR0031.MP4	31830	29.97003
BISZ07	1	0	0.00000	0	R_GP010031.MP4	31830	29.97003
BISZ07	1	0	0.00000	0	R_GP020031.MP4	15566	29.97003
BISZ08	0	0	0.00000	0	L_GOPR0018 (1).MP4	31830	29.97003
BISZ08	0	0	0.00000	0	L_GOPR0018 (2).MP4	31830	29.97003
BISZ08	0	0	0.00000	0	L_GOPR0018 (3).MP4	16480	29.97003
BISZ08	1	0	0.00000	0	R_GOPR0017.MP4	31830	29.97003
BISZ08	1	0	0.00000	0	R_GP010017.MP4	31830	29.97003
BISZ08	1	0	0.00000	0	R_GP020017.MP4	16787	29.97003
BISZ09	0	0	0.00000	0	L_GOPR0019.MP4	31830	29.97003
BISZ09	0	0	0.00000	0	L_GP010019.MP4	31830	29.97003
BISZ09	0	0	0.00000	0	L_GP020019.MP4	8813	29.97003
BISZ09	1	0	0.00000	0	R_GOPR0018.MP4	31830	29.97003
BISZ09	1	0	0.00000	0	R_GP010018.MP4	31830	29.97003
BISZ09	1	0	0.00000	0	R_GP020018.MP4	8868	29.97003
BOO01	0	0	0.00000	0	BOO1Left (1).MP4	31830	29.97003
BOO01	0	0	0.00000	0	BOO1Left (2).MP4	31830	29.97003
BOO01	0	0	0.00000	0	BOO1Left (3).MP4	8643	29.97003
BOO01	1	0	0.00000	0	BOO1Right (1).MP4	31830	29.97003
BOO01	1	0	0.00000	0	BOO1Right (2).MP4	31830	29.97003
BOO01	1	0	0.00000	0	BOO1Right (3).MP4	7675	29.97003
BOO02	0	0	0.00000	0	BOO2Left (1).MP4	31830	29.97003
BOO02	0	0	0.00000	0	BOO2Left (2).MP4	31830	29.97003
BOO02	0	0	0.00000	0	BOO2Left (3).MP4	5966	29.97003
BOO02	1	0	0.00000	0	BOO2Right (1).MP4	31830	29.97003
BOO02	1	0	0.00000	0	BOO2Right (2).MP4	31830	29.97003
BOO02	1	0	0.00000	0	BOO2Right (3).MP4	4615	29.97003
BOO03	0	0	0.00000	0	BOO3Left (1).MP4	31830	29.97003
BOO03	0	0	0.00000	0	BOO3Left (2).MP4	31830	29.97003
BOO03	0	0	0.00000	0	BOO3Left (3).MP4	31830	29.97003
BOO03	0	0	0.00000	0	BOO3Left (4).MP4	5178	29.97003
BOO03	1	0	0.00000	0	BOO3Right (1).MP4	31830	29.97003
BOO03	1	0	0.00000	0	BOO3Right (2).MP4	31830	29.97003
BOO03	1	0	0.00000	0	BOO3Right (3).MP4	31830	29.97003
BOO03	1	0	0.00000	0	BOO3Right (4).MP4	3957	29.97003
BOO06	0	0	0.00000	0	BOO6Left (1).MP4	31830	29.97003
BOO06	0	0	0.00000	0	BOO6Left (2).MP4	31830	29.97003
BOO06	0	0	0.00000	0	BOO6Left (3).MP4	12889	29.97003
BOO06	1	0	0.00000	0	BOO6Right (1).MP4	31830	29.97003
BOO06	1	0	0.00000	0	BOO6Right (2).MP4	31830	29.97003
BOO06	1	0	0.00000	0	BOO6Right (3).MP4	12337	29.97003
BS01	0	0	0.00000	0	GOPR0018.MP4	31830	29.97003
BS01	0	0	0.00000	0	GP010018.MP4	31830	29.97003
BS01	0	0	0.00000	0	GP020018.MP4	17317	29.97003
BS01	1	0	0.00000	0	GOPR0023.MP4	31830	29.97003
BS01	1	0	0.00000	0	GP010023.MP4	31830	29.97003
BS01	1	0	0.00000	0	GP020023.MP4	18915	29.97003
BS02	0	0	0.00000	0	GOPR0309.MP4	31830	29.97003
BS02	0	0	0.00000	0	GP010309.MP4	31830	29.97003
BS02	0	0	0.00000	0	GP020309.MP4	20388	29.97003
BS02	1	0	0.00000	0	GOPR0278.MP4	31830	29.97003
BS02	1	0	0.00000	0	GP010278.MP4	31830	29.97003
BS02	1	0	0.00000	0	GP020278.MP4	17534	29.97003
BS03	0	0	0.00000	0	GOPR0007.MP4	31830	29.97003
BS03	0	0	0.00000	0	GP010007.MP4	31830	29.97003
BS03	0	0	0.00000	0	GP020007.MP4	8727	29.97003
BS03	1	0	0.00000	0	GOPR0007R.MP4	31830	29.97003
BS03	1	0	0.00000	0	GP010007R.MP4	31830	29.97003
BS03	1	0	0.00000	0	GP020007R.MP4	9990	29.97003
BS04	0	0	0.00000	0	GOPR0049.MP4	31830	29.97003
BS04	0	0	0.00000	0	GP010049.MP4	31830	29.97003
BS04	0	0	0.00000	0	GP020049.MP4	6531	29.97003
BS04	1	0	0.00000	0	GOPR0027.MP4	31830	29.97003
BS04	1	0	0.00000	0	GP010027.MP4	31830	29.97003
BS04	1	0	0.00000	0	GP020027.MP4	7547	29.97003
CT01	0	0	0.00000	0	CT01Left (1).MP4	31830	29.97003
CT01	0	0	0.00000	0	CT01Left (2).MP4	31830	29.97003
CT01	0	0	0.00000	0	CT01Left (3).MP4	21977	29.97003
CT01	1	0	0.00000	0	CT01Right (1).MP4	31830	29.97003
CT01	1	0	0.00000	0	CT01Right (2).MP4	31830	29.97003
CT01	1	0	0.00000	0	CT01Right (3).MP4	22822	29.97003
CT02	0	0	0.00000	0	CT02Left (1).MP4	31830	29.97003
CT02	0	0	0.00000	0	CT02Left (2).MP4	31830	29.97003
CT02	0	0	0.00000	0	CT02Left (3).MP4	5484	29.97003
CT02	1	0	0.00000	0	CT02Right (1).MP4	31830	29.97003
CT02	1	0	0.00000	0	CT02Right (2).MP4	31830	29.97003
CT02	1	0	0.00000	0	CT02Right (3).MP4	7100	29.97003
CT03	0	0	0.00000	0	CT03Left (1).MP4	31830	29.97003
CT03	0	0	0.00000	0	CT03Left (2).MP4	31830	29.97003
CT03	0	0	0.00000	0	CT03Left (3).MP4	10140	29.97003
CT03	1	0	0.00000	0	CT03Right (1).MP4	31830	29.97003
CT03	1	0	0.00000	0	CT03Right (2).MP4	31830	29.97003
CT03	1	0	0.00000	0	CT03Right (3).MP4	8883	29.97003
CT04	0	0	0.00000	0	CT04Left (1).MP4	31830	29.97003
CT04	0	0	0.00000	0	CT04Left (2).MP4	31830	29.97003
CT04	0	0	0.00000	0	CT04Left (3).MP4	7145	29.97003
CT04	1	0	0.00000	0	CT04Right (1).MP4	31830	29.97003
CT04	1	0	0.00000	0	CT04Right (2).MP4	31830	29.97003
CT04	1	0	0.00000	0	CT04Right (3).MP4	6421	29.97003
CT05	0	0	0.00000	0	CT05Left (1).MP4	31830	29.97003
CT05	0	0	0.00000	0	CT05Left (2).MP4	31830	29.97003
CT05	0	0	0.00000	0	CT05Left (3).MP4	6990	29.97003
CT05	1	0	0.00000	0	CT05Right (1).MP4	31830	29.97003
CT05	1	0	0.00000	0	CT05Right (2).MP4	31830	29.97003
CT05	1	0	0.00000	0	CT05Right (3).MP4	9244	29.97003
CT06	0	0	0.00000	0	CT06Left (1).MP4	31830	29.97003
CT06	0	0	0.00000	0	CT06Left (2).MP4	31830	29.97003
CT06	0	0	0.00000	0	CT06Left (3).MP4	27661	29.97003
CT06	1	0	0.00000	0	CT06Right (1).MP4	31830	29.97003
CT06	1	0	0.00000	0	CT06Right (2).MP4	31830	29.97003
CT06	1	0	0.00000	0	CT06Right (3).MP4	26779	29.97003
CT07	0	0	0.00000	0	CT07Left (1).MP4	31830	29.97003
CT07	0	0	0.00000	0	CT07Left (2).MP4	31830	29.97003
CT07	0	0	0.00000	0	CT07Left (3).MP4	13503	29.97003
CT07	1	0	0.00000	0	CT07Right (1).MP4	31830	29.97003
CT07	1	0	0.00000	0	CT07Right (2).MP4	31830	29.97003
CT07	1	0	0.00000	0	CT07Right (3).MP4	16976	29.97003
CT08	0	0	0.00000	0	GP010015.MP4	31830	29.97003
CT08	0	0	0.00000	0	GP020015.MP4	31830	29.97003
CT08	0	0	0.00000	0	GP030015.MP4	31830	29.97003
CT08	1	0	0.00000	0	GP010020.MP4	31830	29.97003
CT08	1	0	0.00000	0	GP020020.MP4	31830	29.97003
CT08	1	0	0.00000	0	GP030020.MP4	31830	29.97003
EB01	0	0	0.00000	0	GOPR0010.MP4	31830	29.97003
EB01	0	0	0.00000	0	GP010010.MP4	31830	29.97003
EB01	0	0	0.00000	0	GP020010.MP4	3161	29.97003
EB01	1	0	0.00000	0	GOPR0010R.MP4	31830	29.97003
EB01	1	0	0.00000	0	GP010010R.MP4	31830	29.97003
EB01	1	0	0.00000	0	GP020010R.MP4	3129	29.97003
EB02	0	0	0.00000	0	GOPR0312.MP4	31830	29.97003
EB02	0	0	0.00000	0	GP010312.MP4	31830	29.97003
EB02	0	0	0.00000	0	GP020312.MP4	21936	29.97003
EB02	1	0	0.00000	0	GOPR0281r.MP4	31830	29.97003
EB02	1	0	0.00000	0	GP010281r.MP4	31830	29.97003
EB02	1	0	0.00000	0	GP020281r.MP4	22386	29.97003
EB03	0	0	0.00000	0	GP010021.MP4	31830	29.97003
EB03	0	0	0.00000	0	GP020021.MP4	31830	29.97003
EB03	0	0	0.00000	0	GP030021.MP4	8750	29.97003
EB03	1	0	0.00000	0	GP010026.MP4	31830	29.97003
EB03	1	0	0.00000	0	GP020026.MP4	31830	29.97003
EB03	1	0	0.00000	0	GP030026.MP4	9521	29.97003
EB04	0	0	0.00000	0	GP010053.MP4	31830	29.97003
EB04	0	0	0.00000	0	GP020053.MP4	31830	29.97003
EB04	0	0	0.00000	0	GP030053.MP4	27731	29.97003
EB04	1	0	0.00000	0	GP010030R.MP4	31830	29.97003
EB04	1	0	0.00000	0	GP020030R.MP4	31830	29.97003
EB04	1	0	0.00000	0	GP030030R.MP4	27252	29.97003
EB05	0	0	0.00000	0	L_GOPR0052.MP4	31830	29.97003
EB05	0	0	0.00000	0	GP010052.MP4	31830	29.97003
EB05	0	0	0.00000	0	GP020052.MP4	30869	29.97003
EB05	1	0	0.00000	0	R_GOPR0029.MP4	31830	29.97003
EB05	1	0	0.00000	0	GP010029.MP4	31830	29.97003
EB05	1	0	0.00000	0	GP020029.MP4	31830	29.97003
EB06	0	0	0.00000	0	GP030009.MP4	31830	29.97003
EB06	0	0	0.00000	0	GP040009.MP4	31830	29.97003
EB06	0	0	0.00000	0	GP050009.MP4	17252	29.97003
EB06	1	0	0.00000	0	EB06_RIGHT1.MP4	31830	29.97003
EB06	1	0	0.00000	0	EB06_RIGHT2.MP4	31830	29.97003
EB06	1	0	0.00000	0	EB06_RIGHT3.MP4	18354	29.97003
EB07	0	0	0.00000	0	GP020311.MP4	31830	29.97003
EB07	0	0	0.00000	0	GP030311.MP4	31830	29.97003
EB07	0	0	0.00000	0	GP040311.MP4	28846	29.97003
EB07	1	0	0.00000	0	GP020280.MP4	31830	29.97003
EB07	1	0	0.00000	0	GP030280.MP4	31830	29.97003
EB07	1	0	0.00000	0	GP040280.MP4	29645	29.97003
EB08	0	0	0.00000	0	GP020020.MP4	31830	29.97003
EB08	0	0	0.00000	0	GP030020.MP4	31830	29.97003
EB08	0	0	0.00000	0	GP040020.MP4	6595	29.97003
EB08	1	0	0.00000	0	GP020025.MP4	31830	29.97003
EB08	1	0	0.00000	0	GP030025.MP4	31830	29.97003
EB08	1	0	0.00000	0	GP040025.MP4	7457	29.97003
FIHPZ01	0	0	0.00000	0	L_GOPR0044.MP4	31830	29.97003
FIHPZ01	0	0	0.00000	0	L_GP010044.MP4	31830	29.97003
FIHPZ01	0	0	0.00000	0	L_GP020044.MP4	7221	29.97003
FIHPZ01	1	0	0.00000	0	R_GOPR0048.MP4	31830	29.97003
FIHPZ01	1	0	0.00000	0	R_GP010048.MP4	31830	29.97003
FIHPZ01	1	0	0.00000	0	R_GP020048.MP4	7497	29.97003
FIHPZ02	0	0	0.00000	0	L_GOPR0038.MP4	31830	29.97003
FIHPZ02	0	0	0.00000	0	L_GP010038.MP4	31830	29.97003
FIHPZ02	0	0	0.00000	0	L_GP020038.MP4	1553	29.97003
FIHPZ02	1	0	0.00000	0	R_GOPR0042.MP4	31830	29.97003
FIHPZ02	1	0	0.00000	0	R_GP010042.MP4	31830	29.97003
FIHPZ02	1	0	0.00000	0	R_GP020042.MP4	2156	29.97003
FIHPZ04	0	0	0.00000	0	L_GOPR0043.MP4	31830	29.97003
FIHPZ04	0	0	0.00000	0	L_GP010043.MP4	31830	29.97003
FIHPZ04	0	0	0.00000	0	L_GP020043.MP4	2749	29.97003
FIHPZ04	1	0	0.00000	0	R_GOPR0047.MP4	31830	29.97003
FIHPZ04	1	0	0.00000	0	R_GP010047.MP4	31830	29.97003
FIHPZ04	1	0	0.00000	0	R_GP020047.MP4	2777	29.97003
FIHPZ05	0	0	0.00000	0	L_GOPR0080.MP4	31830	29.97003
FIHPZ05	0	0	0.00000	0	L_GP010080.MP4	31830	29.97003
FIHPZ05	0	0	0.00000	0	L_GP020080.MP4	2417	29.97003
FIHPZ05	1	0	0.00000	0	R_GOPR0058.MP4	31830	29.97003
FIHPZ05	1	0	0.00000	0	R_GP010058.MP4	31830	29.97003
FIHPZ05	1	0	0.00000	0	R_GP020058.MP4	2749	29.97003
FIHPZ06	0	0	0.00000	0	L_GOPR0042.MP4	31830	29.97003
FIHPZ06	0	0	0.00000	0	L_GP010042.MP4	31830	29.97003
FIHPZ06	0	0	0.00000	0	L_GP020042.MP4	10543	29.97003
FIHPZ06	1	0	0.00000	0	R_GOPR0046.MP4	31830	29.97003
FIHPZ06	1	0	0.00000	0	R_GP010046.MP4	31830	29.97003
FIHPZ06	1	0	0.00000	0	R_GP020046.MP4	10614	29.97003
FIHPZ07	0	0	0.00000	0	L_GOPR0079.MP4	31830	29.97003
FIHPZ07	0	0	0.00000	0	L_GP010079.MP4	31830	29.97003
FIHPZ07	0	0	0.00000	0	L_GP020079.MP4	2234	29.97003
FIHPZ07	1	0	0.00000	0	R_GOPR0057.MP4	31830	29.97003
FIHPZ07	1	0	0.00000	0	R_GP010057.MP4	31830	29.97003
FIHPZ07	1	0	0.00000	0	R_GP020057.MP4	2294	29.97003
FIHPZ08	0	0	0.00000	0	L_GOPR0036.MP4	31830	29.97003
FIHPZ08	0	0	0.00000	0	L_GP010036.MP4	31830	29.97003
FIHPZ08	0	0	0.00000	0	L_GP020036.MP4	9990	29.97003
FIHPZ08	1	0	0.00000	0	R_GOPR0041.MP4	31830	29.97003
FIHPZ08	1	0	0.00000	0	R_GP010041.MP4	31830	29.97003
FIHPZ08	1	0	0.00000	0	R_GP020041.MP4	10273	29.97003
FIHPZ08	1	0	0.00000	0	FIHPZ08__01_L_GOPR0036.MP4_0019348.mp4	151	29.97003
FIHPZ09	0	0	0.00000	0	L_GOPR0078.MP4	31830	29.97003
FIHPZ09	0	0	0.00000	0	L_GP010078.MP4	31830	29.97003
FIHPZ09	0	0	0.00000	0	L_GP020078.MP4	5992	29.97003
FIHPZ09	1	0	0.00000	0	R_GOPR0056.MP4	31830	29.97003
FIHPZ09	1	0	0.00000	0	R_GP010056.MP4	31830	29.97003
FIHPZ09	1	0	0.00000	0	R_GP020056.MP4	6239	29.97003
FISZ01	0	0	0.00000	0	L_GOPR0077.MP4	31830	29.97003
FISZ01	0	0	0.00000	0	L_GP010077.MP4	31830	29.97003
FISZ01	0	0	0.00000	0	L_GP020077.MP4	13471	29.97003
FISZ01	1	0	0.00000	0	R_GOPR0055.MP4	31830	29.97003
FISZ01	1	0	0.00000	0	R_GP010055.MP4	31830	29.97003
FISZ01	1	0	0.00000	0	R_GP020055.MP4	13558	29.97003
FISZ02	0	0	0.00000	0	L_GOPR0333.MP4	31830	29.97003
FISZ02	0	0	0.00000	0	L_GP010333.MP4	31830	29.97003
FISZ02	0	0	0.00000	0	L_GP020333.MP4	31830	29.97003
FISZ02	1	0	0.00000	0	R_GOPR5577.MP4	31830	29.97003
FISZ02	1	0	0.00000	0	R_GP015577.MP4	31830	29.97003
FISZ02	1	0	0.00000	0	R_GP025577.MP4	31830	29.97003
FISZ03	0	0	0.00000	0	L_GOPR0034.MP4	31830	29.97003
FISZ03	0	0	0.00000	0	L_GP010034.MP4	31830	29.97003
FISZ03	0	0	0.00000	0	L_GP020034.MP4	31830	29.97003
FISZ03	0	0	0.00000	0	L_GP030034.MP4	8485	29.97003
FISZ03	1	0	0.00000	0	R_GOPR0039.MP4	31830	29.97003
FISZ03	1	0	0.00000	0	R_GP010039.MP4	31830	29.97003
FISZ03	1	0	0.00000	0	R_GP020039.MP4	31830	29.97003
FISZ03	1	0	0.00000	0	R_GP030039.MP4	9489	29.97003
FISZ04	0	0	0.00000	0	L_GOPR0076.MP4	31830	29.97003
FISZ04	0	0	0.00000	0	L_GP010076.MP4	31830	29.97003
FISZ04	0	0	0.00000	0	L_GP020076.MP4	31830	29.97003
FISZ04	0	0	0.00000	0	L_GP030076.MP4	31830	29.97003
FISZ04	1	0	0.00000	0	R_GOPR0054.MP4	31830	29.97003
FISZ04	1	0	0.00000	0	R_GP010054.MP4	31830	29.97003
FISZ04	1	0	0.00000	0	R_GP020054.MP4	31830	29.97003
FISZ04	1	0	0.00000	0	R_GP030054.MP4	31830	29.97003
FISZ06	0	0	0.00000	0	L_GOPR0075.MP4	31830	29.97003
FISZ06	0	0	0.00000	0	L_GP010075.MP4	31830	29.97003
FISZ06	0	0	0.00000	0	L_GP020075.MP4	4283	29.97003
FISZ06	1	0	0.00000	0	R_GOPR0053.MP4	31830	29.97003
FISZ06	1	0	0.00000	0	R_GP010053.MP4	31830	29.97003
FISZ06	1	0	0.00000	0	R_GP020053.MP4	4345	29.97003
FISZ07	0	0	0.00000	0	L_GOPR0033.MP4	31830	29.97003
FISZ07	0	0	0.00000	0	L_GP010033.MP4	31830	29.97003
FISZ07	0	0	0.00000	0	L_GP020033.MP4	4909	29.97003
FISZ07	1	0	0.00000	0	R_GOPR0038.MP4	31830	29.97003
FISZ07	1	0	0.00000	0	R_GP010038.MP4	31830	29.97003
FISZ07	1	0	0.00000	0	R_GP020038.MP4	4952	29.97003
FISZ08	0	0	0.00000	0	L_GOPR0332.MP4	31830	29.97003
FISZ08	0	0	0.00000	0	L_GP010332.MP4	31830	29.97003
FISZ08	0	0	0.00000	0	L_GP020332.MP4	5200	29.97003
FISZ08	1	0	0.00000	0	R_GOPR5576.MP4	31830	29.97003
FISZ08	1	0	0.00000	0	R_GP015576.MP4	31830	29.97003
FISZ08	1	0	0.00000	0	R_GP025576.MP4	5405	29.97003
FISZ09	0	0	0.00000	0	L_GOPR0041.MP4	31830	29.97003
FISZ09	0	0	0.00000	0	L_GP010041.MP4	31830	29.97003
FISZ09	0	0	0.00000	0	L_GP020041.MP4	5496	29.97003
FISZ09	1	0	0.00000	0	R_GOPR0045.MP4	31830	29.97003
FISZ09	1	0	0.00000	0	R_GP010045.MP4	31830	29.97003
FISZ09	1	0	0.00000	0	R_GP020045.MP4	5838	29.97003
LI03	0	0	0.00000	0	LI03Left (1).MP4	31830	29.97003
LI03	0	0	0.00000	0	LI03Left (2).MP4	31830	29.97003
LI03	0	0	0.00000	0	LI03Left (3).MP4	31830	29.97003
LI03	1	0	0.00000	0	LI03Right (1).MP4	31830	29.97003
LI03	1	0	0.00000	0	LI03Right (2).MP4	31830	29.97003
LI03	1	0	0.00000	0	LI03Right (3).MP4	31830	29.97003
LI05	0	0	0.00000	0	LI05Left (1).MP4	31830	29.97003
LI05	0	0	0.00000	0	LI05Left (2).MP4	31830	29.97003
LI05	0	0	0.00000	0	LI05Left (3).MP4	26280	29.97003
LI05	1	0	0.00000	0	LI05Right (1).MP4	31830	29.97003
LI05	1	0	0.00000	0	LI05Right (2).MP4	31830	29.97003
LI05	1	0	0.00000	0	LI05Right (3).MP4	26561	29.97003
LI08	0	0	0.00000	0	LI08Left (1).MP4	31830	29.97003
LI08	0	0	0.00000	0	LI08Left (2).MP4	31830	29.97003
LI08	0	0	0.00000	0	LI08Left (3).MP4	12764	29.97003
LI08	1	0	0.00000	0	LI08Right (1).MP4	31830	29.97003
LI08	1	0	0.00000	0	LI08Right (2).MP4	31830	29.97003
LI08	1	0	0.00000	0	LI08Right (3).MP4	11421	29.97003
LI09	0	0	0.00000	0	LI09Left (1).MP4	31830	29.97003
LI09	0	0	0.00000	0	LI09Left (2).MP4	31830	29.97003
LI09	0	0	0.00000	0	LI09Left (3).MP4	17669	29.97003
LI09	1	0	0.00000	0	LI09Right (1).MP4	31830	29.97003
LI09	1	0	0.00000	0	LI09Right (2).MP4	31830	29.97003
LI09	1	0	0.00000	0	LI09Right (3).MP4	17312	29.97003
LS01	0	0	0.00000	0	GOPR0008.MP4	31830	29.97003
LS01	0	0	0.00000	0	GP010008.MP4	31830	29.97003
LS01	0	0	0.00000	0	GP020008.MP4	31830	29.97003
LS01	0	0	0.00000	0	GP030008.MP4	10864	29.97003
LS01	1	0	0.00000	0	RGOPR0008.MP4	31830	29.97003
LS01	1	0	0.00000	0	RGP010008.MP4	31830	29.97003
LS01	1	0	0.00000	0	RGP020008.MP4	31830	29.97003
LS01	1	0	0.00000	0	RGP030008.MP4	12922	29.97003
LS02	0	0	0.00000	0	GP010310.MP4	31830	29.97003
LS02	0	0	0.00000	0	GP020310.MP4	31830	29.97003
LS02	0	0	0.00000	0	GP030310.MP4	31830	29.97003
LS02	1	0	0.00000	0	GP010279.MP4	31830	29.97003
LS02	1	0	0.00000	0	GP020279.MP4	31830	29.97003
LS02	1	0	0.00000	0	GP030279.MP4	31830	29.97003
LS03	0	0	0.00000	0	GP020019.MP4	31830	29.97003
LS03	0	0	0.00000	0	GP030019.MP4	31830	29.97003
LS03	0	0	0.00000	0	GP040019.MP4	27276	29.97003
LS03	1	0	0.00000	0	GP020024.MP4	31830	29.97003
LS03	1	0	0.00000	0	GP030024.MP4	31830	29.97003
LS03	1	0	0.00000	0	GP040024.MP4	29957	29.97003
LS04	0	0	0.00000	0	GOPR0050.MP4	31830	29.97003
LS04	0	0	0.00000	0	GP010050.MP4	31830	29.97003
LS04	0	0	0.00000	0	GP020050.MP4	12836	29.97003
LS04	1	0	0.00000	0	GOPR0028.MP4	31830	29.97003
LS04	1	0	0.00000	0	GP010028.MP4	31830	29.97003
LS04	1	0	0.00000	0	GP020028.MP4	13437	29.97003
NR01	0	0	0.00000	0	L_GOPR0054.MP4	31830	29.97003
NR01	0	0	0.00000	0	L_GP010054.MP4	31830	29.97003
NR01	1	0	0.00000	0	GOPR0031.MP4	31830	29.97003
NR01	1	0	0.00000	0	GP010031.MP4	31830	29.97003
NR02	0	0	0.00000	0	LGOPR0022.MP4	31830	29.97003
NR02	0	0	0.00000	0	LGP010022.MP4	31830	29.97003
NR02	0	0	0.00000	0	GOPR0027.MP4	31830	29.97003
NR02	1	0	0.00000	0	GOPR0027.MP4	31830	29.97003
NR02	1	0	0.00000	0	GP010027.MP4	31830	29.97003
NR03	0	0	0.00000	0	L_GOPR0313.MP4	31830	29.97003
NR03	0	0	0.00000	0	L_GP010313.MP4	31830	29.97003
NR03	1	0	0.00000	0	R_GOPR0282.MP4	31830	29.97003
NR03	1	0	0.00000	0	R_GP010282.MP4	31830	29.97003
NR04	0	0	0.00000	0	L_GOPR0012.MP4	31830	29.97003
NR04	0	0	0.00000	0	L_GP010012.MP4	31830	29.97003
NR04	1	0	0.00000	0	R_GOPR0011.MP4	31830	29.97003
NR04	1	0	0.00000	0	R_GP010011.MP4	31830	29.97003
NR05	0	0	0.00000	0	L_GOPR0013.MP4	31830	29.97003
NR05	0	0	0.00000	0	L_GP010013.MP4	31830	29.97003
NR05	1	0	0.00000	0	R_GOPR0012.MP4	31830	29.97003
NR05	1	0	0.00000	0	R_GP010012.MP4	31701	29.97003
NR06	0	0	0.00000	0	L_GOPR0314.MP4	31830	29.97003
NR06	0	0	0.00000	0	L_GP010314.MP4	31830	29.97003
NR06	0	0	0.00000	0	GP020314.MP4	14113	29.97003
NR06	1	0	0.00000	0	R_GOPR0283.MP4	31830	29.97003
NR06	1	0	0.00000	0	R_GP010283.MP4	31830	29.97003
NR06	1	0	0.00000	0	GP020283.MP4	14623	29.97003
NR07	0	0	0.00000	0	L_GOPR0023.MP4	31830	29.97003
NR07	0	0	0.00000	0	L_GP010023.MP4	31830	29.97003
NR07	0	0	0.00000	0	L_GP020023.MP4	27807	29.97003
NR07	1	0	0.00000	0	R_GOPR0028.MP4	31830	29.97003
NR07	1	0	0.00000	0	R_GP010028.MP4	31830	29.97003
NR07	1	0	0.00000	0	R_GP020028.MP4	27580	29.97003
NR08	0	0	0.00000	0	L_GP010055.MP4	31830	29.97003
NR08	0	0	0.00000	0	L_GP020055.MP4	31830	29.97003
NR08	0	0	0.00000	0	GP030055.MP4	10846	29.97003
NR08	1	0	0.00000	0	r_GP010032.MP4	31830	29.97003
NR08	1	0	0.00000	0	r_GP020032.MP4	31830	29.97003
NR08	1	0	0.00000	0	GP030032.MP4	10072	29.97003
OG01	0	0	0.00000	0	GOPR0056.MP4	31830	29.97003
OG01	0	0	0.00000	0	GP010056.MP4	31830	29.97003
OG01	0	0	0.00000	0	GP020056.MP4	8528	29.97003
OG01	1	0	0.00000	0	OG01_Right1.mp4	26008	29.97003
OG01	1	0	0.00000	0	OG01_Right2.mp4	31830	29.97003
OG01	1	0	0.00000	0	OG01_Right3.mp4	3490	29.97003
OG02	0	0	0.00000	0	GOPR0015.MP4	31830	29.97003
OG02	0	0	0.00000	0	GP010015.MP4	31830	29.97003
OG02	0	0	0.00000	0	GP020015.MP4	6332	29.97003
OG02	1	0	0.00000	0	GOPR0014.MP4	31830	29.97003
OG02	1	0	0.00000	0	GP010014.MP4	31830	29.97003
OG02	1	0	0.00000	0	GP020014.MP4	6288	29.97003
OG03	0	0	0.00000	0	GOPR0058.MP4	31830	29.97003
OG03	0	0	0.00000	0	GP010058.MP4	31830	29.97003
OG03	0	0	0.00000	0	GP020058.MP4	12105	29.97003
OG03	1	0	0.00000	0	GOPR0035.MP4	31830	29.97003
OG03	1	0	0.00000	0	GP010035.MP4	31830	29.97003
OG03	1	0	0.00000	0	GP020035.MP4	12011	29.97003
OG04	0	0	0.00000	0	GOPR0014.MP4	31830	29.97003
OG04	0	0	0.00000	0	GP010014.MP4	31830	29.97003
OG04	0	0	0.00000	0	GP020014.MP4	12837	29.97003
OG04	1	0	0.00000	0	GOPR0013.MP4	31830	29.97003
OG04	1	0	0.00000	0	GP010013.MP4	31830	29.97003
OG04	1	0	0.00000	0	GP020013.MP4	12755	29.97003
OG05	0	0	0.00000	0	GOPR0026.MP4	31830	29.97003
OG05	0	0	0.00000	0	GP010026.MP4	31830	29.97003
OG05	0	0	0.00000	0	GP020026.MP4	14147	29.97003
OG05	1	0	0.00000	0	GOPR0030.MP4	31830	29.97003
OG05	1	0	0.00000	0	GP010030.MP4	31830	29.97003
OG05	1	0	0.00000	0	GP020030.MP4	14153	29.97003
OG06	0	0	0.00000	0	GOPR0017.MP4	31830	29.97003
OG06	0	0	0.00000	0	GP010017.MP4	31830	29.97003
OG06	0	0	0.00000	0	GP020017.MP4	15349	29.97003
OG06	1	0	0.00000	0	GOPR0016.MP4	31830	29.97003
OG06	1	0	0.00000	0	GP010016.MP4	31830	29.97003
OG06	1	0	0.00000	0	GP020016.MP4	15352	29.97003
OG07	0	0	0.00000	0	GP010057.MP4	31830	29.97003
OG07	0	0	0.00000	0	GP020057.MP4	31830	29.97003
OG07	0	0	0.00000	0	GP030057.MP4	31830	29.97003
OG07	1	0	0.00000	0	OG06_Right1.mp4	31830	29.97003
OG07	1	0	0.00000	0	OG06_Right2.mp4	31830	29.97003
OG07	1	0	0.00000	0	OG06_Right3.mp4	28938	29.97003
OG08	0	0	0.00000	0	GP010025.MP4	31830	29.97003
OG08	0	0	0.00000	0	GP020025.MP4	31830	29.97003
OG08	0	0	0.00000	0	GP030025.MP4	12520	29.97003
OG08	1	0	0.00000	0	GP010029.MP4	31830	29.97003
OG08	1	0	0.00000	0	GP020029.MP4	31830	29.97003
OG08	1	0	0.00000	0	GP030029.MP4	11632	29.97003
PN01	0	0	0.00000	0	GOPR0069_L.MP4	31830	29.97003
PN01	0	0	0.00000	0	GP010069_L.MP4	31830	29.97003
PN01	0	0	0.00000	0	GP020069_L.MP4	8315	29.97003
PN01	1	0	0.00000	0	GOPR0047_R.MP4	31830	29.97003
PN01	1	0	0.00000	0	GP010047_R.MP4	31830	29.97003
PN01	1	0	0.00000	0	GP020047_R.MP4	8223	29.97003
PN02	0	0	0.00000	0	GOPR0029_L.MP4	31830	29.97003
PN02	0	0	0.00000	0	GP010029_L.MP4	31830	29.97003
PN02	0	0	0.00000	0	GP020029_L.MP4	7177	29.97003
PN02	1	0	0.00000	0	GOPR0032_R.MP4	31830	29.97003
PN02	1	0	0.00000	0	GP010032_R.MP4	31830	29.97003
PN02	1	0	0.00000	0	GP020032_R.MP4	7253	29.97003
PN03	0	0	0.00000	0	GOPR0038_L.MP4	31830	29.97003
PN03	0	0	0.00000	0	GP010038_L.MP4	31830	29.97003
PN03	0	0	0.00000	0	GP020038_L.MP4	5856	29.97003
PN03	1	0	0.00000	0	GOPR0042_R.MP4	31830	29.97003
PN03	1	0	0.00000	0	GP010042_R.MP4	31830	29.97003
PN03	1	0	0.00000	0	GP020042_R.MP4	5921	29.97003
PN04	0	0	0.00000	0	GOPR0329_L.MP4	31830	29.97003
PN04	0	0	0.00000	0	GP010329_L.MP4	31830	29.97003
PN04	0	0	0.00000	0	GP020329_L.MP4	7163	29.97003
PN04	1	0	0.00000	0	GOPR5573_R.MP4	31830	29.97003
PN04	1	0	0.00000	0	GP015573_R.MP4	31830	29.97003
PN04	1	0	0.00000	0	GP025573_R.MP4	7363	29.97003
PN05	0	0	0.00000	0	GOPR0070_L.MP4	31830	29.97003
PN05	0	0	0.00000	0	GP010070_L.MP4	31830	29.97003
PN05	0	0	0.00000	0	GP020070_L.MP4	9411	29.97003
PN05	1	0	0.00000	0	GOPR0048_R.MP4	31830	29.97003
PN05	1	0	0.00000	0	GP010048_R.MP4	31830	29.97003
PN05	1	0	0.00000	0	GP020048_R.MP4	9415	29.97003
PN06	0	0	0.00000	0	GOPR0030_L.MP4	31830	29.97003
PN06	0	0	0.00000	0	GP010030_L.MP4	31830	29.97003
PN06	0	0	0.00000	0	GP020030_L.MP4	9788	29.97003
PN06	1	0	0.00000	0	GOPR0035_R.MP4	31830	29.97003
PN06	1	0	0.00000	0	GP010035_R.MP4	31830	29.97003
PN06	1	0	0.00000	0	GP020035_R.MP4	9455	29.97003
PN07	0	0	0.00000	0	GOPR0039_L.MP4	31830	29.97003
PN07	0	0	0.00000	0	GP010039_L.MP4	31830	29.97003
PN07	0	0	0.00000	0	GP020039_L.MP4	9983	29.97003
PN07	1	0	0.00000	0	GOPR0043_R.MP4	31830	29.97003
PN07	1	0	0.00000	0	GP010043_R.MP4	31830	29.97003
PN07	1	0	0.00000	0	GP020043_R.MP4	9773	29.97003
PN08	0	0	0.00000	0	GOPR0330_L.MP4	31830	29.97003
PN08	0	0	0.00000	0	GP010330_L.MP4	31830	29.97003
PN08	0	0	0.00000	0	GP020330_L.MP4	9501	29.97003
PN08	0	0	0.00000	0	GOPR0330.MP4	31830	29.97003
PN08	1	0	0.00000	0	GOPR5574_R.MP4	31830	29.97003
PN08	1	0	0.00000	0	GP015574_R.MP4	31830	29.97003
PN08	1	0	0.00000	0	GP025574_R.MP4	9781	29.97003
PN08	1	0	0.00000	0	GOPR5574.MP4	31830	29.97003
SM01	0	0	0.00000	0	GOPR0071_L.MP4	31830	29.97003
SM01	0	0	0.00000	0	GP010071_L.MP4	31830	29.97003
SM01	0	0	0.00000	0	GP020071_L.MP4	7671	29.97003
SM01	1	0	0.00000	0	GOPR0049_R.MP4	31830	29.97003
SM01	1	0	0.00000	0	GP010049_R.MP4	31830	29.97003
SM01	1	0	0.00000	0	GP020049_R.MP4	7712	29.97003
SM03	0	0	0.00000	0	GOPR0040_L.MP4	31830	29.97003
SM03	0	0	0.00000	0	GP010040_L.MP4	31830	29.97003
SM03	0	0	0.00000	0	GP020040_L.MP4	14288	29.97003
SM03	1	0	0.00000	0	GOPR0044_R.MP4	31830	29.97003
SM03	1	0	0.00000	0	GP010044_R.MP4	31830	29.97003
SM03	1	0	0.00000	0	GP020044_R.MP4	14333	29.97003
SM04	0	0	0.00000	0	GOPR0331_L.MP4	31830	29.97003
SM04	0	0	0.00000	0	GP010331_L.MP4	31830	29.97003
SM04	0	0	0.00000	0	GP020331_L.MP4	20571	29.97003
SM04	1	0	0.00000	0	GOPR5575_R.MP4	31830	29.97003
SM04	1	0	0.00000	0	GP015575_R.MP4	31830	29.97003
SM04	1	0	0.00000	0	GP025575_R.MP4	20767	29.97003
SM06	0	0	0.00000	0	GOPR0032_L.MP4	31830	29.97003
SM06	0	0	0.00000	0	GP010032_L.MP4	31830	29.97003
SM06	0	0	0.00000	0	GP020032_L.MP4	5148	29.97003
SM06	1	0	0.00000	0	GOPR0037_R.MP4	31830	29.97003
SM06	1	0	0.00000	0	GP010037_R.MP4	31830	29.97003
SM06	1	0	0.00000	0	GP020037_R.MP4	5450	29.97003
SNR02	0	0	0.00000	0	L_GOPR0066.MP4	31830	29.97003
SNR02	0	0	0.00000	0	L_GP010066.MP4	31830	29.97003
SNR02	0	0	0.00000	0	L_GP020066.MP4	12743	29.97003
SNR02	1	0	0.00000	0	R_GOPR0044.MP4	31830	29.97003
SNR02	1	0	0.00000	0	R_GP010044.MP4	31830	29.97003
SNR02	1	0	0.00000	0	R_GP020044.MP4	12705	29.97003
SNR03	0	0	0.00000	0	L_GOPR0026.MP4	31830	29.97003
SNR03	0	0	0.00000	0	L_GP010026.MP4	31830	29.97003
SNR03	0	0	0.00000	0	L_GP020026.MP4	8612	29.97003
SNR03	1	0	0.00000	0	R_GOPR0028.MP4	31830	29.97003
SNR03	1	0	0.00000	0	R_GP010028.MP4	31830	29.97003
SNR03	1	0	0.00000	0	R_GP020028.MP4	8682	29.97003
SNR05	0	0	0.00000	0	L_GOPR0035.MP4	31830	29.97003
SNR05	0	0	0.00000	0	L_GP010035.MP4	31830	29.97003
SNR05	0	0	0.00000	0	L_GP020035.MP4	10516	29.97003
SNR05	1	0	0.00000	0	R_GOPR0039.MP4	31830	29.97003
SNR05	1	0	0.00000	0	R_GP010039.MP4	31830	29.97003
SNR05	1	0	0.00000	0	R_GP020039.MP4	10809	29.97003
SNR06	0	0	0.00000	0	L_GOPR0065.MP4	31830	29.97003
SNR06	0	0	0.00000	0	L_GP010065.MP4	31830	29.97003
SNR06	1	0	0.00000	0	R_GOPR0043.MP4	31830	29.97003
SNR06	1	0	0.00000	0	R_GP010043.MP4	31830	29.97003
SNR07	0	0	0.00000	0	L_GOPR0025.MP4	31830	29.97003
SNR07	0	0	0.00000	0	L_GP010025.MP4	31830	29.97003
SNR07	0	0	0.00000	0	L_GP020025.MP4	3506	29.97003
SNR07	1	0	0.00000	0	R_GOPR0027.MP4	31830	29.97003
SNR07	1	0	0.00000	0	R_GP010027.MP4	31830	29.97003
SNR07	1	0	0.00000	0	R_GP020027.MP4	3526	29.97003
SNR08	0	0	0.00000	0	L_GOPR0325.MP4	31830	29.97003
SNR08	0	0	0.00000	0	L_GP010325.MP4	31830	29.97003
SNR08	0	0	0.00000	0	L_GP020325.MP4	14034	29.97003
SNR08	1	0	0.00000	0	R_GOPR5569.MP4	31830	29.97003
SNR08	1	0	0.00000	0	R_GP015569.MP4	31830	29.97003
SNR08	1	0	0.00000	0	R_GP025569.MP4	14054	29.97003
SNR09	0	0	0.00000	0	L_GOPR0034.MP4	31830	29.97003
SNR09	0	0	0.00000	0	L_GP010034.MP4	31830	29.97003
SNR09	1	0	0.00000	0	R_GOPR0038.MP4	31830	29.97003
SNR09	1	0	0.00000	0	R_GP010038.MP4	31830	29.97003
SNR10	0	0	0.00000	0	L_GOPR0326.MP4	31830	29.97003
SNR10	0	0	0.00000	0	L_GP010326.MP4	31830	29.97003
SNR10	0	0	0.00000	0	L_GP020326.MP4	11342	29.97003
SNR10	1	0	0.00000	0	R_GOPR5570.MP4	31830	29.97003
SNR10	1	0	0.00000	0	R_GP015570.MP4	31830	29.97003
SNR10	1	0	0.00000	0	R_GP025570.MP4	11411	29.97003
