OpCode	ImagePtPair	Index	Lx	Ly	Rx	Ry
NF_012	0	0	597.71983	579.34328	349.49843	568.65299
NF_012	0	1	637.50997	567.25373	391.80693	556.56343
NF_012	1	0	708.52781	542.57090	453.75866	533.89552
NF_012	1	1	739.75551	518.89552	492.03778	507.70149
NF_012	2	0	215.76705	909.08209	108.79328	873.75000
NF_012	2	1	336.14481	859.71642	216.07555	829.42164
NF_012	3	0	1426.93494	296.13433	1210.17524	286.02985
NF_012	3	1	1477.80588	258.35448	1260.54250	247.24254
NF_012	4	0	1483.84995	206.47015	1063.10283	201.90672
NF_012	4	1	1535.72823	251.80597	1116.99580	250.76866
NF_012	5	0	1267.25184	358.13433	1074.68730	349.50000
NF_012	5	1	1327.18888	358.63806	1121.52886	351.51493
NF_012	6	0	1554.03882	341.12687	1197.07975	332.87687
NF_012	6	1	1606.42078	313.92537	1253.49108	307.18657
NF_012	7	0	911.99895	334.41791	718.83736	327.10821
NF_012	7	1	955.81847	349.02612	758.12382	340.70896
NF_012	8	0	695.90661	517.43284	535.35152	509.70149
NF_012	8	1	770.45016	533.55224	612.91710	526.82836
NF_012	9	0	1035.87303	582.04478	930.54984	575.36194
NF_012	9	1	1089.76600	572.97761	983.93914	566.79851
NF_012	10	0	802.15635	670.37687	328.16684	661.04104
NF_012	10	1	743.22665	637.13060	274.27387	626.78731
NF_012	11	0	874.18153	607.91418	353.85414	598.07463
NF_012	11	1	821.79958	600.35821	298.45016	591.52612
NF_012	12	0	937.92445	525.71269	305.50157	509.92164
NF_012	12	1	870.93599	510.09701	209.30010	493.29851
NF_012	13	0	781.21826	568.57836	367.17733	549.63806
NF_012	13	1	725.81427	542.88806	288.60441	511.35448
NF_012	14	0	783.23295	543.39179	434.16579	532.00746
NF_012	14	1	728.83631	516.19030	368.68835	503.29478
NF_012	15	0	771.14481	609.88433	378.25813	598.50000
NF_012	15	1	728.33263	582.17910	318.32109	569.78731
NF_012	16	0	543.48478	518.70896	152.61280	501.27985
NF_012	16	1	497.14690	481.93657	88.14271	467.52985
NF_012	17	0	1267.01679	537.04478	943.31480	530.36940
NF_012	17	1	1330.47954	518.40672	987.63799	525.33209
NF_012	18	0	1352.64113	568.27612	982.09759	562.10448
NF_012	18	1	1303.78489	567.77239	934.24869	561.60075
NF_012	19	0	819.79958	181.53358	414.21511	161.42910
NF_012	19	1	772.95803	133.17537	362.84050	111.55970
NF_012	20	0	1858.04827	385.54104	1398.87303	384.68284
NF_012	20	1	1783.00105	373.45149	1338.43232	373.09701
NF_012	21	0	1417.14586	358.65672	1191.46905	349.39179
NF_012	21	1	1465.49843	366.71642	1239.31794	358.96269
NF_012	22	0	1502.26653	421.62313	1136.56873	414.37313
NF_012	22	1	1456.43232	393.91791	1102.31899	386.16418
NF_012	23	0	1360.73452	454.86940	1088.71983	449.63433
NF_012	23	1	1322.95908	448.32090	1050.44071	440.56716
NF_012	24	0	1433.26338	452.35075	1043.89297	447.11567
NF_012	24	1	1397.50262	430.18657	1003.09549	424.44776
NF_012	25	0	1411.10178	372.76119	1046.41133	366.51866
NF_012	25	1	1360.23085	353.11567	993.02204	344.85821
NF_012	26	0	1849.48583	654.04478	1223.53830	640.44403
NF_012	26	1	1726.08604	633.89552	1147.48374	621.80597
NF_012	27	0	1300.94334	696.39179	970.54250	687.05597
NF_012	27	1	1404.19622	749.28358	1048.61175	747.50373
NF_012	28	0	1239.99475	595.89552	963.27072	588.04478
NF_012	28	1	1375.48269	577.76119	1081.63379	573.43657
NF_012	29	0	1124.86254	373.49627	917.54250	364.48881
NF_012	29	1	1194.36936	316.57463	986.54565	310.58955
NF_012	30	0	1139.37775	517.42910	813.95803	509.11940
NF_012	30	1	1251.19307	451.94403	924.26233	442.12313
NF_012	31	0	1434.44701	501.62313	1131.89927	496.66045
NF_012	31	1	1568.92760	469.38433	1230.61910	461.90299
NF_012	32	0	1097.83945	528.91791	571.02728	516.00746
NF_012	32	1	1022.28856	526.90299	526.70409	518.52612
NF_012	33	0	1393.63064	457.00000	1138.09024	449.50373
NF_012	33	1	1459.61175	433.32463	1199.03463	431.36940
NF_012	34	0	1541.20672	424.25746	1161.76285	417.26493
NF_012	34	1	1646.47429	425.26493	1251.92025	421.29478
NF_012	35	0	1432.25498	565.57090	804.88038	556.99254
NF_012	35	1	1309.86254	561.03731	717.24134	551.95522
NF_012	36	0	919.10913	384.74627	802.25918	378.90299
NF_012	36	1	990.63064	376.68657	873.27702	367.82090
NF_012	37	0	1064.16684	414.46642	864.21091	407.11194
NF_012	37	1	1145.76180	405.39925	949.33158	396.53358
NF_012	38	0	1091.86884	453.75746	913.57083	447.41045
NF_012	38	1	1161.87933	425.54851	987.61070	421.72015
NF_012	39	0	1529.46170	308.44403	1215.83316	302.33955
NF_012	39	1	1666.46065	302.90299	1333.18888	298.81343
NF_012	40	0	1216.45435	455.65299	945.04617	448.09701
NF_012	40	1	1266.82162	460.69030	1013.54565	449.60821
NF_012	41	0	822.54984	441.97761	698.57188	434.69030
NF_012	41	1	886.01259	450.54104	759.01259	445.77239
NF_012	42	0	1011.64113	635.05597	558.81427	624.35448
NF_012	42	1	948.68206	665.78358	467.14586	657.09701
NF_012	43	0	1158.04617	518.08209	793.41343	512.55597
NF_012	43	1	1096.09444	514.55597	727.43232	506.00746
NF_012	44	0	1186.75551	530.67537	949.55194	523.63806
NF_012	44	1	1233.59706	498.94030	984.30535	490.39179
NF_012	45	0	1169.63064	485.84328	909.42497	479.00373
NF_012	45	1	1224.02728	482.82090	963.82162	476.98881
NF_012	46	0	1208.33578	447.99254	886.13012	440.40672
NF_012	46	1	1157.46485	438.42164	843.31794	431.33955
NF_012	47	0	1273.99475	591.06716	956.29591	582.85821
NF_012	47	1	1322.85100	559.83582	1000.61910	553.13806
NF_012	48	0	1370.72928	390.66791	1090.59706	381.67537
NF_012	48	1	1426.13326	364.47388	1140.46065	353.97015
NF_012	49	0	1367.70724	423.41045	1014.54250	418.44776
NF_012	49	1	1318.34732	411.82463	960.14586	400.81716
NF_012	50	0	1003.61175	345.89552	780.17104	336.39925
NF_012	50	1	959.28856	338.84328	741.38825	331.86567
NF_012	51	0	1324.61700	116.36194	1138.50682	102.25746
NF_012	51	1	1373.97692	126.94030	1187.36306	111.32463
NF_012	52	0	1523.49108	518.94030	1127.08290	511.99254
NF_012	52	1	1590.47954	517.93284	1175.93914	514.51119
NF_012	53	0	1317.09024	402.66791	1035.87723	394.16418
NF_012	53	1	1375.01259	384.02985	1087.75551	376.53358
NF_012	54	0	1415.30640	347.25746	1082.21511	341.77612
NF_012	54	1	1359.39874	321.56716	1041.41763	316.58955
NF_021	0	0	1375.51312	224.14552	1102.77020	222.92537
NF_021	0	1	1488.83945	236.73881	1248.33158	234.51119
NF_021	1	0	955.46170	435.81343	872.01679	434.83582
NF_021	1	1	1049.14481	446.39179	962.17419	447.42910
NF_021	2	0	597.78174	469.41418	418.30745	468.95522
NF_021	2	1	720.17419	472.43657	512.99790	478.52612
NF_021	3	0	1388.03148	839.30224	1081.52781	841.61567
NF_021	3	1	1473.65582	881.11194	1141.46485	880.40299
NF_021	4	0	1539.12277	591.94030	1392.28437	599.48134
NF_021	4	1	1408.16789	562.72388	1271.90661	565.73134
NF_021	5	0	1289.15005	525.17910	1090.23085	525.43284
NF_021	5	1	1484.57503	448.10821	1309.32844	446.34701
NF_021	6	0	1551.31165	213.58209	1331.71039	213.58209
NF_021	6	1	1253.13431	282.12687	1087.54250	279.46642
NF_021	7	0	988.51207	368.65299	846.71039	368.08955
NF_021	7	1	754.80797	316.76866	632.64953	321.24254
NF_021	8	0	1251.12277	78.58209	1071.81532	74.55224
NF_021	8	1	1015.40399	122.91045	866.31689	118.88060
NF_021	9	0	1075.72508	453.35821	975.40189	457.77239
NF_021	9	1	854.61280	394.92537	767.38510	393.29478
NF_021	10	0	844.51941	131.33955	736.14481	140.54104
NF_021	10	1	576.06191	163.57836	463.15425	177.81716
NF_021	11	0	916.99370	342.39925	795.29171	342.02985
NF_021	11	1	670.19412	290.51493	579.71983	295.68657
NF_021	12	0	625.33578	277.13433	486.71773	284.48881
NF_021	12	1	333.70934	277.13433	225.81532	293.55597
NF_021	13	0	745.43547	233.73134	680.96537	239.77612
NF_021	13	1	485.54040	137.01493	431.14376	155.14925
NF_021	14	0	837.29171	352.29478	770.95698	354.81343
NF_021	14	1	615.67576	402.66791	550.85205	410.22388
NF_021	15	0	860.31375	192.80597	837.77754	199.04478
NF_021	15	1	642.22350	158.55224	630.76810	176.37687
NF_021	16	0	895.49843	281.34701	785.91396	283.00746
NF_021	16	1	960.47219	270.26493	850.88772	270.91791
NF_021	17	0	628.42812	369.43657	563.63379	375.12687
NF_021	17	1	574.03148	389.58582	515.28122	397.79478
NF_021	18	0	537.76705	369.43657	471.96537	376.63806
NF_021	18	1	479.84470	380.01493	416.56139	388.22388
NF_021	19	0	1000.11647	438.03731	976.79643	436.70522
NF_021	19	1	1133.58972	430.48134	1113.79538	426.63060
NF_021	20	0	954.85519	362.16418	913.75971	357.98507
NF_021	20	1	1133.15530	314.30970	1104.14795	299.55224
NF_021	21	0	618.35887	136.09328	562.90661	152.43657
NF_021	21	1	845.51522	174.88060	782.00420	187.69776
NF_021	22	0	1289.87618	610.60821	1093.88772	614.53358
NF_021	22	1	1146.83316	575.85075	970.99161	574.73881
NF_021	23	0	198.94334	459.44403	180.81847	461.02985
NF_021	23	1	374.72508	452.89552	343.50472	459.01493
NF_021	24	0	1623.84050	139.02985	1279.32844	143.05970
NF_021	24	1	1281.34313	215.59701	1031.52151	215.59701
NF_021	25	0	1907.91186	178.31716	1672.92025	177.85821
NF_021	25	1	1494.90031	278.55970	1328.93599	272.79478
NF_021	26	0	675.99790	337.67164	463.99056	353.76119
NF_021	26	1	565.18993	399.12687	356.20462	400.60821
NF_021	27	0	1042.65582	412.98507	979.47534	413.90299
NF_021	27	1	822.55089	415.00000	750.80797	415.41418
NF_021	28	0	1225.07660	724.75000	881.73452	724.34701
NF_021	28	1	1690.13746	671.61567	1376.01994	676.04478
NF_021	29	0	843.74711	443.93284	773.25184	443.47388
NF_021	29	1	593.92550	424.79104	547.60651	426.34701
NF_021	30	0	937.07870	390.36194	816.69885	390.75746
NF_021	30	1	382.14690	321.79104	316.07975	324.60448
NF_021	31	0	928.42392	352.44403	871.15845	352.54851
NF_021	31	1	450.64533	303.89552	406.95803	309.30224
NF_021	32	0	1158.73977	418.49627	967.57922	418.88060
NF_021	32	1	618.51731	385.72388	432.36201	391.10075
NF_021	33	0	1778.97167	423.13433	1446.42707	411.27612
NF_021	33	1	1275.29906	304.25373	1019.11647	286.10448
NF_030	0	0	1164.27072	653.47761	1066.36936	662.13433
NF_030	0	1	1224.03987	621.91045	1127.48164	632.58209
NF_030	1	0	1240.15740	695.11940	1115.94439	704.10448
NF_030	1	1	1287.16684	689.41045	1169.66946	701.08209
NF_030	2	0	1094.12382	716.98507	1006.59706	724.84328
NF_030	2	1	1150.53515	718.66418	1063.67996	728.87313
NF_030	3	0	1010.45435	639.05224	927.68835	643.23881
NF_030	3	1	1052.42707	613.19403	975.03358	619.05970
NF_030	4	0	1324.42812	644.64179	1241.10703	655.98507
NF_030	4	1	1387.89087	633.89552	1310.94963	646.58209
NF_030	5	0	1485.26758	649.00746	1418.39979	665.72388
NF_030	5	1	1537.98531	618.44776	1474.60860	635.48507
NF_030	6	0	1667.40609	659.02239	1558.20252	680.97015
NF_030	6	1	1759.41028	616.37313	1651.88562	636.97761
NF_030	7	0	1299.74397	655.26493	1228.91710	667.46642
NF_030	7	1	1241.31794	674.40672	1167.46905	686.10448
NF_030	8	0	1408.98006	699.53358	1337.71039	716.32836
NF_030	8	1	1359.62015	708.60075	1287.34313	722.87687
NF_030	9	0	611.96852	901.22761	507.05666	884.25373
NF_030	9	1	546.99475	899.21269	451.14900	881.73507
NF_030	10	0	815.10073	1013.50746	481.35782	1011.99627
NF_030	10	1	703.78909	954.06716	404.79958	947.01493
NF_030	11	0	1396.91081	691.79851	1198.94544	699.75373
NF_030	11	1	1559.09339	734.78358	1348.70409	750.12687
NF_030	12	0	806.83421	802.15672	568.48374	795.01493
NF_030	12	1	681.25184	832.04478	430.47744	824.90299
NF_030	13	0	517.36097	986.03731	223.96642	976.73881
NF_030	13	1	370.96013	964.88060	57.08290	954.57463
NF_030	14	0	912.44701	962.67910	754.00105	961.59701
NF_030	14	1	854.02099	937.15672	705.98426	935.06716
NF_030	15	0	863.29276	514.11194	595.97901	509.14179
NF_030	15	1	825.34942	539.29851	556.69255	532.64925
NF_030	16	0	921.38300	508.40299	654.74082	503.09701
NF_030	16	1	894.85624	524.18657	623.84890	518.20896
NF_030	17	0	936.49318	530.56716	675.89507	527.27612
NF_030	17	1	901.90766	541.64925	635.60126	537.35075
NF_030	18	0	971.75026	538.96269	699.06401	538.69403
NF_030	18	1	939.51522	549.37313	666.82896	545.41045
NF_030	19	0	930.11333	613.85075	671.86569	612.91045
NF_030	19	1	900.22875	597.73134	640.97377	594.77612
NF_030	20	0	959.29276	421.91791	530.19203	413.94776
NF_030	20	1	914.63379	430.98507	478.14586	420.32836
NF_030	21	0	845.50577	643.25373	195.35887	644.05970
NF_030	21	1	781.70724	637.20896	89.25184	628.61194
NF_030	22	0	838.50367	599.29851	576.74816	591.40299
NF_030	22	1	813.32004	616.08955	554.58657	612.55970
NF_030	23	0	596.81007	433.09701	196.43232	421.79104
NF_030	23	1	546.77859	414.96269	142.70724	401.30597
NF_030	24	0	534.14586	673.56716	112.82267	666.41045
NF_030	24	1	475.71983	661.81343	45.66632	653.64925
NF_030	25	0	1585.40084	579.54478	1255.73662	585.28358
NF_030	25	1	1657.25813	598.01493	1319.53515	605.43284
NF_030	26	0	1215.55299	434.05224	486.65582	424.60075
NF_030	26	1	1150.57922	416.42164	386.42497	404.45149
NF_030	27	0	840.10808	463.14925	147.57608	444.49254
NF_030	27	1	774.63064	447.53358	35.76076	424.34328
NF_030	28	0	850.68520	391.11567	259.89507	372.96269
NF_030	28	1	791.75551	382.55224	157.64953	360.87313
NF_030	29	0	341.65792	812.99254	147.74397	808.87313
NF_030	29	1	255.69780	802.58209	68.16369	800.47761
NF_030	30	0	1351.91396	516.02239	610.79958	514.85075
NF_030	30	1	1448.61910	496.37687	660.15950	496.21269
NF_030	31	0	1102.63799	444.79104	403.76285	435.96269
NF_030	31	1	1181.71459	438.74627	456.14481	427.90299
NF_030	32	0	1822.79119	850.08955	1227.19412	841.09701
NF_030	32	1	1710.97587	847.06716	1143.08080	840.08955
NF_030	33	0	1225.48478	721.30597	1078.51207	732.72388
NF_030	33	1	1428.63274	701.49254	1277.96642	717.61194
NF_030	34	0	1370.30955	800.63433	1287.33893	822.73134
NF_030	34	1	1174.88458	809.36567	1080.83316	821.72388
NF_030	35	0	1911.94124	739.47761	1690.32529	757.61194
NF_030	35	1	1093.97692	751.56716	924.74292	757.61194
NF_030	36	0	1308.96642	976.64925	1052.52781	986.56716
NF_030	36	1	1201.18048	994.44776	950.45016	1000.67164
NF_030	37	0	849.24659	543.20896	450.34732	538.04478
NF_030	37	1	963.41238	498.88060	551.75341	495.39552
NF_030	38	0	1105.65582	538.18657	723.39874	536.93284
NF_030	38	1	1220.82896	501.91791	836.89297	503.01493
NF_030	39	0	1112.03568	562.70149	906.08185	566.18657
NF_030	39	1	1193.63064	568.74627	982.97587	569.88060
NF_030	40	0	647.03253	685.44776	201.98636	678.38060
NF_030	40	1	525.14376	623.65672	52.22770	612.55970
NF_030	41	0	1589.67786	528.03731	1645.77125	543.26866
NF_030	41	1	1742.45855	507.55224	1829.77964	518.75373
NF_030	42	0	1307.60441	916.07463	1173.25184	933.97761
NF_030	42	1	1409.34627	881.14925	1294.80483	909.12687
NF_030	43	0	10.74502	239.39552	114.74187	262.28358
NF_030	43	1	545.49318	260.87313	581.34627	273.61940
NF_030	44	0	705.59182	959.27612	505.70934	957.18657
NF_030	44	1	647.50157	967.33582	447.28332	952.48507
NF_031	0	0	1196.84470	744.38060	1012.27387	755.08955
NF_031	0	1	1319.40504	803.48507	1133.49108	812.85075
NF_031	1	0	1235.19307	883.52985	886.92550	889.85075
NF_031	1	1	1378.23610	944.64925	1024.59601	952.98507
NF_031	2	0	1463.71983	971.86567	1161.58237	985.29851
NF_031	2	1	1592.32424	1050.44776	1278.77020	1070.26119
NF_031	3	0	821.99370	90.67164	666.86254	98.73134
NF_031	3	1	1478.78279	94.70149	1311.56348	90.67164
NF_031	4	0	1707.52781	795.38060	1665.03987	830.36567
NF_031	4	1	1609.81532	773.88806	1556.58237	802.49254
NF_031	5	0	1575.79748	743.00000	1559.96642	771.10448
NF_031	5	1	1496.21721	720.16418	1472.99895	741.88806
NF_047	0	0	1312.91081	778.05597	1176.05771	779.70149
NF_047	0	1	1529.49003	776.04104	1380.04512	779.70149
NF_047	1	0	1053.14586	996.88433	762.20042	987.31343
NF_047	1	1	1207.26967	981.26866	939.99685	976.23134
NF_047	2	0	1427.46590	981.58955	1231.39244	986.80970
NF_047	2	1	1627.92760	932.22388	1458.54879	937.44403
NF_047	3	0	984.30745	792.43657	857.14586	786.42164
NF_047	3	1	1047.26653	781.35448	919.60126	777.85821
NF_047	4	0	1223.04827	727.45522	1043.00105	721.44030
NF_047	4	1	1275.43022	708.81716	1100.92340	705.82463
NF_047	5	0	880.55089	814.09701	706.04407	808.58582
NF_047	5	1	936.45855	797.47388	767.99580	790.95522
NF_047	6	0	1430.86254	588.65299	1236.51626	585.85075
NF_047	6	1	1481.22980	559.94030	1292.92760	555.62687
NF_047	7	0	1266.54669	826.70522	1097.23085	822.20522
NF_047	7	1	1524.93075	832.75000	1336.47534	831.27239
NF_047	8	0	1210.06925	710.95149	937.43232	705.63806
NF_047	8	1	1587.32004	586.52985	1322.25498	580.99254
NF_047	9	0	1415.02204	849.20149	1124.19727	844.25373
NF_047	9	1	1786.73242	791.27239	1525.12067	793.88060
NF_047	10	0	991.35782	912.20896	910.36936	905.72015
NF_047	10	1	888.10493	911.20149	800.56873	902.69776
NF_047	11	0	1325.16159	555.63806	1198.74082	554.10448
NF_047	11	1	1744.72088	488.64179	1611.75236	479.55224
NF_047	12	0	1091.38090	349.48134	884.49108	341.54104
NF_047	12	1	1531.06401	225.51866	1299.42812	211.32836
NF_047	13	0	338.46800	449.32836	195.42497	445.29851
NF_047	13	1	693.05352	306.26866	578.21616	310.29851
NF_047	14	0	1500.11542	563.20896	895.16999	549.37313
NF_047	14	1	1231.65792	563.20896	690.67891	549.37313
NF_057	0	0	1104.05037	292.16418	842.14061	276.04478
NF_057	0	1	1259.58237	263.36194	988.46800	250.49627
NF_057	1	0	1126.61280	227.59701	922.48688	214.73134
NF_057	1	1	1269.65582	193.84701	1049.41238	181.98881
NF_057	2	0	1068.65687	166.98507	823.07240	153.91791
NF_057	2	1	1226.30640	123.16045	952.01259	115.13060
NF_057	3	0	1346.77859	85.13060	976.17524	70.01866
NF_057	3	1	1578.46800	0.50373	1137.35047	1.00746
NF_057	4	0	942.87513	386.86567	736.97272	376.14925
NF_057	4	1	1055.24764	373.42164	836.69990	356.00000
NF_057	5	0	825.06925	436.38806	670.48793	422.99627
NF_057	5	1	877.45121	419.26119	718.33683	403.35075
NF_057	6	0	1641.49843	537.98507	1208.88458	539.46642
NF_057	6	1	1814.76180	527.91045	1330.26967	533.42164
NF_057	7	0	1406.30010	309.43657	981.13431	305.89552
NF_057	7	1	1666.69885	290.79851	1174.54460	297.83582
NF_057	8	0	1434.25498	521.01493	1175.01889	518.29104
NF_057	8	1	1510.81322	508.42164	1238.48164	505.19403
NF_057	9	0	1545.26758	187.38806	1118.15320	183.35821
NF_057	9	1	1780.98636	147.08955	1263.21091	159.17910
NF_057	10	0	1414.32949	467.56343	1194.56453	461.59328
NF_057	10	1	1500.96118	458.49627	1266.08604	453.02985
NF_057	11	0	1589.10388	421.22015	1265.07870	414.74627
NF_057	11	1	1664.15110	407.61940	1350.19937	401.64925
NF_057	12	0	679.87723	461.56343	554.03987	439.25373
NF_057	12	1	771.54565	395.57463	643.04932	378.68657
NF_057	13	0	1040.74397	195.39925	984.16999	173.57836
NF_057	13	1	639.62749	192.42537	574.81532	170.43657
NF_057	14	0	1434.45960	197.46269	1291.41763	182.14179
NF_057	14	1	1857.54460	110.82090	1768.41238	83.61940
NF_057	15	0	1534.71773	743.04104	1256.93075	744.53731
NF_057	15	1	1261.22350	654.88806	945.15740	638.75373
NF_057	16	0	914.66946	364.70149	876.39035	346.56716
NF_057	16	1	1357.90136	165.22388	1249.10808	155.14925
NF_057	17	0	666.73767	565.11194	292.62749	533.37687
NF_057	17	1	724.66002	542.44403	359.11228	513.73134
NF_057	18	0	1872.15110	850.29851	1770.54460	882.22015
NF_057	18	1	1514.54355	720.33582	1407.90031	740.16791
NF_057	19	0	1688.31060	409.61567	1268.98741	408.46642
NF_057	19	1	1802.14061	423.21642	1357.13012	420.05224
NF_057	20	0	1528.64638	398.02985	1159.18678	395.36940
NF_057	20	1	1597.14586	394.00000	1222.14586	389.82836
NF_057	21	0	1483.31584	425.73507	1118.89297	418.54104
NF_057	21	1	1530.15740	447.89925	1165.73452	444.73507
NF_057	22	0	1412.54984	267.02985	1079.78174	261.63806
NF_057	22	1	1472.99056	250.40672	1140.22246	243.50373
NF_057	23	0	1636.50892	874.35821	1357.69255	873.31716
NF_057	23	1	1235.56453	712.20149	956.51731	704.42164
NF_057	24	0	1228.10073	636.04851	958.82896	628.50373
NF_057	24	1	1179.24449	621.44030	906.95068	609.86567
NF_057	25	0	1387.40923	680.56716	1196.36516	674.94030
NF_057	25	1	1326.46485	692.15299	1134.91710	682.49627
NF_057	26	0	1725.35047	764.94030	1683.30220	786.23507
NF_057	26	1	1598.42497	811.28358	1531.69675	827.54104
NF_057	27	0	1460.60860	662.94776	960.41343	654.97761
NF_057	27	1	867.71983	635.63060	337.42497	608.81343
NF_057	28	0	920.02728	485.39925	532.09339	464.66045
NF_057	28	1	439.56558	417.59328	114.83736	385.40672
NF_057	29	0	669.99895	436.63060	265.93914	400.97015
NF_057	29	1	873.98636	353.51493	543.96642	326.41791
NF_058	0	0	667.50577	793.58209	415.95068	789.22388
NF_058	0	1	759.67786	781.49254	524.74397	771.08955
NF_058	1	0	1139.53830	517.65299	1033.17419	515.91791
NF_058	1	1	1031.75236	549.38806	926.39559	546.14179
NF_058	2	0	1031.08604	639.64925	918.64848	633.51119
NF_058	2	1	935.89192	672.89552	809.85519	668.77239
NF_058	3	0	740.00525	706.60075	599.42078	697.57836
NF_058	3	1	624.16055	705.59328	476.02099	697.57836
NF_058	4	0	1600.15215	286.36940	1530.45750	274.23507
NF_058	4	1	1509.49108	338.75746	1434.75971	325.11194
NF_058	5	0	1523.62225	600.02985	1396.79958	599.06716
NF_058	5	1	1404.75551	590.45896	1279.44386	591.00746
NF_058	6	0	827.33998	464.40672	579.35047	461.17910
NF_058	6	1	695.37775	487.07463	441.84785	480.32090
NF_058	7	0	1328.73033	612.72388	969.10493	614.50373
NF_058	7	1	1442.05666	660.57836	1069.83945	651.77985
NF_058	8	0	443.30010	498.97015	171.10913	492.70149
NF_058	8	1	595.40923	512.06716	341.35047	507.30970
NF_058	9	0	650.81322	515.08955	427.98216	508.31716
NF_058	9	1	584.83211	497.96269	365.02308	492.19776
NF_058	10	0	1072.06086	277.80597	899.45435	272.17537
NF_058	10	1	1165.74397	294.42910	993.64113	290.30970
NF_058	11	0	1160.96537	445.60821	1072.12697	436.03731
NF_058	11	1	1233.99790	433.01493	1143.64848	427.97761
NF_058	12	0	760.65897	555.43657	571.25918	549.46642
NF_058	12	1	581.85519	596.23881	361.22770	588.75746
NF_058	13	0	1191.02413	441.97761	1065.68311	438.02239
NF_058	13	1	1377.88667	405.70896	1237.93914	399.73881
NF_058	14	0	1477.55824	386.84701	1319.13536	382.25373
NF_058	14	1	1765.65897	331.43657	1580.03778	321.80597
NF_058	15	0	1426.67156	429.10448	1245.50577	419.04478
NF_058	15	1	1655.33893	436.15672	1433.87933	428.11194
NF_058	16	0	1273.39874	107.79851	978.75131	103.26493
NF_058	16	1	1030.62854	105.78358	780.80797	98.73134
NF_058	17	0	574.13746	96.71642	474.24764	105.27985
NF_058	17	1	500.09759	84.62687	409.77754	98.73134
NF_058	18	0	514.65582	305.09328	117.85939	292.84328
NF_058	18	1	432.05352	358.99254	13.59916	345.73507
NF_058	19	0	1652.04617	697.16418	1286.71773	694.66791
NF_058	19	1	1245.07870	614.55224	967.89297	608.02612
NF_058	20	0	533.36936	310.04478	247.30325	303.61567
NF_058	20	1	470.41028	276.29478	180.81847	272.38433
NF_058	21	0	829.86988	500.75000	494.78909	495.20896
NF_058	21	1	939.16684	472.54104	606.60441	467.50373
NF_058	22	0	744.24554	397.48507	405.13536	391.44030
NF_058	22	1	857.57188	405.04104	520.98006	398.99627
NF_058	23	0	979.92130	277.46269	645.05352	272.93284
NF_058	23	1	1080.15215	277.96642	712.04197	269.91045
NF_058	24	0	1236.69360	453.45896	931.66002	450.02239
NF_058	24	1	1360.09339	435.82836	1033.40189	433.39925
NF_058	25	0	964.90346	68.00373	916.04302	63.97388
NF_058	25	1	1307.90451	60.95149	1257.20776	41.30597
NF_058	26	0	856.45855	409.93284	763.26758	407.88433
NF_058	26	1	1142.04092	375.67910	1028.19937	372.11940
NF_058	27	0	1101.63064	196.73507	895.27072	193.23881
NF_058	27	1	1214.45331	116.13806	989.96118	112.13806
NF_058	28	0	1385.76705	152.63060	1279.04617	135.50373
NF_058	28	1	1456.78489	111.32463	1340.99790	92.18284
NF_058	29	0	669.11962	60.44776	453.83316	61.45522
NF_058	29	1	722.00525	62.46269	503.19307	60.95149
NF_058	30	0	714.95383	258.41418	543.99056	253.88060
NF_058	30	1	756.25498	246.82836	587.30640	246.32463
NF_058	31	0	879.15215	500.60075	430.23295	491.50373
NF_058	31	1	769.35152	506.64552	290.21196	499.05970
NF_058	32	0	1710.47219	652.83582	975.11018	646.79104
NF_058	32	1	1909.92655	664.92537	1134.27072	640.74627
NF_058	33	0	746.49423	408.85075	342.71144	399.44403
NF_058	33	1	682.02413	435.54851	265.64953	428.66045
NF_058	34	0	800.89087	344.87687	288.31480	333.45522
NF_058	34	1	740.95383	369.05597	201.68311	354.61194
NF_058	35	0	842.19203	408.85075	398.11542	409.01493
NF_058	35	1	782.25498	452.67537	329.11228	445.78731
NF_058	36	0	773.18888	480.38060	246.50997	477.01866
NF_058	36	1	698.64533	518.16045	138.22036	511.77612
NF_058	37	0	890.54460	550.39925	351.98426	539.54851
NF_058	37	1	808.44596	536.29478	280.96642	532.49627
NF_058	38	0	732.42078	545.07463	248.31060	537.31716
NF_058	38	1	653.34418	545.07463	163.18993	536.81343
NF_058	39	0	675.50577	596.95896	269.96852	589.20149
NF_058	39	1	604.48793	611.06343	169.23400	597.76493
NF_058	40	0	627.15320	593.93657	114.83736	585.67537
NF_058	40	1	550.09129	616.60448	26.69465	604.81716
NF_058	41	0	997.99580	485.44776	538.15005	479.94776
NF_058	41	1	944.60651	451.69776	497.35257	440.65672
NF_058	42	0	1121.46905	397.91791	905.54250	393.57090
NF_058	42	1	1168.31060	414.03731	955.90976	408.68284
NF_058	43	0	870.34627	636.71642	483.52571	628.65672
NF_058	43	1	1470.72403	175.29851	1110.09444	181.34328
NF_067	0	0	1106.61280	328.32463	934.14586	336.39925
NF_067	0	1	1180.65268	314.72388	1001.13431	321.28731
NF_067	1	0	1095.02833	308.67910	944.72298	315.74627
NF_067	1	1	1162.01679	290.04104	1013.72613	295.59701
NF_067	2	0	999.33054	297.59701	858.59496	303.15299
NF_067	2	1	1075.38510	272.41045	925.58342	278.97388
NF_067	3	0	894.45750	356.29478	739.22560	360.02985
NF_067	3	1	819.41028	328.58955	660.65268	327.28731
NF_067	4	0	616.02728	303.43284	467.32529	303.17164
NF_067	4	1	533.92865	262.12687	377.16789	258.84328
NF_067	5	0	571.70409	389.57090	390.26338	382.76119
NF_067	5	1	650.78069	355.82090	465.81427	352.53731
NF_067	6	0	658.83945	348.76866	457.75551	345.48507
NF_067	6	1	569.18573	339.19776	360.54669	332.89179
NF_067	7	0	406.05352	414.22388	195.42497	399.13060
NF_067	7	1	292.72718	390.54851	67.99580	372.43284
NF_067	8	0	471.53095	411.70522	291.12277	402.65672
NF_067	8	1	362.73767	364.35448	173.76705	353.79478
NF_067	9	0	526.93494	409.69030	325.37251	400.13806
NF_067	9	1	410.58657	363.85075	200.46170	351.77985
NF_067	10	0	1013.41763	370.26493	881.00944	374.73134
NF_067	10	1	1081.41343	362.20522	945.47954	369.69403
NF_067	11	0	1002.33683	400.48881	869.92865	406.97015
NF_067	11	1	1081.91710	376.81343	943.96852	381.78358
NF_067	12	0	1139.83945	399.48134	992.32109	406.46642
NF_067	12	1	1220.93075	397.46642	1064.34627	407.47388
NF_067	13	0	1559.80378	602.81343	1396.83316	619.37687
NF_067	13	1	1672.62644	601.80597	1498.57503	620.38433
NF_067	14	0	361.65687	701.48881	105.26758	683.66045
NF_067	14	1	495.63379	703.00000	233.70409	684.66791
NF_067	15	0	605.93809	690.91045	406.46380	679.63060
NF_067	15	1	678.87303	684.89552	486.24029	676.02985
NF_067	16	0	1582.24344	760.15672	899.75866	756.43657
NF_067	16	1	1345.01364	766.20149	637.34523	735.27985
NF_067	17	0	970.90241	205.47388	484.45016	195.00000
NF_067	17	1	899.88458	226.63060	415.95068	209.60821
NF_067	18	0	1799.62225	365.34701	1127.63064	389.97015
NF_067	18	1	1916.97796	383.48134	1210.73662	413.14179
NF_067	19	0	928.19307	370.93284	493.37356	362.56343
NF_067	19	1	978.05666	380.00000	561.87303	374.14925
NF_067	20	0	1277.77020	137.51866	925.40609	149.29478
NF_067	20	1	1225.38825	121.39925	882.09024	131.66418
NF_067	21	0	683.71144	241.01493	192.90661	219.87313
NF_067	21	1	628.81112	259.14925	121.88877	225.91791
NF_067	22	0	1914.45960	301.92537	1423.17419	338.73881
NF_067	22	1	1825.30955	294.36940	1368.77754	320.60448
NF_067	23	0	1646.50577	715.56343	957.14900	718.52612
NF_067	23	1	1720.54565	664.68657	1019.10073	664.62687
NF_067	24	0	1106.04617	424.42164	820.43232	426.43657
NF_067	24	1	1146.33998	413.33955	854.68206	416.86567
NF_067	25	0	1153.99790	732.55597	884.87723	744.00746
NF_067	25	1	1113.20042	726.51119	847.60546	731.91791
NF_067	26	0	1256.74711	776.38060	920.13431	782.79478
NF_067	26	1	1206.37985	774.36567	871.27807	777.75746
NF_067	27	0	1157.52361	768.32090	866.24134	771.20896
NF_067	27	1	1115.21511	764.29104	818.89612	768.18657
NF_067	28	0	1221.99370	766.80970	911.57188	774.23134
NF_067	28	1	1181.69990	764.79478	868.75971	767.68284
NF_067	29	0	984.26023	664.55224	755.43337	664.41791
NF_067	29	1	949.00315	656.99627	724.20567	654.84701
NF_067	30	0	1238.11123	754.72015	943.80693	758.11194
NF_067	30	1	1192.27702	743.63806	902.50577	752.57090
NF_067	31	0	1281.42707	695.27985	994.17419	709.25000
NF_067	31	1	1239.11857	684.19776	954.38405	695.14552
NF_067	32	0	961.74397	632.74254	770.67366	633.88060
NF_067	32	1	923.46485	632.23881	737.43127	629.34701
NF_067	33	0	1028.73242	596.47388	699.65582	602.14552
NF_067	33	1	995.99370	598.99254	662.38405	593.58209
NF_067	34	0	802.98321	739.05970	362.78069	740.03731
NF_067	34	1	760.17104	737.04478	314.42812	741.04478
NF_067	35	0	629.21616	649.89925	310.39874	637.77985
NF_067	35	1	578.34523	646.87687	268.09024	633.24627
NF_067	36	0	1399.88458	820.94776	1072.92550	832.02985
NF_067	36	1	1344.98426	816.91791	1024.06925	825.48134
NF_067	37	0	1827.32424	812.91791	1251.22246	812.87313
NF_067	37	1	1750.26233	798.81343	1191.78909	797.76119
NF_067	38	0	1852.00420	889.48507	1187.25603	879.86940
NF_067	38	1	1784.00839	836.59328	1131.34837	831.51119
NF_067	39	0	1565.09024	533.50373	1198.03148	551.46642
NF_067	39	1	1617.47219	499.25000	1243.36201	513.18284
NF_067	40	0	1435.14271	576.32090	1096.79328	586.72761
NF_067	40	1	1377.22036	575.81716	1047.43337	584.71269
NF_067	41	0	901.00420	364.96269	811.12907	369.89552
NF_067	41	1	1042.03253	356.90299	953.16474	364.85821
NF_067	42	0	140.02099	69.51493	217.58657	102.76119
NF_067	42	1	560.08395	43.32090	578.21616	64.47761
NF_067	43	0	1607.72298	707.23881	152.10913	706.14179
NF_067	43	1	1827.32424	626.13433	288.10073	618.49254
NF_067	44	0	1199.95173	391.00746	742.54040	393.97015
NF_067	44	1	1075.04092	382.94776	625.68835	381.88060
NF_067	45	0	1036.76180	359.77612	677.06296	361.73134
NF_067	45	1	961.21091	357.76119	572.29906	353.67164
NF_067	46	0	1204.94439	510.02239	796.04827	516.00746
NF_067	46	1	1124.17838	475.90299	706.39454	483.76866
NF_067	47	0	970.55824	547.43284	741.87303	547.19776
NF_067	47	1	1045.10178	535.84701	806.84680	539.64179
NF_067	48	0	911.25498	495.72761	529.82791	491.97761
NF_067	48	1	816.06086	446.36194	419.01994	440.59701
NF_067	49	0	914.04512	544.78358	487.97587	530.49627
NF_067	49	1	804.24449	541.76119	393.28541	534.52612
NF_067	50	0	750.60126	293.77612	363.57188	279.46642
NF_067	50	1	839.24764	302.84328	449.19622	294.57836
NF_067	51	0	882.56348	244.41045	580.65477	242.69403
NF_067	51	1	804.99790	238.36567	478.91291	230.10075
NF_067	52	0	1059.72718	348.58209	846.16999	356.64179
NF_067	52	1	664.84785	396.94030	431.14376	384.85075
NF_067	53	0	1053.68311	290.14925	898.55194	294.17910
NF_067	53	1	721.25918	298.20896	547.99580	294.17910
NF_067	54	0	1275.29906	20.14925	1003.31584	30.22388
NF_067	54	1	894.52256	98.73134	711.18573	106.79104
NF_067	55	0	1105.64848	246.03731	959.92025	254.40672
NF_067	55	1	731.10493	264.58582	550.74082	266.64925
NF_067	56	0	1373.95698	190.54104	1291.92025	196.12687
NF_067	56	1	1120.60965	162.33209	1046.12802	169.93284
NF_073	0	0	531.79538	376.21642	163.63169	393.17164
NF_073	0	1	634.20881	399.38806	272.76076	417.35075
NF_073	1	0	681.82267	422.58955	458.51207	445.17910
NF_073	1	1	817.47849	462.21642	595.51102	486.82090
NF_073	2	0	535.90766	582.31343	161.17524	600.44776
NF_073	2	1	448.46275	645.85075	48.10073	661.38806
NF_073	3	0	727.18993	337.19403	606.55404	364.92537
NF_073	3	1	647.60965	325.77612	522.69255	350.71642
NF_073	4	0	1090.03882	566.92537	618.50997	586.34328
NF_073	4	1	901.16159	545.10448	396.89402	568.20896
NF_073	5	0	1266.83316	596.80597	1009.29066	623.01493
NF_073	5	1	1172.39454	593.25373	923.91815	616.41791
NF_073	6	0	1041.63169	596.16418	756.34313	617.17910
NF_073	6	1	1143.62539	626.86567	845.49318	650.92537
NF_073	7	0	1186.65268	473.50746	628.03778	496.43284
NF_073	7	1	1075.69780	411.65672	497.09864	428.28358
NF_073	8	0	1242.50682	463.47761	941.53410	487.26866
NF_073	8	1	1414.36097	469.19403	1077.59811	497.79104
NF_073	9	0	1134.12907	681.00000	709.17104	703.20896
NF_073	9	1	939.13326	726.14925	527.24554	742.43284
NF_073	10	0	699.19937	194.26866	683.58762	229.82090
NF_073	10	1	797.91920	227.00000	774.75236	259.76119
NF_073	11	0	666.40294	438.45522	495.60651	459.04478
NF_073	11	1	591.18783	456.58955	407.63169	481.54478
NF_073	12	0	807.16789	198.21642	603.11333	226.32836
NF_073	12	1	728.93075	159.26119	522.18993	188.38060
NF_073	13	0	1019.86674	268.26119	784.66107	289.13433
NF_073	13	1	1113.21406	264.90299	862.22665	288.46269
NF_073	14	0	1276.71459	299.71642	1031.79538	323.54478
NF_073	14	1	1355.95908	332.96269	1094.92235	356.11940
NF_073	15	0	1473.45750	398.47015	1216.65582	425.18657
NF_073	15	1	1584.26548	385.03731	1298.25079	411.08209
NF_073	16	0	1633.72823	377.00746	1435.32214	402.54478
NF_073	16	1	1337.22875	317.44030	1146.84260	344.88806
NF_073	17	0	864.06716	430.84328	656.43232	453.19403
NF_073	17	1	654.02099	316.22388	442.47954	338.60448
NF_073	18	0	486.37880	522.75373	119.53830	537.50000
NF_073	18	1	563.94439	530.47761	213.89297	546.23134
NF_073	19	0	515.45960	403.15672	250.02833	422.02239
NF_073	19	1	570.86359	422.97015	312.81952	441.83582
NF_073	20	0	622.15635	463.96269	449.19727	486.19403
NF_073	20	1	895.56768	506.54478	699.93704	531.04478
NF_073	21	0	1067.78594	558.13433	782.28227	581.55224
NF_073	21	1	590.30430	556.11940	340.73452	572.71642
NF_073	22	0	1392.15110	241.79104	1166.50577	265.97015
NF_073	22	1	803.86149	106.79104	612.46590	135.00000
NF_073	23	0	922.71773	558.98507	694.22665	574.44776
NF_073	23	1	842.38195	567.86567	619.68311	586.37313
NF_073	24	0	919.38300	406.74627	739.09654	430.01493
NF_073	24	1	846.60231	418.92537	672.86359	441.68657
NF_073	25	0	1075.03778	545.88060	864.56873	569.56716
NF_073	25	1	1016.86359	511.11940	787.00315	524.40299
NF_073	26	0	1032.94544	510.74627	793.70304	534.55224
NF_073	26	1	961.92760	502.62687	714.62644	524.91045
NF_074	0	0	1715.12277	957.92910	1523.32844	984.07836
NF_074	0	1	1540.34837	873.80597	1369.70829	894.91791
NF_074	1	0	684.11647	749.34328	589.79224	741.95149
NF_074	1	1	846.80273	693.42910	754.49318	692.08209
NF_074	2	0	1453.03778	937.14179	1133.46485	947.89925
NF_074	2	1	1291.86254	905.40672	1011.07240	911.63060
NF_074	3	0	1580.68625	667.48134	1545.54984	685.87313
NF_074	3	1	1823.96013	653.88060	1803.93389	678.82090
NF_074	4	0	1521.69990	769.28358	1375.99056	787.11940
NF_074	4	1	1279.93704	744.09701	1136.24239	754.88060
NF_074	5	0	1034.60021	756.57090	891.64113	759.26866
NF_074	5	1	829.60546	732.89552	702.26023	731.56343
NF_074	6	0	638.36621	806.45896	20.65058	818.60075
NF_074	6	1	742.12277	809.48134	136.99895	820.61567
NF_074	7	0	1289.40189	491.64179	956.97796	499.70149
NF_074	7	1	1607.72298	213.58209	1265.22560	221.64179
NF_074	8	0	1012.73767	976.73507	130.95488	1011.49254
NF_074	8	1	1163.83945	979.25373	425.09969	991.34328
NF_074	9	0	1521.09129	850.29851	771.62644	848.28358
NF_074	9	1	1764.86884	902.68657	958.99265	888.58209
NF_074	10	0	985.18363	709.25373	678.95068	703.20896
NF_074	10	1	1093.97692	755.59701	815.94963	755.59701
NF_074	11	0	1485.74502	928.88060	1159.67156	935.42910
NF_074	11	1	1631.81007	917.79851	1264.93914	925.35448
NF_074	12	0	1034.46485	377.25000	672.90241	382.44403
NF_074	12	1	939.27072	409.99254	566.12382	410.65299
NF_074	13	0	1390.90976	392.16791	786.22875	400.07463
NF_074	13	1	1304.27807	422.39179	683.47954	425.26119
NF_074	14	0	1223.25498	537.31716	692.07135	539.24254
NF_074	14	1	1102.37356	544.36940	584.78909	545.79104
NF_074	15	0	963.87618	513.47388	674.44281	512.54478
NF_074	15	1	865.66002	534.12687	571.18993	534.70896
NF_074	16	0	722.09864	545.43284	298.67786	544.69403
NF_074	16	1	819.81112	563.56716	409.98951	562.32463
NF_074	17	0	1284.43547	738.86567	962.56139	742.55224
NF_074	17	1	1210.89927	752.97015	888.52151	758.67164
NF_074	18	0	1412.87198	790.75000	1115.17419	797.45896
NF_074	18	1	1351.92760	797.29851	1045.66737	803.00000
NF_074	19	0	1290.98321	848.67910	1115.67786	857.40299
NF_074	19	1	1239.60860	857.24254	1063.79958	863.95149
NF_074	20	0	1277.38405	803.84701	1055.23715	812.57090
NF_074	20	1	1215.43232	809.38806	991.27072	814.58582
NF_074	21	0	1424.96013	711.16045	1172.59286	721.39552
NF_074	21	1	1378.11857	726.27239	1113.15950	732.47761
NF_074	22	0	1380.13326	739.36940	1167.05247	746.58209
NF_074	22	1	1347.89822	764.05224	1125.75131	771.26493
NF_074	23	0	1347.39454	634.08955	934.63484	638.96269
NF_074	23	1	1234.57188	670.35821	829.36726	673.72015
NF_074	24	0	1075.81427	545.11940	915.15635	550.50373
NF_074	24	1	1012.35152	536.55597	852.70094	538.91791
NF_074	25	0	1124.35887	757.94776	908.70724	767.11940
NF_074	25	1	1053.84470	767.51866	852.29591	769.13433
NF_074	26	0	1579.56034	743.71269	1240.24659	748.14179
NF_074	26	1	1499.98006	739.68284	1166.71039	746.63060
NF_074	27	0	1533.72613	666.64179	1076.55299	667.54478
NF_074	27	1	1427.95488	672.18284	1004.52781	677.61940
NF_074	28	0	1580.56768	624.32836	1280.02308	634.39925
NF_074	28	1	1489.90661	632.38806	1199.43547	640.44403
NF_074	29	0	739.00210	505.19403	672.05771	505.69776
NF_074	29	1	916.29486	436.18284	835.75131	441.72388
NF_074	30	0	719.24449	431.19403	548.28541	430.85075
NF_074	30	1	932.80168	362.68657	765.36831	367.88433
NF_074	31	0	994.57503	528.05597	857.63484	528.48134
NF_074	31	1	1148.69885	483.22388	1024.85414	489.19030
NF_074	32	0	1196.66422	305.61567	1064.99475	309.86567
NF_074	32	1	1336.18153	252.72388	1222.14061	252.94403
NF_074	33	0	362.22350	637.66045	307.14166	626.56343
NF_074	33	1	829.85834	654.63806	753.23715	655.97015
NF_074	34	0	907.99790	588.45896	837.90241	592.51866
NF_074	34	1	717.60965	586.44403	658.09129	585.46642
NF_074	35	0	1039.45645	523.98134	968.85729	528.04104
NF_074	35	1	863.67471	502.82463	790.55719	506.38060
NF_074	36	0	1381.11647	731.23507	1235.30010	742.49627
NF_074	36	1	1615.32424	800.75000	1445.83526	813.52239
NF_074	37	0	1455.75971	924.59328	1296.24554	942.98507
NF_074	37	1	1722.20252	991.58955	1549.59286	1019.55224
NF_074	38	0	1392.29696	830.39552	1248.90031	844.75746
NF_074	38	1	1597.29171	873.21269	1444.82896	893.61940
NF_074	39	0	873.53935	773.19403	847.48793	772.02612
NF_074	39	1	1170.70619	724.83582	1139.61805	735.25373
NF_085	0	0	1233.76076	666.45522	1083.06716	666.39552
NF_085	0	1	1172.31270	628.17164	1012.21721	621.73134
NF_085	1	0	857.96327	893.88060	413.65792	880.67164
NF_085	1	1	736.74607	958.02239	273.30115	954.21642
NF_085	2	0	709.21196	880.44776	388.47429	864.88806
NF_085	2	1	586.31584	883.47015	283.03882	862.20149
NF_085	3	0	717.76600	631.34328	360.83945	613.61940
NF_085	3	1	675.12172	668.95522	315.50892	652.91045
NF_085	4	0	786.60126	646.45522	552.22141	632.17164
NF_085	4	1	747.65058	677.01493	513.94229	660.38060
NF_085	5	0	911.77335	702.15672	676.02308	690.66418
NF_085	5	1	868.12172	702.49254	632.70724	689.65672
NF_085	6	0	822.79119	735.73881	674.34418	722.56716
NF_085	6	1	790.89192	756.55970	638.75131	742.38060
NF_085	7	0	523.05247	542.35075	257.12592	522.78358
NF_085	7	1	479.73662	581.30597	204.07240	561.06716
NF_085	8	0	536.81952	497.68657	304.80693	478.45522
NF_085	8	1	495.18258	521.19403	254.77545	501.96269
NF_085	9	0	410.65058	666.55970	87.97482	642.86567
NF_085	9	1	355.91815	701.14925	15.78174	674.76866
NF_085	10	0	654.45960	859.11940	365.64533	838.79851
NF_085	10	1	593.68311	865.16418	302.51836	844.17164
NF_085	11	0	690.72403	893.70896	312.92760	879.76866
NF_085	11	1	653.45226	915.53731	259.53830	901.59701
NF_085	12	0	601.74187	908.82090	254.50157	888.16418
NF_085	12	1	556.74711	942.73881	209.17104	923.08955
NF_085	13	0	706.56978	941.94776	324.43232	926.96269
NF_085	13	1	668.62644	974.52239	275.74397	961.21642
NF_085	14	0	1319.62225	251.86567	1120.45435	245.53731
NF_085	14	1	1007.34523	453.35821	852.90766	445.43284
NF_085	15	0	1371.75866	613.38806	1274.25918	616.82836
NF_085	15	1	1423.13326	570.73881	1323.95488	574.17910
NF_085	16	0	553.66527	962.79851	230.20672	938.41045
NF_085	16	1	419.68835	1012.83582	107.98216	980.05224
NF_085	17	0	1849.41448	323.35821	1839.41238	316.20149
NF_085	17	1	1671.45016	373.73134	1652.38195	368.92537
NF_085	18	0	717.22980	413.05970	16.11752	376.79104
NF_085	18	1	777.67051	362.68657	114.83736	326.41791
NF_085	19	0	1288.99370	341.14925	442.87618	321.95522
NF_085	19	1	1212.09969	422.08209	359.93809	390.79851
NF_085	20	0	907.83421	338.24627	809.90556	334.47761
NF_085	20	1	116.18048	711.14925	2.01469	675.00000
NF_086	0	0	1112.81847	1041.71642	923.34418	1046.75373
NF_086	0	1	1210.53095	1018.54478	1026.09339	1031.13806
NF_086	1	0	1111.44281	596.54851	898.41658	603.57090
NF_086	1	1	1028.33683	535.09328	823.36936	539.09328
NF_086	2	0	1481.04932	222.66045	1295.53095	231.23881
NF_086	2	1	1390.38825	179.84328	1218.46905	185.39925
NF_086	3	0	623.30640	469.33955	437.51941	471.44403
NF_086	3	1	502.92865	423.50000	317.14166	424.59701
NF_086	4	0	1336.83526	608.45896	1164.75551	619.45149
NF_086	4	1	1144.93599	579.74627	992.49948	588.22015
NF_086	5	0	667.95488	634.26493	563.73767	632.59328
NF_086	5	1	930.87198	617.13806	827.66212	621.00746
NF_086	6	0	610.98006	315.61567	163.16789	306.79851
NF_086	6	1	722.29171	341.30597	311.24764	339.03731
NF_086	7	0	1434.11542	735.51866	1145.45435	744.06716
NF_086	7	1	1315.75236	724.43657	1059.83001	735.00000
NF_086	8	0	1319.47534	949.53358	1001.12277	958.60075
NF_086	8	1	1230.82896	906.71642	941.18573	915.27985
NF_086	9	0	1127.91396	257.61194	873.85519	266.14552
NF_086	9	1	1225.12277	318.56343	972.57503	326.08955
NF_086	10	0	1202.48374	748.86567	1092.66737	761.33955
NF_086	10	1	1289.61910	786.64552	1176.78069	801.13433
NF_086	11	0	1659.63379	695.25000	1400.16684	709.60821
NF_086	11	1	1569.98006	711.36940	1312.02413	724.21642
NF_086	12	0	1626.75866	872.59328	1339.93179	884.01493
NF_086	12	1	1551.20776	891.23134	1263.87723	904.66791
NF_086	13	0	1677.22980	890.36940	1280.79643	897.86567
NF_086	13	1	1801.63694	895.40672	1375.48688	895.85075
NF_086	14	0	1172.92025	969.68284	1123.01259	985.80224
NF_086	14	1	1076.71878	959.60821	1025.80378	971.19403
NF_086	15	0	1486.92865	923.48134	599.07975	925.61567
NF_086	15	1	1609.82476	894.26493	704.85100	889.34701
NF_086	16	0	1468.52046	683.01119	930.23715	690.57090
NF_086	16	1	1511.83631	644.72761	986.64848	654.80597
NF_086	17	0	1446.07450	856.23881	839.71878	860.20896
NF_086	17	1	1374.55299	796.29478	771.72298	798.75373
NF_087	0	0	1212.39979	686.04851	1166.40189	672.31716
NF_087	0	1	1263.77440	680.50746	1219.28751	664.76119
NF_087	1	0	1267.47219	690.09701	1043.90661	673.44403
NF_087	1	1	1170.26338	655.84328	962.31165	639.69403
NF_087	2	0	1301.21826	724.35075	1058.51312	703.66791
NF_087	2	1	1406.98951	707.22388	1139.60441	688.55597
NF_087	3	0	1301.72193	752.05597	1062.03882	734.89925
NF_087	3	1	1451.31270	779.76119	1174.86149	747.49254
NF_087	4	0	1562.29276	652.05970	1399.71878	630.90299
NF_087	4	1	1638.34732	637.95522	1485.34313	612.76866
NF_087	5	0	1465.60126	740.80597	1289.10493	719.32463
NF_087	5	1	1538.13012	790.67537	1355.08604	766.67537
NF_087	6	0	1757.81742	634.22388	1418.81427	602.50373
NF_087	6	1	1834.37566	632.65299	1485.80273	598.97761
NF_087	7	0	1263.55404	748.79104	1091.39979	732.36194
NF_087	7	1	1464.01574	747.78358	1301.93494	731.35448
NF_087	8	0	1692.33998	975.22388	1466.69465	955.07463
NF_087	8	1	1527.13536	1055.82090	1251.12277	1037.68657
NF_087	9	0	1220.51312	807.97015	875.03882	787.06343
NF_087	9	1	1660.78804	982.77985	1305.24764	961.62313
NF_087	10	0	1366.82162	529.56343	1108.03148	507.82836
NF_087	10	1	1313.93599	525.53358	1065.21931	503.29478
NF_087	11	0	1355.23715	559.78731	1132.20776	542.58582
NF_087	11	1	1397.54565	558.27612	1175.52361	537.54851
NF_087	12	0	1318.43547	277.07463	1001.79958	255.48881
NF_087	12	1	1359.23295	246.34701	1040.58237	221.73881
NF_087	13	0	1382.40189	218.64179	954.95803	198.56716
NF_087	13	1	1417.15530	254.91045	1003.31060	231.81343
NF_087	14	0	1188.99161	263.97761	938.84050	246.42164
NF_087	14	1	1218.70829	277.57836	975.10493	257.00000
NF_087	15	0	792.60126	424.70149	481.38405	415.84328
NF_087	15	1	833.39874	445.85821	538.29906	435.99254
NF_087	16	0	979.96747	574.81343	762.89507	563.77612
NF_087	16	1	1013.71354	570.27985	799.15950	559.74627
NF_087	17	0	1269.07870	695.60821	999.07555	676.54851
NF_087	17	1	1302.82476	666.89552	1039.36936	650.35448
NF_087	18	0	1279.15215	720.29104	1044.40609	703.75000
NF_087	18	1	1319.94963	728.85448	1086.21091	708.28358
NF_087	19	0	1124.02099	723.31343	968.24449	707.60821
NF_087	19	1	1151.72298	723.31343	994.93914	710.12687
NF_087	20	0	421.14900	418.40672	99.72718	419.01493
NF_087	20	1	362.72298	415.88806	35.76076	421.02985
NF_087	21	0	1060.55719	514.51119	798.99475	499.84701
NF_087	21	1	1112.43547	514.51119	851.37671	498.33582
NF_087	22	0	1496.78489	489.41418	1209.30325	464.52612
NF_087	22	1	1555.21091	500.49627	1263.19622	473.59328
NF_087	23	0	1207.41763	169.99254	669.27387	148.70149
NF_087	23	1	1292.53830	174.52612	758.42392	153.73881
NF_087	24	0	1699.39140	95.70896	1172.49108	79.58955
NF_087	24	1	1797.60756	93.19030	1254.08604	76.56716
NF_087	25	0	1692.84365	584.00000	1418.69675	557.11194
NF_087	25	1	1753.78804	578.45896	1467.55299	548.04478
NF_087	26	0	1560.64533	321.02239	1271.06086	294.14925
NF_087	26	1	1617.05666	306.91791	1324.45016	279.03731
NF_087	27	0	697.10808	708.31716	415.49108	704.33209
NF_087	27	1	745.96432	711.84328	468.88038	707.35448
NF_087	28	0	650.77020	586.41418	334.56453	580.05970
NF_087	28	1	705.16684	584.90299	389.96852	577.54104
NF_087	29	0	1124.99475	694.24254	894.47639	681.12687
NF_087	29	1	1160.75551	659.98881	931.74816	648.88806
NF_087	30	0	1231.77335	681.14552	1081.84260	667.02239
NF_087	30	1	1270.55614	669.55970	1122.64008	653.92537
NF_087	31	0	1191.47954	692.73134	1022.91291	676.59328
NF_087	31	1	1225.22560	694.24254	1055.14795	678.60821
NF_087	32	0	1004.61700	675.60448	847.63484	662.48881
NF_087	32	1	1040.37775	669.55970	883.39559	660.47388
NF_087	33	0	1178.66737	747.99254	990.67786	731.50000
NF_087	33	1	1211.90976	758.57090	1027.44596	732.50746
NF_087	34	0	1215.43547	819.01866	1020.62644	801.77612
NF_087	34	1	1262.78069	820.02612	1061.92760	802.27985
NF_087	35	0	1217.98006	818.63060	1122.32949	803.97761
NF_087	35	1	1359.51207	754.15299	1264.86884	740.50746
NF_087	36	0	1190.44701	417.45896	1046.70094	399.48134
NF_087	36	1	1275.06401	414.94030	1130.81427	392.93284
NF_087	37	0	1392.41973	413.42910	1270.83526	386.38433
NF_087	37	1	1459.91186	408.39179	1341.34942	381.85075
NF_087	38	0	1338.02308	535.33209	1188.23295	514.33209
NF_087	38	1	1421.63274	543.39179	1267.30955	522.89552
NF_087	39	0	1135.04302	551.95522	983.74187	536.49627
NF_087	39	1	1209.58657	545.40672	1048.71563	529.44403
NF_087	40	0	1204.84050	556.19030	1089.23715	539.67164
NF_087	40	1	1272.83631	560.72388	1153.70724	542.19030
NF_087	41	0	1241.10493	605.55597	1137.08604	590.54851
NF_087	41	1	1304.56768	598.50373	1199.54145	580.47388
NF_087	42	0	911.85100	430.13806	719.28122	421.29478
NF_087	42	1	984.37985	442.22761	778.21091	430.36194
NF_087	43	0	1465.05352	313.28731	1329.43966	279.37687
NF_087	43	1	1545.13746	312.27985	1413.04932	274.84328
NF_087	44	0	1688.56034	740.76119	1746.23295	731.44403
NF_087	44	1	1582.78909	746.30224	1617.79643	733.96269
NF_087	45	0	696.54565	975.22388	532.18153	963.63806
NF_087	45	1	603.36621	930.39179	441.52046	913.76866
NF_117	0	0	818.68625	470.85075	466.76390	459.93284
NF_117	0	1	982.88353	520.72015	662.18888	507.78731
NF_117	1	0	327.95803	874.10448	268.80797	851.03731
NF_117	1	1	429.19622	855.46642	358.96537	835.42164
NF_117	2	0	919.61175	883.83582	618.08919	869.27239
NF_117	2	1	799.23400	921.61567	492.67471	910.07463
NF_117	3	0	1440.67891	874.96269	1222.60546	861.06716
NF_117	3	1	1542.42078	846.75373	1329.38405	831.34701
NF_117	4	0	435.29906	873.71642	243.27387	857.18284
NF_117	4	1	258.50997	950.28358	39.79014	936.77239
NF_117	5	0	1304.14166	874.32463	1146.50577	866.42910
NF_117	5	1	1443.65897	887.92537	1289.54879	882.04478
NF_117	6	0	876.26967	758.70149	788.31375	747.45896
NF_117	6	1	616.87828	785.39925	519.35257	773.14925
NF_117	7	0	724.60126	801.45896	618.48793	789.16418
NF_117	7	1	870.66632	766.19776	769.08604	753.90299
NF_117	8	0	1142.62329	827.45149	237.73347	824.10448
NF_117	8	1	1583.87303	631.55597	588.28961	600.44776
NF_117	9	0	1078.90556	890.80224	727.07450	877.42537
NF_117	9	1	638.39874	628.26493	279.68940	620.41418
NF_117	10	0	1610.55614	309.28731	1621.65163	258.14552
NF_117	10	1	1095.49738	265.09328	1077.55719	248.95522
NF_117	11	0	1080.22560	604.17537	1014.24449	593.13806
NF_117	11	1	962.86988	566.89925	904.94753	557.37313
NF_117	12	0	843.72193	864.17537	776.62644	850.96269
NF_117	12	1	698.16055	875.25746	638.62015	856.50373
NF_119	0	0	1297.07765	700.29851	1073.94544	710.15672
NF_119	0	1	1406.20672	691.90299	1186.43232	698.06716
NF_119	1	0	1209.57293	563.98507	1018.58552	569.32836
NF_119	1	1	1392.90976	555.58955	1225.42707	567.31343
NF_119	2	0	1278.14795	582.97761	1088.30745	590.35075
NF_119	2	1	1188.49423	582.64179	997.98216	592.36567
NF_119	3	0	1424.11123	655.97015	1200.72403	668.57463
NF_119	3	1	1334.45750	651.60448	1109.72718	666.89552
NF_119	4	0	1610.76076	605.31343	1389.37566	622.77612
NF_119	4	1	1535.54565	582.47761	1304.42288	600.94776
NF_119	5	0	1592.00839	673.29104	1257.59706	687.59328
NF_119	5	1	1417.73767	655.15672	1125.63484	667.94776
NF_119	6	0	975.81322	900.20896	251.19307	911.45149
NF_119	6	1	797.51312	950.07836	3.52571	972.25373
NF_119	7	0	880.52046	762.60075	656.49843	756.14179
NF_119	7	1	950.02728	727.84328	729.53095	715.84328
NF_119	8	0	1516.09759	661.95522	1262.40923	676.54851
NF_119	8	1	1572.50892	675.55597	1311.76915	691.66045
NF_119	9	0	1645.60441	167.60821	1580.29171	171.42910
NF_119	9	1	1527.74502	147.96269	1455.88458	152.28731
NF_119	10	0	1752.78069	912.18284	1211.19937	912.84701
NF_119	10	1	1416.22246	829.49627	988.57608	835.27239
NF_119	11	0	957.15215	662.37687	808.62644	662.83582
NF_119	11	1	805.04302	682.52612	644.42917	673.91791
NF_119	12	0	1468.81007	826.20149	971.61175	830.53358
NF_119	12	1	1327.78174	793.96269	853.75236	797.28731
NF_119	13	0	1304.10913	829.22388	767.62434	828.51866
NF_119	13	1	1207.90766	810.58582	638.25184	811.97015
NF_119	14	0	1051.83945	897.46642	401.92025	903.46642
NF_119	14	1	918.86988	900.48881	230.16789	908.00000
NF_119	15	0	872.53200	858.17537	357.59706	853.09328
NF_119	15	1	782.87828	854.64925	259.88458	852.58955
NF_119	16	0	497.62854	247.83582	307.63064	236.69030
NF_119	16	1	632.61280	141.04478	460.74711	136.44776
NF_119	17	0	1859.55929	372.76119	1720.54565	392.91045
NF_119	17	1	1523.10598	243.80597	1376.03358	249.85075
NF_119	18	0	1456.62120	469.47761	1202.77020	487.61194
NF_119	18	1	1144.34418	336.49254	954.96327	350.59701
NF_119	19	0	1752.78069	447.31343	1597.64953	471.49254
NF_119	19	1	1460.65058	304.25373	1279.32844	308.28358
NF_119	20	0	1367.97482	141.04478	1122.18258	157.16418
NF_119	20	1	1037.56558	12.08955	787.74397	12.08955
NF_119	21	0	840.12592	120.89552	616.49528	114.85075
NF_119	21	1	443.23190	4.02985	189.38090	8.05970
NF_119	22	0	1218.88772	235.74627	1059.72718	239.77612
NF_119	22	1	961.00735	116.86567	819.97901	120.89552
NF_119	23	0	946.90451	294.17910	783.71459	300.22388
NF_119	23	1	608.43652	219.62687	445.24659	217.61194
NF_119	24	0	1083.90346	429.17910	886.46380	439.25373
NF_119	24	1	769.61175	318.35821	562.09864	324.40299
NF_119	25	0	963.02204	537.98507	747.45016	535.97015
NF_119	25	1	656.78909	433.20896	423.08499	435.22388
NF_119	26	0	1220.48583	572.84328	1034.43547	578.22388
NF_119	26	1	964.42497	492.39179	750.88143	505.47388
NF_119	27	0	1585.56139	691.11940	1110.09444	697.16418
NF_119	27	1	1047.63903	779.77612	572.17209	781.79104
NF_119	28	0	1208.73662	886.45896	227.73767	897.92537
NF_119	28	1	1089.36621	898.54851	107.78594	926.01493
NF_119	29	0	1098.00630	382.83582	259.89507	362.68657
NF_119	29	1	1367.97482	245.82090	533.89297	233.73134
NF_119	30	0	1263.21091	425.14925	534.10913	427.23507
NF_119	30	1	1549.29696	417.08955	779.39769	427.73881
NF_119	31	0	972.75131	797.65299	519.13012	786.29104
NF_119	31	1	661.64218	672.74627	239.30745	655.91045
NF_119	32	0	1067.78594	463.43284	801.84680	473.50746
NF_119	32	1	731.33263	427.16418	439.20252	421.11940
NF_119	33	0	1075.84470	356.64179	767.59706	352.61194
NF_119	33	1	725.28856	314.32836	316.30640	288.13433
NF_119	34	0	1656.07555	257.91045	1351.85729	278.05970
NF_119	34	1	1263.21091	147.08955	967.05142	161.19403
NF_119	35	0	1617.79643	374.77612	1190.68206	398.95522
NF_119	35	1	1160.46170	239.77612	753.49423	278.05970
NF_119	36	0	1426.40084	433.20896	1118.15320	445.29851
NF_119	36	1	1132.25603	318.35821	826.02308	326.41791
NF_119	37	0	1265.22560	223.65672	1011.37461	235.74627
NF_119	37	1	668.87723	203.50746	364.65897	201.49254
NF_120	0	0	574.46590	917.20149	130.95488	911.29104
NF_120	0	1	744.20357	850.70896	380.27282	843.79104
NF_120	1	0	951.90661	779.24254	714.15635	775.19403
NF_120	1	1	1131.71773	781.25746	861.73242	783.25373
NF_120	2	0	428.38090	1013.50746	164.71983	990.83955
NF_120	2	1	733.77020	995.37313	526.46065	982.77985
NF_120	3	0	1203.65582	367.42164	306.39874	354.11940
NF_120	3	1	1133.14166	380.01493	130.61700	353.61567
NF_120	4	0	1571.45855	405.00000	1297.46065	419.10448
NF_120	4	1	1853.51522	292.16418	1577.50262	314.32836
NF_120	5	0	1067.79853	413.70896	919.79224	416.43657
NF_120	5	1	1116.65477	416.73134	965.12277	423.99254
NF_120	6	0	714.22036	533.59701	342.00210	524.48134
NF_120	6	1	774.66107	518.98881	398.41343	508.86567
NF_120	7	0	992.24764	425.79851	705.64113	425.50373
NF_120	7	1	947.92445	406.65672	668.36936	403.33955
NF_120	8	0	837.11647	457.53358	512.23085	450.69030
NF_120	8	1	786.24554	464.08209	470.42602	452.70522
NF_120	9	0	1136.47639	326.87313	829.54460	326.26866
NF_120	9	1	1177.77754	323.34701	880.91920	328.78731
NF_120	10	0	1183.66002	265.91045	910.16055	269.49627
NF_120	10	1	1238.05666	269.43657	958.51312	279.06716
NF_120	11	0	1162.50577	279.00746	1001.32529	284.10448
NF_120	11	1	1203.30325	281.52612	1046.15215	288.13433
NF_120	12	0	1363.97482	247.27239	1130.26548	255.89552
NF_120	12	1	1308.06716	267.92537	1080.90556	278.56343
NF_120	13	0	497.24869	509.99254	76.55824	491.53358
NF_120	13	1	575.31794	508.48134	156.64218	492.03731
NF_120	14	0	472.14166	182.89552	222.11962	171.90299
NF_120	14	1	419.75971	174.33209	161.67891	163.84328
NF_120	15	0	689.57922	390.75746	18.13221	357.02239
NF_120	15	1	772.18153	413.92910	121.38510	386.23881
NF_120	16	0	760.83945	630.81343	514.52781	608.38433
NF_120	16	1	404.12697	732.55224	153.19412	712.70522
NF_120	17	0	1268.38090	610.81716	1009.47639	618.03358
NF_120	17	1	1528.77964	490.92910	1283.97796	512.75373
NF_120	18	0	987.19832	181.34328	878.40504	195.44776
NF_120	18	1	1438.48898	32.23881	1353.87198	44.32836
NF_120	19	0	338.46800	90.67164	273.99790	100.74627
NF_120	19	1	817.96432	16.11940	699.09759	20.14925
NF_120	20	0	1444.89192	353.17164	1217.93914	365.43657
NF_120	20	1	1775.44596	225.36940	1540.83945	244.48134
NF_120	21	0	1535.44596	427.72388	1268.82476	440.95522
NF_120	21	1	1295.69780	534.51493	1005.90766	547.24254
NF_120	22	0	971.71144	188.39179	947.64008	194.28731
NF_120	22	1	13.09549	46.34328	58.42602	71.52985
NF_120	23	0	775.65582	560.14925	406.96747	550.07463
NF_120	23	1	350.55614	501.71642	10.07345	485.59701
NF_120	24	0	1186.59496	260.11567	957.60860	266.55597
NF_120	24	1	1278.76705	253.56716	1044.74397	261.51866
NF_120	25	0	1245.02099	324.59328	997.39874	331.03358
NF_120	25	1	1334.17104	295.88060	1086.04512	305.84701
NF_120	26	0	1341.72613	338.19403	1056.83211	344.13060
NF_120	26	1	1435.40923	310.99254	1144.97482	321.46269
NF_120	27	0	1666.61175	141.32463	860.72613	178.09701
NF_120	27	1	1544.21931	144.85075	800.28541	169.02985
NF_120	28	0	1544.21931	100.52239	860.72613	126.21269
NF_120	28	1	1451.03987	74.32836	811.86988	85.91418
NF_120	29	0	1441.97377	195.72761	812.87723	212.35075
NF_120	29	1	1339.75551	208.94030	744.88143	219.90672
NF_120	30	0	1218.88772	211.56716	575.29171	208.00746
NF_120	30	1	1132.31060	214.48134	503.26653	203.47388
NF_120	31	0	1532.75131	107.79851	949.80693	124.92537
NF_120	31	1	1434.53515	118.37687	890.37356	136.51119
NF_120	32	0	1116.69990	116.36194	339.04932	89.16045
NF_120	32	1	993.80378	125.42910	213.63484	83.11567
NF_120	33	0	1035.60860	61.45522	366.24764	38.28358
NF_120	33	1	951.99895	46.84701	294.22246	8.05970
NF_120	34	0	827.94648	372.56343	237.73347	346.45896
NF_120	34	1	762.46905	340.32463	157.64953	311.19776
NF_120	35	0	1331.31060	216.91045	727.91710	224.36194
NF_120	35	1	1245.68625	230.51119	665.96537	229.39925
NF_120	36	0	999.90556	476.54104	218.59391	457.96269
NF_120	36	1	912.26653	456.89552	118.86674	433.78358
NF_135	0	0	1478.89822	479.05970	534.93914	460.24627
NF_135	0	1	1357.00944	458.40672	476.51312	438.08209
NF_135	1	0	1010.98321	296.56343	513.56034	283.65299
NF_135	1	1	950.54250	253.24254	438.00944	234.79104
NF_135	2	0	749.48793	449.67910	96.70514	433.08955
NF_135	2	1	834.60860	437.58955	178.30010	417.97761
NF_135	3	0	713.72718	430.03358	298.17419	418.98507
NF_135	3	1	656.81217	387.72015	214.06086	372.64179
NF_135	4	0	901.59706	491.99254	386.31689	465.83209
NF_135	4	1	852.23715	436.58209	336.45331	419.99254
NF_135	5	0	926.57503	565.83582	577.08604	560.17164
NF_135	5	1	849.00944	540.14552	499.01679	533.47388
NF_135	6	0	939.43547	218.42164	432.39140	199.53358
NF_135	6	1	884.53515	183.16045	348.27807	161.25000
NF_135	7	0	1137.51312	304.05970	373.49528	278.05970
NF_135	7	1	1227.16684	277.86567	476.24449	256.39925
NF_135	8	0	1560.77754	651.48134	1068.90976	638.51866
NF_135	8	1	1476.66422	633.85075	1014.51312	622.39925
NF_135	9	0	1556.85100	784.57090	1132.01994	771.45896
NF_135	9	1	1506.48374	757.36940	1084.67471	748.79104
NF_135	10	0	1617.26233	547.16418	1208.91291	537.56716
NF_135	10	1	1681.73242	534.06716	1261.79853	524.97388
NF_135	11	0	1518.54250	466.56716	1095.58657	458.98507
NF_135	11	1	1589.56034	455.98881	1160.05666	447.90299
NF_135	12	0	1638.41658	417.20149	1252.22875	410.12313
NF_135	12	1	1706.41238	424.25373	1299.07030	420.19776
NF_135	13	0	1407.73452	463.04104	1047.73767	452.94030
NF_135	13	1	1453.56873	435.83955	1094.07555	425.73881
NF_135	14	0	1426.37041	482.18284	1113.71878	474.09701
NF_135	14	1	1465.15320	452.96642	1142.42812	444.88060
NF_135	15	0	1668.98321	617.01119	1195.49843	607.09701
NF_135	15	1	1736.97901	610.46269	1255.43547	595.51119
NF_135	16	0	1762.16264	598.87687	1325.94963	587.95522
NF_135	16	1	1831.66946	603.91418	1386.89402	594.50373
NF_135	17	0	1544.46905	711.78358	1217.24449	704.47761
NF_135	17	1	1586.77754	710.27239	1262.57503	703.97388
NF_135	18	0	1493.59811	694.15299	1267.61175	690.87687
NF_135	18	1	1519.28541	699.69403	1301.35782	689.86940
NF_135	19	0	1655.74711	261.34701	1240.10073	257.04851
NF_135	19	1	1713.66946	227.59701	1284.42392	223.29851
NF_135	20	0	1603.86884	343.95896	1211.89507	337.14179
NF_135	20	1	1649.70304	318.26866	1253.69990	310.44403
NF_135	21	0	1412.97692	277.97015	998.33788	272.66418
NF_135	21	1	1462.84050	260.33955	1052.23085	254.52985
NF_135	22	0	1513.71144	269.91045	1069.35572	264.60448
NF_135	22	1	1577.67786	242.20522	1122.74502	236.89925
NF_135	23	0	1010.99790	453.54851	356.60021	429.17910
NF_135	23	1	915.30010	381.51493	302.20357	356.64179
NF_135	24	0	744.86884	653.37687	261.40609	650.33955
NF_135	24	1	604.84785	651.36194	72.52886	651.85075
NF_135	25	0	1789.04512	677.01493	754.45016	650.02985
NF_135	25	1	1566.64533	616.17537	631.55404	595.62687
NF_135	26	0	1449.92760	694.98507	325.15635	679.61567
NF_135	26	1	1260.04302	650.15299	194.70514	632.26493
NF_135	27	0	739.92130	511.67164	235.99475	502.91045
NF_135	27	1	647.24554	496.05597	140.80063	486.28731
NF_135	28	0	746.97272	514.19030	415.30220	510.46642
NF_135	28	1	823.02728	528.29478	498.91186	525.07463
NF_135	29	0	1676.88772	460.09701	901.33263	448.76493
NF_135	29	1	1577.66422	382.52239	812.68625	374.21269
NF_135	30	0	1526.33263	737.79851	1111.64848	729.41418
NF_135	30	1	1442.21931	715.63433	1035.09024	703.72388
NF_135	31	0	1588.74816	934.51866	1346.71878	937.49627
NF_135	31	1	1658.25498	956.68284	1408.16684	960.66791
NF_135	32	0	1880.20986	1052.79851	1410.18153	1027.16045
NF_135	32	1	1791.05981	1008.47015	1338.15635	990.38806
NF_135	33	0	1341.78384	572.23881	20.14690	540.00000
NF_135	33	1	1585.56139	467.46269	447.26128	443.28358
NF_135	34	0	1140.31480	868.43284	271.98321	872.46269
NF_135	34	1	918.69885	824.10448	106.77859	828.13433
NF_135	35	0	1503.98321	592.72388	763.75131	580.04478
NF_135	35	1	1332.73452	597.25746	626.75236	584.07463
NF_135	36	0	839.81007	277.60821	298.15215	254.40672
NF_135	36	1	655.46590	223.70896	35.73872	189.42537
NF_135	37	0	1218.48269	751.14552	663.06401	737.41791
NF_135	37	1	924.84155	612.61940	344.62329	609.00746
NF_135	38	0	1525.12067	699.17910	1372.00420	695.14925
NF_135	38	1	1783.00105	801.94030	1662.11962	805.97015
NF_135	39	0	327.68940	650.47388	88.64638	656.45896
NF_135	39	1	522.61070	646.44403	321.34313	640.33955
NF_135	40	0	251.83631	562.51866	149.59077	562.54851
NF_135	40	1	319.83211	585.69030	208.52046	582.69776
NF_135	41	0	202.47639	526.25000	72.02518	515.19776
NF_135	41	1	268.45750	537.33209	126.42183	543.91045
NF_153	0	0	767.44701	1035.16791	538.77440	1030.63433
NF_153	0	1	945.24344	991.84701	762.40504	988.32090
NF_153	1	0	1502.45540	627.31716	889.68625	613.36194
NF_153	1	1	1710.47219	641.42164	1054.89087	620.91791
NF_153	2	0	1638.50472	686.10448	1082.61280	670.00000
NF_153	2	1	1844.44911	624.32463	1216.58972	605.01866
NF_153	3	0	1500.44071	704.92164	1078.58342	693.17164
NF_153	3	1	1659.09759	656.56343	1200.97587	641.28731
NF_153	4	0	1349.95803	1002.42537	896.30010	994.36567
NF_153	4	1	1547.39769	1027.10821	1061.00105	1005.44776
NF_153	5	0	986.73767	1062.36940	909.19727	1066.90299
NF_153	5	1	1114.16684	1034.66418	1037.63379	1039.19776
NF_153	6	0	1623.26653	679.89925	968.68835	662.45896
NF_153	6	1	1468.13536	670.83209	866.44281	653.89552
NF_153	7	0	1782.42707	615.92537	1154.28437	597.61567
NF_153	7	1	1676.15215	662.26866	1044.98741	643.95896
NF_153	8	0	1712.41658	718.18284	1362.71459	709.96269
NF_153	8	1	1821.71354	689.97388	1451.86464	681.25000
NF_153	9	0	1879.70619	751.45896	798.19622	710.34328
NF_153	9	1	1617.29276	704.61194	676.30745	676.59328
NF_153	10	0	1832.36097	724.97015	294.26653	691.50373
NF_153	10	1	1619.30745	752.67537	200.07975	733.31343
NF_153	11	0	847.75131	901.45149	620.71039	890.78358
NF_153	11	1	619.08395	919.08209	418.23400	914.45896
NF_153	12	0	789.26233	875.34701	359.39140	873.58582
NF_153	12	1	732.34732	869.30224	286.35887	864.51866
NF_153	13	0	675.25498	981.26866	255.86569	972.70522
NF_153	13	1	592.14900	976.73507	163.69360	976.23134
NF_153	14	0	1040.74397	891.94030	736.47954	884.54851
NF_153	14	1	991.88772	901.00746	690.64533	896.63806
NF_153	15	0	990.88038	903.52612	779.29171	897.64552
NF_153	15	1	960.15635	910.57836	752.59706	908.22388
NF_153	16	0	860.93284	975.55970	655.89192	968.16791
NF_153	16	1	829.20147	949.86940	617.10913	946.50746
NF_153	17	0	1059.10073	953.05970	828.50892	953.05970
NF_153	17	1	975.99475	960.61567	735.83316	954.06716
NF_154	0	0	818.68520	800.82836	642.04197	789.51866
NF_154	0	1	753.20776	784.70896	576.56453	774.40672
NF_154	1	0	1426.40084	902.68657	1202.41448	880.17537
NF_154	1	1	1801.13326	969.17910	1485.98216	936.59328
NF_154	2	0	991.22770	866.41791	580.23085	856.34328
NF_154	2	1	546.35887	805.46642	158.34837	810.73881
NF_154	3	0	966.81532	568.91791	765.88877	559.02239
NF_154	3	1	1303.77230	610.22388	1085.21721	586.72761
NF_154	4	0	851.60231	620.06343	687.52046	613.73134
NF_154	4	1	1406.94648	627.91045	1139.46485	611.28731
NF_154	5	0	1075.16159	665.70896	1012.97377	653.89552
NF_154	5	1	1460.47114	673.76866	1406.84575	651.37687
NF_157	0	0	890.18888	745.50373	836.64113	720.91045
NF_157	0	1	757.72298	769.17910	700.14586	736.02239
NF_157	1	0	1088.13851	768.27612	872.31480	755.17910
NF_157	1	1	1216.57503	749.63806	1009.31375	745.10448
NF_157	2	0	770.68625	788.39552	568.28122	758.68657
NF_157	2	1	647.79014	807.03358	419.69780	768.76119
NF_157	3	0	1287.00210	802.79851	1056.90661	803.37687
NF_157	3	1	1458.75446	810.85821	1202.46800	809.42164
NF_157	4	0	1452.70829	864.69776	1215.15320	871.30224
NF_157	4	1	1632.01574	888.87687	1358.19622	909.58582
NF_157	5	0	402.93809	938.95522	78.57293	886.56716
NF_157	5	1	884.44911	934.92537	598.36306	908.73134
NF_162	0	0	823.26338	1038.69403	669.64218	1028.61940
NF_162	0	1	1099.77964	968.67537	931.55194	966.66045
NF_162	1	0	1815.23610	820.29104	1504.79958	812.58582
NF_162	1	1	1593.11647	737.17537	1328.51417	734.50746
NF_162	2	0	1249.34418	840.84328	940.27807	832.91791
NF_162	2	1	1412.53410	862.00000	1055.61910	842.48881
NF_162	3	0	1192.36621	839.97015	890.35572	837.03358
NF_162	3	1	1321.30640	824.35448	1026.85100	817.89179
NF_162	4	0	930.26338	821.20896	628.14586	815.14925
NF_162	4	1	1091.94229	783.93284	793.35047	785.93284
NF_162	5	0	1283.35782	862.38806	1025.47744	866.41791
NF_162	5	1	1547.28227	888.58209	1363.94544	894.62687
NF_162	6	0	479.49633	844.25373	317.60546	834.07463
NF_162	6	1	821.99370	807.98507	647.13746	809.28731
NF_162	7	0	1030.75971	753.16418	692.27492	745.88806
NF_162	7	1	1200.49738	724.45149	900.79538	717.67910
NF_162	8	0	1144.58972	798.50000	869.56768	788.70522
NF_162	8	1	1356.81847	788.89552	1087.88772	780.60075
NF_162	9	0	1373.43966	851.86194	975.06506	843.06343
NF_162	9	1	1639.26233	956.38806	1207.19622	939.66045
NF_163	0	0	852.78909	517.90299	722.30325	517.61194
NF_163	0	1	1049.22141	542.08209	911.68416	543.30224
NF_163	1	0	846.86254	450.19776	827.64953	461.84328
NF_163	1	1	989.90556	470.34701	966.15950	474.94030
NF_163	2	0	1007.59496	96.71642	921.06611	98.22761
NF_163	2	1	1428.32529	122.91045	1336.09234	111.32463
NF_163	3	0	912.27702	598.96269	781.36936	598.37313
NF_163	3	1	814.06086	557.15299	690.20462	550.01493
NF_163	4	0	865.54250	1010.98881	232.69675	1029.12313
NF_163	4	1	767.83001	1014.01119	78.06925	1055.31716
NF_163	5	0	1433.34732	829.94030	1262.72193	845.98134
NF_163	5	1	1318.00630	743.80224	1140.83316	755.81343
NF_163	6	0	1516.84365	885.45149	1109.80693	887.97015
NF_163	6	1	1471.00944	875.88060	1053.39559	883.94030
NF_163	7	0	784.64113	587.09701	558.18153	574.41418
NF_163	7	1	679.87723	568.45896	452.41028	565.34701
NF_163	8	0	555.75131	601.76493	341.56768	593.33582
NF_163	8	1	421.77440	564.48881	216.15320	566.13433
NF_163	9	0	1880.46170	885.58209	1600.84260	906.38806
NF_163	9	1	1916.47429	900.80597	1637.10703	923.38806
NF_163	10	0	1339.50997	840.53731	1173.16264	852.82090
NF_163	10	1	1360.91605	848.91045	1194.06506	864.74627
NF_163	11	0	560.64848	414.44030	560.12277	417.15672
NF_163	11	1	475.69570	340.22388	487.59391	347.64179
NF_163	12	0	873.21616	738.59701	647.03253	740.07463
NF_163	12	1	552.02099	588.16418	274.76390	584.46269
NF_163	13	0	1221.14795	452.61567	1050.18153	456.91045
NF_163	13	1	968.80797	443.54851	820.50682	444.82090
NF_163	14	0	723.51941	388.14925	517.41343	386.27239
NF_163	14	1	429.74502	334.28358	162.68625	325.95522
NF_163	15	0	975.90556	581.66045	864.22560	579.20149
NF_163	15	1	768.89612	522.22015	645.63169	520.76866
NF_163	16	0	1160.16264	498.39179	1024.46800	498.15672
NF_163	16	1	892.71249	463.13060	765.58027	465.91791
NF_163	17	0	994.31689	237.80224	846.96537	238.12687
NF_163	17	1	734.92550	165.26493	533.46905	172.43657
NF_163	18	0	1139.06716	434.27239	936.11857	439.75373
NF_163	18	1	885.71983	451.90299	686.80063	447.81343
NF_163	19	0	900.49003	438.30224	765.36831	434.48134
NF_163	19	1	619.44071	400.01866	490.86674	400.22761
NF_163	20	0	843.07135	524.94403	674.70724	519.61194
NF_163	20	1	577.13221	432.76119	356.10178	425.72388
NF_163	21	0	452.09969	634.80597	192.10493	630.96269
NF_163	21	1	712.01364	649.19403	469.49108	651.98507
NF_163	22	0	303.02728	576.19403	196.93599	572.05970
NF_163	22	1	133.79328	573.67537	22.16159	559.97015
NF_163	23	0	1109.72613	659.62687	496.02833	658.55970
NF_163	23	1	961.64638	668.35821	252.71773	673.09701
NF_163	24	0	959.86359	708.97015	280.72193	714.06716
NF_163	24	1	804.74397	684.94030	43.31584	690.70896
NF_163	25	0	867.27702	649.40672	688.82896	651.76866
NF_163	25	1	795.25184	643.86567	628.38825	648.74627
NF_163	26	0	1497.01679	904.29478	1397.92865	929.38433
NF_163	26	1	1590.19622	952.65299	1487.58237	984.79478
NF_164	0	0	894.93494	662.40299	572.16684	649.89552
NF_164	0	1	757.43232	647.79478	439.19727	648.38433
NF_164	1	0	728.12592	609.79104	498.15215	606.11567
NF_164	1	1	408.29381	615.83582	212.56978	621.22761
NF_164	2	0	1127.07030	597.88433	868.54565	581.11194
NF_164	2	1	779.03253	493.10821	597.56978	484.39552
NF_164	3	0	731.12382	414.31716	664.34103	412.98507
NF_164	3	1	965.83526	399.70896	896.03043	390.31716
NF_164	4	0	1567.75866	495.71269	1390.46065	464.85075
NF_164	4	1	1366.28961	444.83582	1210.14586	420.52239
NF_164	5	0	1553.24134	573.48134	1369.36621	550.64552
NF_164	5	1	1707.86884	568.94776	1515.43127	534.52612
NF_164	6	0	1334.34313	302.20896	1186.56348	274.09701
NF_164	6	1	1068.40399	251.33209	937.74921	238.33209
NF_166	0	0	1337.52046	517.53358	1139.13116	514.89552
NF_166	0	1	1524.88667	476.73134	1326.49738	483.66418
NF_166	1	0	1550.39244	539.95522	1216.94753	551.84701
NF_166	1	1	1752.36516	497.13806	1385.67786	512.05224
NF_166	2	0	1648.10493	623.07090	1276.17524	637.70522
NF_166	2	1	1865.69150	573.20149	1483.68835	587.33209
NF_166	3	0	1684.28122	695.14925	1171.41133	701.17537
NF_166	3	1	1890.28332	660.79104	1390.00525	683.04104
NF_166	4	0	1347.97692	612.82836	1012.71878	611.82090
NF_166	4	1	1505.62644	591.67164	1186.48583	593.68657
NF_166	5	0	1385.75236	644.56343	1002.64533	643.55597
NF_166	5	1	1569.59286	624.91791	1184.97482	633.98507
NF_166	6	0	1192.67891	624.23881	894.35467	617.79478
NF_166	6	1	1337.23295	581.92537	1047.97482	567.92537
NF_166	7	0	1113.60231	595.52612	835.92865	586.56343
NF_166	7	1	1231.46170	575.88060	968.89822	571.95522
NF_166	8	0	1369.42497	693.15672	975.35572	693.79478
NF_166	8	1	1568.37566	650.84328	1151.64113	656.51866
NF_166	9	0	1444.70829	742.11194	957.16789	743.79851
NF_166	9	1	1664.81322	721.96269	1144.53410	726.16791
NF_166	10	0	1228.14271	485.94776	1062.51417	483.13433
NF_166	10	1	1622.27387	460.06716	1449.33473	470.54104
NF_167	0	0	721.89717	554.17910	400.67366	526.35821
NF_167	0	1	456.46485	503.29851	142.65373	461.32836
NF_167	1	0	1319.51207	398.10448	1072.81427	395.05970
NF_167	1	1	1659.07765	371.77612	1430.95698	378.59701
NF_167	2	0	299.56139	270.69030	2.51836	223.64179
NF_167	2	1	459.72928	290.83955	202.47639	250.33955
NF_167	3	0	113.32634	327.46642	83.60965	288.99254
NF_167	3	1	21.65792	315.88060	3.52571	277.40672
NF_167	4	0	1848.47849	994.36567	754.89822	961.15672
NF_167	4	1	1573.47324	931.39925	600.27072	921.36194
NF_167	5	0	1026.27702	440.86567	630.15950	423.88806
NF_167	5	1	887.76705	499.29851	484.09444	474.26119
NF_167	6	0	660.36516	496.98507	409.41658	465.71269
NF_167	6	1	512.78909	469.27985	253.27807	432.46642
NF_167	7	0	930.16579	557.26866	624.96747	530.16418
NF_167	7	1	753.37671	545.08955	467.82162	515.70149
NF_167	8	0	1158.37566	590.67164	785.47744	581.20896
NF_167	8	1	1351.77650	582.86567	950.93389	581.20896
NF_167	9	0	933.67051	141.99254	404.47219	103.26493
NF_167	9	1	794.15320	57.36567	300.21196	13.09701
NF_167	10	0	1727.09339	153.75373	1536.60021	159.35448
NF_167	10	1	1065.94753	167.87313	895.22665	152.12687
NF_167	11	0	1889.77964	425.14925	1396.18048	445.29851
NF_167	11	1	1351.85729	374.77612	983.16894	368.73134
NF_167	12	0	1718.53095	342.53731	946.90451	356.64179
NF_167	12	1	946.90451	235.74627	84.61700	191.41791
NF_167	13	0	1325.66632	177.31343	787.74397	175.29851
NF_167	13	1	854.22875	90.67164	265.93914	54.40299
NF_167	14	0	1325.66632	348.58209	777.67051	350.59701
NF_167	14	1	942.87513	197.46269	207.51312	163.20896
NF_167	15	0	1511.01784	666.94030	926.75761	668.95522
NF_167	15	1	846.16999	398.95522	62.45540	356.64179
NF_167	16	0	747.45016	439.25373	485.54040	413.05970
NF_167	16	1	398.90871	411.04478	48.35257	368.73134
NF_167	17	0	285.05666	356.56716	198.44701	319.92537
NF_167	17	1	113.80797	380.74627	40.79748	338.05970
NF_167	18	0	1079.87408	505.74627	735.36201	487.61194
NF_167	18	1	1595.63484	163.20896	1190.68206	179.32836
NF_167	19	0	134.98426	235.74627	10.57712	198.08209
NF_167	19	1	386.74082	239.01493	260.90241	208.15672
NF_175	0	0	588.38930	603.85448	435.02204	592.30970
NF_175	0	1	1110.28122	684.91045	920.17838	679.90299
NF_175	1	0	884.44911	860.37313	562.09864	844.25373
NF_175	1	1	463.37880	830.14925	173.26338	812.01493
NF_175	2	0	622.53935	562.16418	386.82057	546.04478
NF_175	2	1	950.93389	529.92537	779.68520	515.82090
NF_175	3	0	717.22980	501.71642	455.32004	495.67164
NF_175	3	1	1023.46275	463.43284	805.87618	453.35821
NF_175	4	0	817.00944	468.43657	791.16055	457.60448
NF_175	4	1	1026.53725	468.94030	993.13326	459.61940
NF_175	5	0	505.74187	369.85075	381.27492	363.24254
NF_175	5	1	797.87198	399.06716	663.33158	387.92537
NF_175	6	0	1797.10388	219.62687	1734.64848	189.40299
NF_175	6	1	1152.40294	118.88060	1031.52151	90.67164
NF_186	0	0	848.18468	783.80597	739.45750	785.21269
NF_186	0	1	1643.98741	812.01493	1489.56768	838.00000
NF_186	1	0	860.28541	959.60821	580.94753	958.60075
NF_186	1	1	1057.72508	940.46642	805.58552	946.51119
NF_186	2	0	424.21616	667.79851	222.71983	666.22388
NF_186	2	1	825.87303	674.17910	629.50892	682.08955
NF_186	3	0	726.49948	841.48134	580.12067	833.51119
NF_186	3	1	1039.28017	797.65672	895.41973	815.88060
NF_186	4	0	904.29591	936.68657	628.47324	934.25746
NF_186	4	1	532.95068	816.48881	226.52781	806.82836
NF_187	0	0	1049.72298	573.46269	646.02833	598.70896
NF_187	0	1	1207.37251	640.96269	843.97167	655.63060
NF_187	1	0	1468.89507	364.17910	1048.91710	391.25373
NF_187	1	1	1328.87408	340.67164	894.79328	363.04478
NF_187	2	0	987.63274	432.64925	619.02518	449.80597
NF_187	2	1	812.35467	397.05224	443.74711	414.88060
NF_187	3	0	751.38300	463.41791	444.91710	478.91045
NF_187	3	1	596.58762	468.11940	248.14900	488.31343
NF_187	4	0	793.95908	274.58209	528.81952	295.32836
NF_187	4	1	633.45540	265.85075	373.01679	284.58209
NF_187	5	0	1286.34732	671.66418	909.12172	692.34328
NF_187	5	1	1440.13536	636.06716	1029.66737	668.50000
NF_187	6	0	1891.12277	273.16418	607.74292	312.79851
NF_187	6	1	1742.03568	320.51493	442.20252	348.73134
NF_187	7	0	1101.02833	450.55970	482.69990	463.27612
NF_187	7	1	1192.36097	454.92537	574.03253	471.67164
NF_187	8	0	850.76495	803.51493	460.84365	818.84328
NF_187	8	1	541.05561	895.51493	138.67786	909.55224
NF_187	9	0	372.75341	192.86567	296.95173	233.88060
NF_187	9	1	229.24134	117.50746	171.70514	166.04478
NF_187	10	0	905.56768	452.63060	285.15635	460.92537
NF_187	10	1	809.86988	458.17164	145.63903	464.95522
NF_187	11	0	962.48688	400.59328	573.92550	415.90299
NF_187	11	1	913.12697	402.10448	538.16474	418.42164
NF_187	12	0	1207.62644	303.51119	753.54565	317.12313
NF_187	12	1	1147.18573	271.27239	699.65268	294.45522
NF_187	13	0	1351.67681	360.43284	1028.04932	391.82836
NF_187	13	1	1313.90136	342.29851	993.29591	367.64925
NF_187	14	0	1494.05247	309.27612	1091.67786	335.13806
NF_187	14	1	1427.06401	313.30597	1040.30325	342.69403
NF_187	15	0	1384.25184	387.85821	1027.71144	415.23134
NF_187	15	1	1410.94648	394.91045	1064.98321	422.78731
NF_187	16	0	1187.09339	587.33209	594.41343	601.62687
NF_187	16	1	1119.60126	574.23507	513.32214	591.04851
NF_187	17	0	1241.49003	552.07090	774.72823	572.41045
NF_187	17	1	1293.36831	535.95149	807.97062	555.28358
NF_187	18	0	732.01994	187.81343	140.52466	184.74627
NF_187	18	1	645.89192	208.46642	45.33054	202.37687
NF_187	19	0	1108.99790	724.51119	249.31794	747.93284
NF_187	19	1	1044.02413	726.52612	141.53200	760.02239
NF_187	20	0	990.63484	632.83209	38.78279	653.23134
NF_187	20	1	1090.36201	641.89925	122.39244	659.77985
NF_187	21	0	462.40609	92.68657	130.45121	113.84328
NF_187	21	1	352.60546	69.01119	22.16159	91.67910
NF_187	22	0	946.14586	961.62313	322.90241	997.38806
NF_187	22	1	1069.54565	951.04478	461.91605	982.77985
NF_187	23	0	846.12277	868.96269	383.24029	895.48134
NF_187	23	1	747.40294	834.20522	299.12697	857.19776
NF_187	24	0	1213.74816	597.60075	941.66002	620.87313
NF_187	24	1	1292.32109	594.07463	1031.31375	617.85075
NF_187	25	0	1040.19622	464.11194	610.11542	484.17164
NF_187	25	1	934.92865	438.92537	495.78174	455.96269
NF_187	26	0	934.42497	528.58955	499.81112	542.10075
NF_187	26	1	858.37041	540.67910	422.74921	555.70149
NF_187	27	0	723.41658	496.02239	361.15635	514.73881
NF_187	27	1	623.68940	484.94030	233.22350	501.13806
NF_187	28	0	912.57503	392.22388	551.43966	415.36940
NF_187	28	1	826.44701	349.40672	450.20147	377.08582
NF_187	29	0	606.33998	250.30970	251.51731	263.82090
NF_187	29	1	708.58552	268.44403	357.79224	287.49627
NF_187	30	0	723.71459	563.12687	294.28122	574.32463
NF_187	30	1	621.46905	566.65299	188.50997	582.38433
NF_187	31	0	1415.46905	221.57836	1123.42497	254.23134
NF_187	31	1	1504.61910	201.93284	1191.92445	235.59328
NF_187	32	0	880.24344	332.99254	727.60126	356.79104
NF_187	32	1	217.73977	223.96269	107.38405	264.76119
NF_187	33	0	1187.23400	284.09701	716.02623	295.64925
NF_187	33	1	1315.16684	325.73881	842.61595	341.65672
NF_187	34	0	1142.10703	359.86567	881.43757	382.64179
NF_187	34	1	1242.50577	378.00000	965.38300	396.74627
NF_187	35	0	1382.89822	391.29851	1092.20672	415.99254
NF_187	35	1	1298.61700	357.04478	1022.36411	389.79851
NF_187	36	0	982.11228	287.11194	369.80378	290.08955
NF_187	36	1	1015.35467	265.45149	420.17104	286.56343
NF_187	37	0	1384.09234	457.38806	1212.84365	477.53731
NF_187	37	1	1061.74187	445.29851	860.27282	473.50746
NF_187	38	0	644.70094	372.76119	459.34942	392.91045
NF_187	38	1	172.04302	286.64179	22.16159	318.35821
NF_187	39	0	409.09024	182.35075	327.13221	211.00000
NF_187	39	1	740.08499	320.54478	623.43966	325.52985
NF_188	0	0	481.41448	922.83582	255.13116	905.34701
NF_188	0	1	663.74397	905.20522	462.14061	894.26493
NF_188	1	0	939.22560	693.76493	535.58972	686.74627
NF_188	1	1	716.09864	685.70522	274.68730	682.21269
NF_188	2	0	1042.47849	735.57463	712.37880	733.08955
NF_188	2	1	896.41343	655.48134	587.46800	646.44776
NF_188	3	0	934.18888	749.17537	605.60021	744.17164
NF_188	3	1	767.97692	729.02612	440.89927	725.02985
NF_188	4	0	897.92445	775.36940	543.14481	766.83955
NF_188	4	1	701.28541	786.95522	324.55089	783.46269
NF_198	0	0	739.66737	807.07463	536.09339	794.97015
NF_198	0	1	625.33368	821.68284	447.95068	816.12687
NF_198	1	0	648.11542	777.22388	321.84680	774.66045
NF_198	1	1	502.05037	722.82090	171.24869	720.25746
NF_198	2	0	500.53830	758.46642	356.60021	749.55224
NF_198	2	1	188.95488	654.19403	95.19412	652.51866
NF_198	3	0	1082.37251	782.20149	911.76285	778.98507
NF_198	3	1	860.25289	773.63806	715.83421	766.89552
NF_198	4	0	720.35047	875.85448	546.21091	871.14179
NF_198	4	1	460.95908	796.26493	281.27912	791.55224
NF_198	5	0	737.24029	263.54851	757.08919	271.15299
NF_198	5	1	471.30115	221.23507	512.30430	240.42537
NF_198	6	0	800.01994	653.61567	795.91710	658.90299
NF_198	6	1	737.56453	628.93284	737.49108	627.67164
NF_198	7	0	1385.70304	610.11940	1219.92025	606.44403
NF_198	7	1	1094.58027	575.86567	950.95908	572.19030
NF_198	8	0	791.30955	573.82090	626.24764	579.09701
NF_198	8	1	484.06925	571.30224	349.22770	570.02985
NF_198	9	0	995.97482	773.91791	896.44281	780.14179
NF_198	9	1	760.75971	757.79851	665.76076	753.44403
NF_198	10	0	1332.68520	566.33582	1138.81742	564.73507
NF_198	10	1	1016.88458	572.66791	865.82686	565.23881
NF_198	11	0	1483.89402	688.63806	1270.09654	688.86567
NF_198	11	1	1149.95908	660.93284	984.51417	665.19030
NF_198	12	0	1118.93914	773.25000	971.04617	769.15299
NF_198	12	1	934.59496	782.82090	769.07345	776.70896
NF_198	13	0	485.19203	487.35448	303.71459	489.05970
NF_198	13	1	395.03463	461.66418	213.55719	465.88806
NF_198	14	0	329.81007	359.18657	209.52781	371.00746
NF_198	14	1	225.54984	334.50373	109.29696	349.85075
NF_207	0	0	989.49003	681.02985	910.05981	670.46642
NF_207	0	1	753.26758	658.86567	691.46590	653.33955
NF_207	1	0	836.09654	795.89552	513.74607	795.89552
NF_207	1	1	408.98216	733.43284	159.16055	733.43284
NF_207	2	0	949.92025	677.91791	825.88353	664.92537
NF_207	2	1	659.30115	646.18284	517.63589	650.31716
NF_207	3	0	1283.68416	740.20149	1100.34732	720.55597
NF_207	3	1	731.28541	682.20896	583.11228	671.27612
NF_207	4	0	1714.50157	683.05970	1394.16579	646.79104
NF_207	4	1	1037.56558	537.98507	852.21406	527.91045
NF_207	5	0	1152.40294	789.85075	906.61070	769.70149
NF_207	5	1	743.42078	733.43284	511.73137	713.28358
NF_207	6	0	792.92025	791.65299	452.39140	783.93284
NF_207	6	1	345.92550	964.89179	33.24239	957.59328
NF_207	7	0	278.02728	746.34701	215.06821	744.36567
NF_207	7	1	54.39664	758.43657	11.58447	757.96642
NF_207	8	0	1100.02099	807.98507	834.08185	795.89552
NF_207	8	1	539.93704	608.50746	370.70304	610.52239
NF_211	0	0	1281.62749	429.39552	1013.61910	422.95522
NF_211	0	1	1435.75131	422.34328	1136.51522	420.43657
NF_211	1	0	1521.15320	388.08955	1171.82162	393.98507
NF_211	1	1	1769.46380	312.52985	1373.29066	326.98881
NF_211	2	0	1394.11962	435.53358	1061.88458	431.94776
NF_211	2	1	1517.51941	420.92537	1202.91291	421.36940
NF_211	3	0	1692.84365	793.77239	1154.97692	791.22388
NF_211	3	1	1805.66632	735.33955	1280.39140	735.81343
NF_211	4	0	684.54669	172.86567	582.59391	145.57836
NF_211	4	1	903.64428	230.29104	780.53725	206.02612
NF_211	5	0	1363.94544	461.41791	1027.49213	465.44776
NF_211	5	1	1863.58867	679.02985	1337.75446	687.08955
NF_211	6	0	1662.62329	58.43284	1279.59811	62.96642
NF_211	6	1	1844.44911	56.41791	1439.26233	67.50000
NF_211	7	0	1914.45960	529.08955	1575.51626	541.26866
NF_211	7	1	1823.29486	493.82836	1509.03148	502.48134
NF_211	8	0	777.94648	339.52612	426.48269	306.32463
NF_211	8	1	487.82896	377.19030	137.50262	328.35448
NF_211	9	0	1091.46800	419.81343	880.88772	406.37687
NF_211	9	1	907.12382	418.80597	698.05456	396.30224
NF_211	10	0	870.19727	424.46642	619.84050	401.42910
NF_211	10	1	1027.84680	443.10448	831.38300	432.66045
NF_211	11	0	1235.00210	176.88060	1116.43232	158.46642
NF_211	11	1	1329.18888	162.77612	1207.09339	151.91791
NF_211	12	0	1174.93179	71.69030	1058.33263	52.10448
NF_211	12	1	1272.64428	65.14179	1150.00105	46.05970
NF_211	13	0	511.73137	411.04478	187.36621	378.80597
NF_211	13	1	876.39035	453.35821	622.53935	429.17910
NF_211	14	0	1496.91501	558.13433	1136.28541	566.19403
NF_211	14	1	1744.72193	586.34328	1432.44491	604.47761
NF_211	15	0	1432.77440	346.54851	1219.77440	347.91045
NF_211	15	1	1637.76915	323.37687	1423.25813	331.28731
NF_211	16	0	1360.47639	398.12313	990.21511	390.22761
NF_211	16	1	1621.37880	465.11940	1162.47114	465.78731
NF_211	17	0	518.40714	146.36194	382.36621	123.30970
NF_211	17	1	824.13641	173.05970	711.29591	152.37687
NF_211	18	0	1081.88877	326.41791	567.13116	308.30970
NF_211	18	1	1525.12067	364.70149	1112.90976	371.51119
NF_211	19	0	1148.75971	40.80224	1053.68311	24.17910
NF_211	19	1	1357.28017	20.65299	1279.41343	0.00000
NF_226	0	0	1200.75551	616.56716	1031.52151	640.74627
NF_226	0	1	1577.50262	638.73134	1378.04827	662.91045
NF_226	1	0	1116.13851	735.44776	787.74397	743.50746
NF_226	1	1	1809.19203	803.95522	1297.46065	818.05970
NF_227	0	0	1678.42707	718.82463	1295.23610	732.77985
NF_227	0	1	1310.74607	708.24627	977.41868	703.05970
NF_227	1	0	767.41448	584.01493	629.37775	561.55597
NF_227	1	1	989.53410	604.66791	825.30640	588.75746
NF_227	2	0	1159.86988	524.63433	1019.21091	515.72761
NF_227	2	1	1226.85834	512.04104	1080.15530	507.66791
NF_227	3	0	1435.58657	615.02612	1112.90661	616.16418
NF_227	3	1	1508.61910	598.40299	1186.94648	607.09701
NF_227	4	0	1478.39874	529.89552	1233.78804	538.58955
NF_227	4	1	1558.48269	517.80597	1310.84995	528.51493
NF_227	5	0	1621.82581	580.48881	1312.86464	591.48134
NF_227	5	1	1703.42078	578.47388	1396.47429	592.99254
NF_227	6	0	1799.11857	537.53731	1407.42183	556.51866
NF_227	6	1	1918.99265	531.59328	1517.72613	550.97761
NF_227	7	0	1275.99475	567.55597	957.86254	567.54104
NF_227	7	1	1375.21826	586.69776	1028.37671	590.20896
NF_227	8	0	1782.49738	513.21269	1470.20672	528.95522
NF_227	8	1	1898.34208	509.18284	1576.48164	534.49627
NF_227	9	0	1739.68520	579.20149	1354.86569	599.47761
NF_227	9	1	1836.89402	568.11940	1457.11123	588.89925
NF_227	10	0	1562.97272	418.00373	1364.43547	430.72761
NF_227	10	1	1644.06401	426.56716	1431.92760	440.29851
NF_227	11	0	1603.26653	467.36940	1431.92760	480.09328
NF_227	11	1	1645.57503	457.29478	1481.28751	468.50746
NF_227	12	0	945.76390	404.01493	764.96957	389.48134
NF_227	12	1	1186.51941	404.51866	1044.50787	405.09701
NF_227	13	0	1350.52466	598.51866	999.47639	598.19403
NF_227	13	1	1445.21511	577.36194	1074.01994	582.57836
NF_227	14	0	1316.09444	633.66045	1030.16789	631.47015
NF_227	14	1	1436.97587	609.48134	1179.75866	617.36567
NF_227	15	0	858.81847	957.08955	207.54669	955.30597
NF_227	15	1	984.23295	921.82836	389.37251	916.01493
NF_227	16	0	1575.48793	241.79104	1587.57608	227.68657
NF_227	16	1	793.78804	82.61194	864.30220	64.47761
NF_227	17	0	1032.39244	473.08955	718.58762	465.02985
NF_227	17	1	1208.67786	405.08582	909.98321	399.54478
NF_227	18	0	1576.49528	602.16418	1289.40189	614.55224
NF_227	18	1	1847.47114	498.39552	1575.48793	519.85075
NF_227	19	0	477.41448	240.60448	313.61595	213.81343
NF_227	19	1	1087.13012	289.84701	853.96852	283.22761
NF_232	0	0	1659.17419	1041.21269	1327.59286	1053.80597
NF_232	0	1	1446.62434	1007.96642	1137.20462	1015.01866
NF_232	1	0	1534.40609	589.58582	1305.04617	600.30970
NF_232	1	1	1654.28017	618.80224	1431.97167	632.04478
NF_232	2	0	1508.86988	790.29478	1042.64218	799.00000
NF_232	2	1	1712.85729	753.52239	1252.67366	759.70896
NF_232	3	0	1665.89507	938.87687	1162.69780	939.52612
NF_232	3	1	1813.47114	926.28358	1273.00210	923.40672
NF_232	4	0	1398.10808	196.19776	1060.22560	212.11194
NF_232	4	1	1195.63169	183.10075	885.95488	191.96269
NF_232	5	0	1444.05561	878.31343	978.51626	884.54851
NF_232	5	1	1178.11647	755.90672	741.79014	769.19403
NF_232	6	0	1265.50997	903.74627	994.09864	913.26493
NF_232	6	1	1563.18048	960.66791	1264.06716	971.69776
NF_232	7	0	837.86988	613.68657	598.54984	626.20522
NF_232	7	1	985.44596	681.18657	772.31689	687.15672
NF_232	8	0	1261.19622	677.01493	904.59601	681.04478
NF_232	8	1	950.93389	394.92537	670.89192	402.98507
NF_232	9	0	1337.88877	372.81343	1051.01364	382.59328
NF_232	9	1	1677.36411	409.58582	1331.55929	417.35075
NF_232	10	0	1673.70409	722.55224	1402.16369	734.23134
NF_232	10	1	1593.62015	707.44030	1336.18258	718.61567
NF_232	11	0	1827.32424	610.47388	1658.59391	619.02239
NF_232	11	1	1757.31375	612.99254	1591.60546	625.06716
NF_237	0	0	1419.66422	918.85821	1092.00315	916.79104
NF_237	0	1	1633.72508	984.34328	1285.41343	986.30597
NF_237	1	0	1161.65687	811.95149	775.65582	801.94030
NF_237	1	1	1271.45750	658.81716	928.77230	654.85075
NF_237	2	0	1395.82476	955.07463	1042.43861	951.04478
NF_237	2	1	1207.45121	1040.20522	850.53935	1038.69403
NF_237	3	0	1517.06191	957.08955	1162.47639	963.13433
NF_237	3	1	1732.63379	900.67164	1434.45960	910.74627
NF_237	4	0	1087.21931	757.45896	714.77859	753.19403
NF_237	4	1	1486.68206	878.23881	1097.51626	886.80224
NF_237	5	0	141.02833	606.49254	44.32319	600.44776
NF_237	5	1	461.36411	717.31343	354.58552	707.23881
NF_237	6	0	660.81847	908.73134	328.39454	908.73134
NF_237	6	1	922.72823	940.97015	640.67156	930.89552
NF_237	7	0	1156.43232	743.50746	846.16999	745.52239
NF_237	7	1	1418.34208	658.88060	1144.34418	656.86567
NF_237	8	0	1380.06296	814.02985	1049.65373	807.98507
NF_237	8	1	1827.32424	894.62687	1456.62120	880.52239
NF_237	9	0	1478.78279	717.31343	1196.72613	723.35821
NF_237	9	1	1881.72088	693.13433	1591.60546	695.14925
NF_237	10	0	1255.13851	613.89552	1087.66422	614.48881
NF_237	10	1	1487.83526	649.15672	1337.98951	646.72761
NF_237	11	0	958.70829	925.85448	765.16474	925.67537
NF_237	11	1	1193.92340	887.06716	1035.63694	891.92537
NF_237	12	0	1359.26653	811.19403	1097.98741	811.53358
NF_237	12	1	1804.15530	713.52985	1508.76600	722.03731
NF_237	13	0	1176.57922	951.04478	1073.97692	960.78731
NF_237	13	1	1500.91710	912.02985	1387.26128	928.54851
NF_237	14	0	943.25603	891.33582	782.41763	895.11194
NF_237	14	1	1208.69150	889.82463	1084.46065	890.86194
NF_237	15	0	1342.86674	938.97761	1203.24554	943.64552
NF_237	15	1	1640.53725	944.01493	1538.69150	968.32836
NF_237	16	0	625.70094	894.80224	583.45121	885.82463
NF_237	16	1	795.94229	873.14179	737.07135	873.73507
NF_237	17	0	700.49948	559.81716	591.67996	561.39179
NF_237	17	1	1108.97796	576.44030	982.52991	572.97761
NF_237	18	0	1025.72298	557.09701	891.19727	555.61567
NF_237	18	1	1615.11962	556.84328	1528.39035	554.04478
NF_237	19	0	735.91815	526.51119	592.96222	525.57836
NF_237	19	1	1049.70619	486.21269	927.90451	486.28731
NF_237	20	0	709.17104	763.65672	578.21616	757.61194
NF_237	20	1	1895.82371	282.08955	1811.20672	261.94030
NF_237	21	0	1427.39035	463.68284	1394.60756	459.44403
NF_237	21	1	1114.60965	401.72388	1066.71668	397.48507
NF_246	0	0	1176.35887	812.55597	863.88458	792.17164
NF_246	0	1	1340.05247	791.90299	1004.40923	767.48881
NF_246	1	0	1142.10913	757.14552	848.77440	738.77612
NF_246	1	1	990.50367	749.58955	703.71668	738.27239
NF_246	2	0	1418.13326	739.93284	1124.26653	711.48881
NF_246	2	1	1258.97272	743.45896	1000.36306	720.55597
NF_246	3	0	1270.31794	706.62687	892.60441	688.03731
NF_246	3	1	1145.91081	694.03358	720.85205	672.92537
NF_247	0	0	687.07975	418.98507	497.14586	395.52612
NF_247	0	1	789.32529	400.85075	608.45750	385.95522
NF_247	1	0	973.12277	660.59328	669.52361	644.77239
NF_247	1	1	466.91501	527.10448	44.32319	490.06716
NF_247	2	0	793.78069	781.63806	620.05666	756.05224
NF_247	2	1	600.87408	821.93657	413.04722	785.77239
NF_247	3	0	787.74397	259.92537	626.56873	237.76119
NF_247	3	1	1426.40084	354.62687	1176.57922	354.62687
NF_247	4	0	942.87513	777.76119	672.90661	755.59701
NF_247	4	1	1575.48793	600.44776	1343.79853	614.55224
NF_253	0	0	598.54565	689.57836	450.94229	683.45896
NF_253	0	1	472.62749	684.03731	316.96537	669.35448
NF_253	1	0	1318.84680	776.03731	1126.60756	771.43284
NF_253	1	1	1162.20462	739.76866	990.11228	738.18657
NF_253	2	0	1175.88353	263.83582	1138.83106	250.52985
NF_253	2	1	792.16789	266.70896	753.01784	270.67910
NF_253	3	0	1194.30640	736.12687	964.96013	726.28731
NF_253	3	1	945.99580	690.79104	715.64218	690.52239
NF_253	4	0	847.76495	699.07463	580.75866	690.95522
NF_253	4	1	442.30850	662.80597	197.57608	652.22388
NF_253	5	0	1745.37251	773.96269	1536.02728	775.84701
NF_253	5	1	1536.85205	760.86567	1336.57293	753.17910
NF_253	6	0	1265.98006	726.73134	1139.94229	721.07463
NF_253	6	1	1141.06925	755.44403	996.39559	751.80224
NF_253	7	0	911.16999	668.28358	806.71459	663.43657
NF_253	7	1	781.72613	663.75000	670.72298	657.39179
NF_256	0	0	795.40923	718.55597	582.50472	718.87687
NF_256	0	1	446.82581	635.24627	259.14690	624.17537
NF_262	0	0	1399.61490	862.83209	1092.41973	853.55597
NF_262	0	1	1230.38090	821.02239	954.41343	805.19776
NF_262	1	0	1196.44386	681.48507	1033.53620	679.02985
NF_262	1	1	1675.21511	583.37687	1572.21091	574.42910
