OpCode	ImagePtPair	Index	Lx	Ly	Rx	Ry
WE01	0	0	715.76871	676.45565	359.71914	668.38710
WE01	0	1	507.33333	758.10887	116.18573	751.67339
WE01	1	0	879.45578	424.59677	474.02039	415.88710
WE01	1	1	681.36054	270.00000	195.69649	256.93548
WE01	2	0	1458.50340	435.48387	1130.69083	415.88710
WE01	2	1	1536.87075	428.95161	1222.01586	409.35484
WE01	3	0	1482.44218	366.26613	1014.23103	352.16532
WE01	3	1	1350.19728	331.97177	896.81314	317.32661
WE01	4	0	1391.55782	263.92742	1037.20159	247.80242
WE01	4	1	1531.59864	215.88306	1146.46546	203.16532
WE01	5	0	1229.93197	298.30645	923.14609	283.94355
WE01	5	1	1076.82313	295.89919	743.21404	280.67742
WE01	6	0	1382.50340	628.68145	948.05096	613.08468
WE01	6	1	1495.15646	629.77016	1048.07361	613.08468
WE01	7	0	1352.42177	624.06452	1087.37373	593.20161
WE01	7	1	1564.12245	566.90726	1248.27973	549.65323
WE01	8	0	1456.49660	723.95968	1187.33862	712.12500
WE01	8	1	1576.76871	720.14919	1280.29445	703.41532
WE01	9	0	1062.31293	609.67742	713.53567	604.14919
WE01	9	1	902.27211	538.72984	543.93205	524.12903
WE01	10	0	843.44898	628.97984	69.58097	611.85484
WE01	10	1	1096.51020	688.31452	365.30011	675.00000
WE01	11	0	979.51701	364.21774	415.64100	345.46774
WE01	11	1	1208.63265	354.96371	641.23556	331.85887
WE01	12	0	1053.60544	498.62903	668.56512	482.61694
WE01	12	1	1236.68027	504.48790	864.91053	496.12500
WE01	13	0	1182.04082	557.41935	26.09287	540.00000
WE01	13	1	1515.10204	511.69355	469.67157	483.38710
WE01	14	0	1562.99320	607.50000	1249.11438	594.17742
WE01	14	1	1351.83673	542.17742	1079.51076	532.66532
WE01	15	0	1679.16327	582.16532	1302.46886	561.77419
WE01	15	1	1419.71429	594.72177	1077.53114	571.02419
WE01	16	0	1811.15646	637.39113	1402.49151	620.56452
WE01	16	1	1537.41497	665.15323	1175.47565	644.23790
WE01	17	0	1780.68027	814.35484	1354.65459	786.04839
WE01	17	1	1602.17687	679.35484	1217.66704	659.75806
WE02	0	0	1196.77551	570.88306	811.05323	579.19355
WE02	0	1	989.42857	551.28629	602.31031	555.24194
WE02	1	0	1226.70748	532.23387	780.61155	537.82258
WE02	1	1	948.61224	486.50806	489.24122	492.09677
WE02	2	0	1114.62585	579.94355	519.65232	590.95968
WE02	2	1	818.89796	622.48387	78.27860	633.60887
WE02	3	0	1014.81633	691.07258	430.53228	703.28629
WE02	3	1	677.94558	660.04435	129.37712	678.24597
WE02	4	0	1144.91837	918.87097	441.40430	940.64516
WE02	4	1	812.25170	781.35081	126.11552	796.93548
WE02	5	0	1151.41497	685.85081	727.11438	699.27016
WE02	5	1	866.74150	580.77419	438.46206	591.48790
WE02	6	0	790.20408	200.32258	468.26840	205.54032
WE02	6	1	590.30612	161.91129	237.78143	167.97984
WE02	7	0	1348.99320	233.18952	1114.57984	245.39113
WE02	7	1	1508.44898	248.97581	1259.17780	262.26613
WE02	8	0	1183.56463	395.46774	1042.26614	405.33065
WE02	8	1	1312.00000	375.87097	1168.92525	383.55645
WE02	9	0	989.97959	220.52419	397.91619	219.91935
WE02	9	1	869.70748	228.68952	191.34768	215.56452
WE02	10	0	1079.53061	508.74597	1048.91733	519.39113
WE02	10	1	1173.13605	502.75806	1147.30917	514.49194
WE02	11	0	1127.00680	674.77016	714.50963	689.69758
WE02	11	1	969.72789	698.17742	529.14156	712.01613
WE02	12	0	1001.93197	581.81452	631.88222	589.53629
WE02	12	1	852.27211	507.23790	525.26614	519.26210
WE02	13	0	606.48980	298.97581	358.98981	306.58065
WE02	13	1	369.75510	230.38710	166.55493	245.06855
WE02	14	0	1083.97279	260.27823	823.16988	270.76613
WE02	14	1	902.20408	203.12097	680.20272	216.33065
WE02	15	0	1645.92517	286.69355	1377.73952	300.22581
WE02	15	1	1418.44218	291.59274	1190.19706	298.59274
WE02	16	0	1305.17687	680.81048	918.62627	693.76210
WE02	16	1	1098.37415	595.34677	737.06342	613.74194
WE02	17	0	1048.59184	533.18952	652.15515	540.73387
WE02	17	1	865.20408	377.72984	508.06569	387.09677
WE05	0	0	1849.79592	656.44355	1213.31823	618.38710
WE05	0	1	1616.32653	602.55242	1000.22650	581.37097
WE05	1	0	1852.51701	805.64516	1354.65459	755.56452
WE05	1	1	1504.21769	1029.91935	987.18007	997.25806
WE05	2	0	1203.80952	381.04839	671.89128	359.27419
WE05	2	1	1711.02041	226.45161	980.65685	206.85484
WE05	3	0	700.29252	906.68145	230.85051	868.21371
WE05	3	1	906.76190	731.30645	528.52435	719.91935
WE05	4	0	1323.53741	422.41935	630.57758	402.82258
WE05	4	1	1865.57823	74.03226	934.99434	82.74194
WE05	5	0	829.28571	478.83468	546.83579	466.68145
WE05	5	1	949.55782	397.72581	650.66365	381.21774
WE05	6	0	734.38776	628.50000	469.91959	609.08468
WE05	6	1	614.65986	690.01210	318.79841	674.95161
WE05	7	0	1297.41497	677.17742	508.81087	651.04839
WE05	7	1	1554.50340	607.24194	810.88788	587.33871
WE06	0	0	171.42857	228.33468	113.06908	263.46774
WE06	0	1	396.19048	263.17339	295.71914	291.77419
WE06	1	0	617.65306	233.76210	313.11438	256.93548
WE06	1	1	392.34694	119.99194	32.61608	137.17742
WE06	2	0	1863.40136	230.80645	1024.14496	276.53226
WE06	2	1	1375.78231	272.17742	784.96036	291.77419
WE06	3	0	1165.57823	586.71774	820.48698	603.85887
WE06	3	1	1032.78912	622.64516	613.91846	634.88710
WE06	4	0	957.23129	513.75403	660.80634	530.27823
WE06	4	1	757.50340	502.86694	425.42695	518.84677
WE06	5	0	947.63946	673.89516	779.42582	691.77419
WE06	5	1	845.32653	635.24597	688.10079	654.75806
WE06	6	0	1245.36054	564.12500	1096.95243	586.79839
WE06	6	1	1420.17007	419.29032	1268.73046	443.63306
WE06	7	0	589.93197	195.96774	4.34881	185.08065
WE06	7	1	1007.89116	189.43548	500.11325	202.50000
WE06	8	0	801.08844	618.38710	380.74858	636.37903
WE06	8	1	653.06122	570.48387	256.26387	584.12097
WE06	9	0	860.52381	446.86694	600.68403	463.89919
WE06	9	1	649.91156	402.77419	351.71461	417.62903
WE06	10	0	565.98639	492.09677	308.76557	502.98387
WE06	10	1	391.83673	415.88710	102.19706	433.30645
WE06	11	0	1382.31293	365.80645	982.83126	391.93548
WE06	11	1	1160.27211	378.87097	811.05323	398.46774
WE06	12	0	887.27211	407.06452	794.77803	429.49194
WE06	12	1	984.68707	367.87097	892.62627	391.38710
WE06	13	0	1310.79592	786.55645	858.36467	811.10081
WE06	13	1	1135.55782	771.85887	635.48811	790.95968
WE06	14	0	1436.29932	688.49194	796.78596	698.88710
WE06	14	1	1259.97279	670.52823	516.28766	686.36694
WE06	15	0	1098.66667	639.82258	991.71008	663.21371
WE06	15	1	915.26531	613.69355	801.44960	633.27419
WE06	16	0	1789.38776	132.82258	1269.85277	185.08065
WE06	16	1	1445.44218	300.48387	1017.62174	333.14516
WE07	0	0	1689.79592	836.33468	1290.85617	852.97177
WE07	0	1	1739.31973	820.00403	1351.19592	843.17339
WE07	1	0	1755.64626	858.65323	1319.12344	876.37903
WE07	1	1	1848.16327	873.35081	1398.48924	887.81048
WE07	2	0	1648.97959	875.52823	1200.07475	887.81048
WE07	2	1	1717.55102	864.09677	1273.46093	880.18952
WE07	3	0	1585.85034	879.33871	1096.24689	894.88710
WE07	3	1	1638.09524	872.26210	1151.69422	888.35484
WE07	4	0	1598.36735	820.54839	1238.67044	836.64113
WE07	4	1	1658.23129	812.38306	1308.79502	835.00806
WE07	5	0	923.99320	834.69758	549.50736	851.08065
WE07	5	1	997.46259	828.70968	615.28313	841.82661
WE07	6	0	862.91156	701.76613	596.63760	710.30242
WE07	6	1	596.89796	786.15323	252.29558	793.26613
WE09	0	0	689.37415	522.39919	509.02718	539.09677
WE09	0	1	248.14966	495.85887	10.32843	509.40323
WE09	1	0	1387.34014	661.45161	813.76897	677.14516
WE09	1	1	1289.38095	670.70565	707.76670	686.94355
WE09	2	0	1390.06122	690.84677	749.08041	704.36290
WE09	2	1	1303.53061	694.65726	664.82220	710.35081
WE09	3	0	1201.24490	827.75403	596.89128	851.41532
WE09	3	1	1305.73469	828.84274	685.49830	848.14919
WE09	4	0	1197.43537	732.49194	626.24575	746.35484
WE09	4	1	1147.36735	778.21774	544.70555	790.44758
WE09	5	0	1021.65306	802.71371	406.44621	824.94758
WE09	5	1	943.28571	817.95565	336.32163	842.91129
WE09	6	0	1622.80272	571.23387	994.56852	591.27419
WE09	6	1	1496.00000	582.66532	890.74066	600.52823
WE09	7	0	1613.00680	610.97177	1010.33296	628.29032
WE09	7	1	1528.65306	633.83468	923.90034	652.78629
WE09	8	0	1522.66667	664.31855	965.21404	683.27016
WE09	8	1	1440.48980	662.14113	892.91506	680.00403
WE09	9	0	1438.85714	717.66532	937.49037	737.16129
WE09	9	1	1530.28571	720.93145	1010.87656	738.25000
WE09	10	0	1832.87075	610.42742	1238.10193	632.10081
WE09	10	1	1728.38095	601.71774	1163.08494	621.75806
WE09	11	0	798.53741	689.31048	422.21178	706.47177
WE09	11	1	856.22449	684.41129	484.18233	699.93952
WE09	12	0	815.46939	339.56048	579.39411	361.20968
WE09	12	1	725.12925	338.47177	471.76104	352.50000
WE09	13	0	820.91156	369.50000	632.66704	390.06048
WE09	13	1	737.64626	366.77823	540.25481	390.06048
WE10	0	0	1160.32295	774.43697	616.96226	757.06040
WE10	0	1	1266.38527	783.51261	732.88679	761.59060
WE10	1	0	1308.41643	782.63866	669.00000	767.40268
WE10	1	1	1409.94618	788.99160	767.71698	766.49664
WE10	2	0	1281.22096	795.34454	695.26415	780.99329
WE10	2	1	1380.03116	798.97479	773.15094	784.61745
WE10	3	0	1275.78187	821.66387	716.09434	800.92617
WE10	3	1	1358.27479	817.12605	797.60377	796.39597
WE11	0	0	1507.53541	702.85714	1275.00000	693.10067
WE11	0	1	1415.07082	690.15126	1190.77358	685.85235
WE11	1	0	1917.28045	795.15966	1703.37736	827.19463
WE11	1	1	1820.28329	771.56303	1604.66038	789.14094
WE11	2	0	1756.82720	784.26891	1548.50943	771.92617
WE11	2	1	1687.02550	765.21008	1475.15094	752.89933
WE11	3	0	1149.00567	693.95798	962.54717	690.38255
WE11	3	1	1218.80737	699.40336	1027.75472	694.91275
WE11	4	0	1249.17847	1012.84034	648.45283	989.39597
WE11	4	1	736.09065	998.31933	202.86792	1012.95302
WE11	5	0	888.38527	900.30252	458.26415	887.91946
WE11	5	1	534.84419	893.04202	146.71698	889.73154
WE12	0	0	688.72238	436.46218	380.37736	416.12081
WE12	0	1	753.08499	448.26050	447.39623	433.33557
WE12	1	0	644.30312	433.73950	343.24528	418.83893
WE12	1	1	699.60057	440.09244	406.64151	421.55705
WE12	2	0	701.41360	495.45378	319.69811	476.82550
WE12	2	1	754.89802	510.88235	395.77358	493.13423
WE12	3	0	781.41643	662.52101	608.60377	646.91275
WE12	3	1	329.97167	658.89076	99.62264	636.04027
WE12	4	0	804.98584	382.99160	615.84906	367.85235
WE12	4	1	899.26346	377.54622	704.60377	373.28859
WE12	5	0	723.39943	421.10924	472.75472	404.09396
WE12	5	1	848.49858	419.29412	585.05660	404.09396
WE12	6	0	672.63456	375.73109	508.98113	358.79195
WE12	6	1	596.48725	424.73950	422.03774	411.34228
WE12	7	0	610.99150	352.13445	396.67925	333.42282
WE12	7	1	520.33994	404.77311	300.67925	395.03356
WE12	8	0	873.88102	150.65546	670.18868	134.09396
WE12	8	1	933.71105	203.29412	742.64151	197.51678
WE12	9	0	815.86402	98.01681	610.41509	77.91946
WE12	9	1	730.65156	157.91597	541.58491	157.65101
WE12	10	0	1898.24363	568.13445	1659.16981	570.80537
WE12	10	1	1613.59773	569.94958	1385.66038	567.18121
WE13	0	0	1060.62323	744.20168	842.26415	744.76510
WE13	0	1	647.25212	716.97479	393.05660	708.52349
WE13	1	0	1102.32295	985.61345	704.60377	1007.51678
WE13	1	1	986.28895	1023.73109	614.03774	1043.75839
WE13	2	0	1043.97450	900.30252	412.07547	922.34899
WE13	2	1	945.16431	877.61345	316.98113	890.63758
WE15	0	0	1229.23513	856.73950	633.96226	838.99329
WE15	0	1	1339.83003	883.96639	740.83019	866.17450
WE15	1	0	1221.98300	987.42857	682.86792	969.46309
WE15	1	1	1105.94901	981.98319	585.05660	964.02685
WE17	0	0	1680.67989	628.03361	1229.88679	614.29530
WE17	0	1	1896.43059	548.16807	1454.49057	536.37584
WE17	1	0	534.84419	916.63866	278.94340	895.16779
WE17	1	1	340.84986	905.74790	112.30189	860.73826
WE17	2	0	1816.65722	520.94118	934.64151	530.93960
WE17	2	1	1285.43909	484.63866	523.47170	471.14094
WE17	3	0	1691.55807	582.65546	1593.96226	590.73826
WE17	3	1	1793.08782	566.31933	1699.01887	568.99329
WE17	4	0	690.76487	784.13445	407.54717	779.19463
WE17	4	1	868.44193	755.09244	606.79245	742.95302
WE17	5	0	1254.13314	613.55462	1138.67925	615.31544
WE17	5	1	1143.53824	597.21849	1021.84906	591.75839
WE17	6	0	1822.09632	940.23529	1568.60377	965.83893
WE17	6	1	103.34278	952.94118	52.52830	902.41611
WE17	7	0	632.74788	756.90756	461.88679	735.70470
WE17	7	1	741.52975	698.82353	585.05660	681.34228
WE17	8	0	806.79887	671.59664	637.58491	659.59732
WE17	8	1	893.82436	629.84874	731.77358	623.35570
WE17	9	0	717.96034	764.16807	559.69811	750.20134
WE17	9	1	815.86402	729.68067	659.32075	712.14765
WE17	10	0	1648.04533	720.60504	1488.90566	739.32886
WE17	10	1	1348.89518	818.62185	1190.03774	819.06040
WE17	11	0	415.18414	822.25210	371.32075	781.00671
WE17	11	1	533.03116	718.78992	476.37736	683.15436
WE17	12	0	1760.45326	237.78151	1517.88679	228.32215
WE17	12	1	1508.44193	292.23529	1293.28302	284.49664
WE17	13	0	480.45326	658.89076	284.37736	645.10067
WE17	13	1	685.32578	631.66387	510.79245	616.10738
WE17	14	0	768.72521	814.99160	637.58491	788.25503
WE17	14	1	621.86969	883.96639	485.43396	864.36242
WE17	15	0	1900.05666	481.00840	1251.62264	478.38926
WE17	15	1	1595.46742	513.68067	990.79245	518.25503
WE17	16	0	1444.98584	644.36975	854.94340	637.85235
WE17	16	1	915.58074	637.10924	233.66038	619.73154
WE17	17	0	1852.91785	582.65546	1632.00000	561.74497
WE17	17	1	1571.89802	678.85714	1391.09434	684.96644
WE17	18	0	1221.98300	430.18487	1213.58491	425.83893
WE17	18	1	1448.61190	343.05882	1454.49057	329.79866
WE17	19	0	572.91785	818.62185	16.30189	808.18792
WE17	19	1	819.49008	751.46218	371.32075	739.32886
WE17	20	0	1125.89235	372.10084	960.00000	367.85235
WE17	20	1	953.65439	366.65546	795.16981	358.79195
WE18	0	0	1202.03966	628.03361	978.11321	617.91946
WE18	0	1	1544.70255	698.82353	1300.52830	688.59060
WE19	0	0	691.40227	137.04202	532.52830	168.52349
WE19	0	1	571.74221	72.60504	414.79245	103.28859
WE19	1	0	1127.07365	393.63866	1000.43396	407.38926
WE19	1	1	1222.25779	471.68908	1093.71698	491.65101
WE19	2	0	1530.19830	542.61345	1282.22642	559.85906
WE19	2	1	1771.33144	663.31933	1463.35849	693.04698
WE19	3	0	1280.00000	384.80672	407.54717	400.46980
WE19	3	1	1803.96601	284.97479	969.05660	313.48993
WE19	4	0	803.15297	756.73109	443.77358	776.91275
WE19	4	1	579.24363	518.04202	174.79245	528.65772
WE19	5	0	1854.73088	756.90756	1590.33962	781.00671
WE19	5	1	1702.43626	582.65546	1440.00000	605.23490
WE19	6	0	663.54391	200.57143	340.52830	215.63758
WE19	6	1	513.96884	127.05882	88.75472	135.00000
WE19	7	0	736.06516	107.09244	621.28302	135.00000
WE19	7	1	594.64873	20.87395	468.22642	64.32886
WE19	8	0	1579.15014	589.91597	958.18868	608.85906
WE19	8	1	1309.00850	499.15966	777.05660	500.13423
WE19	9	0	1559.20680	382.99160	1182.79245	393.22148
WE19	9	1	1405.09915	377.54622	1074.11321	396.84564
WE19	10	0	1098.69688	261.37815	758.94340	277.24832
WE19	10	1	955.46742	147.02521	619.47170	163.08725
WE19	11	0	779.60340	186.95798	492.67925	195.70470
WE19	11	1	640.00000	94.38655	347.77358	115.97315
WE19	12	0	1533.82436	510.05042	1275.16981	529.12752
WE19	12	1	1682.49292	575.39496	1407.39623	594.36242
WE19	13	0	1579.15014	629.84874	1177.35849	639.66443
WE19	13	1	1909.12181	649.81513	1470.79245	674.09396
WE19	14	0	1486.68555	787.76471	956.37736	795.50336
WE19	14	1	1852.91785	900.30252	1197.28302	902.41611
WE19	15	0	942.77620	357.57983	664.75472	376.91275
WE19	15	1	765.09915	319.46218	432.90566	337.04698
WE19	16	0	1631.72805	831.32773	1094.03774	844.42953
WE19	16	1	1432.29462	660.70588	954.56604	677.71812
WE19	17	0	924.64589	248.67227	666.56604	266.37584
WE19	17	1	683.51275	49.00840	384.00000	65.23490
WE19	18	0	1098.69688	698.82353	833.20755	717.58389
WE19	18	1	957.28045	520.94118	702.79245	543.62416
WE20	0	0	1682.49292	991.05882	1267.92453	1002.08054
WE20	0	1	1464.92918	880.33613	1084.98113	895.16779
WE20	1	0	610.99150	662.52101	358.64151	675.90604
WE20	1	1	364.41926	648.00000	153.96226	665.03356
WE20	2	0	646.21530	495.86555	573.28302	507.30872
WE20	2	1	454.03399	418.72269	401.20755	431.20134
WE20	3	0	1332.57790	662.52101	862.18868	683.15436
WE20	3	1	1609.97167	666.15126	1150.18868	679.53020
WE20	4	0	1655.29745	241.41176	1333.13208	248.25503
WE20	4	1	1376.09065	277.71429	1092.22642	298.99329
WE20	5	0	975.41076	339.42857	882.11321	355.16779
WE20	5	1	1069.68839	324.90756	981.73585	326.17450
WE20	6	0	794.10765	553.61345	512.60377	563.55705
WE20	6	1	971.78470	462.85714	762.56604	476.57718
WE20	7	0	1417.79037	433.81513	758.94340	462.08054
WE20	7	1	1747.76204	341.24370	985.35849	367.85235
WE20	8	0	1113.20113	245.04202	672.00000	251.87919
WE20	8	1	977.22380	288.60504	530.71698	304.42953
WE20	9	0	1522.94618	575.39496	1233.50943	585.30201
WE20	9	1	1711.50142	502.78992	1423.69811	512.81879
WE20	10	0	1878.30028	546.35294	1621.13208	570.80537
WE20	10	1	1693.37110	562.68908	1449.05660	579.86577
WE20	11	0	861.18980	582.65546	449.20755	592.55034
WE20	11	1	665.38244	646.18487	244.52830	661.40940
WE20	12	0	685.32578	502.78992	226.41509	514.63087
WE20	12	1	502.20963	564.50420	50.71698	579.86577
WE20	13	0	1582.77620	709.71429	1233.50943	715.77181
WE20	13	1	1854.73088	718.78992	1517.88679	735.70470
WE20	14	0	1182.09632	588.10084	842.26415	607.04698
WE20	14	1	1466.74221	508.23529	1034.26415	512.81879
WE20	15	0	986.28895	662.52101	809.66038	675.90604
WE20	15	1	1165.77904	644.36975	972.67925	655.97315
WE20	16	0	890.19830	372.10084	708.22642	391.40940
WE20	16	1	768.72521	412.03361	550.64151	427.65101
WE20	17	0	1261.86969	481.00840	1233.50943	492.88591
WE20	17	1	1131.33144	502.78992	1097.66038	518.25503
WE21	0	0	757.40510	342.67227	725.28302	347.96644
WE21	0	1	895.19547	314.53782	855.69811	316.25503
WE21	1	0	656.15297	534.03361	352.30189	534.44295
WE21	1	1	479.38244	615.71429	177.50943	614.17450
WE21	2	0	457.31445	575.68908	140.37736	573.08725
WE21	2	1	676.69122	514.88235	430.18868	508.75839
WE21	3	0	799.54674	274.08403	700.98113	284.49664
WE21	3	1	975.41076	235.96639	894.79245	233.75839
WE21	4	0	1265.49575	697.00840	891.16981	708.52349
WE21	4	1	1477.62040	680.67227	1057.81132	686.77852
WE21	5	0	1513.88102	519.12605	914.71698	512.81879
WE21	5	1	1771.33144	602.62185	1054.18868	603.42282
WE21	6	0	848.49858	306.75630	311.54717	289.93289
WE21	6	1	1182.09632	279.52941	624.90566	279.06040
WE21	7	0	1673.42776	653.44538	1112.47170	653.32215
WE21	7	1	1904.58924	667.05882	1270.05660	670.53691
WE21	8	0	1735.97734	744.20168	1136.01887	744.83221
WE21	8	1	1912.74788	716.97479	1313.52830	721.27517
WE21	9	0	1653.48442	734.21849	1099.79245	739.39597
WE21	9	1	1848.38527	705.17647	1281.83019	704.96644
WE21	10	0	1049.18130	624.14286	873.67925	629.51007
WE21	10	1	1159.77620	625.05042	998.66038	631.32215
WE21	11	0	924.98867	652.27731	718.81132	654.87919
WE21	11	1	1041.02266	662.26050	829.30189	663.93960
WE21	12	0	1182.43909	584.21008	941.60377	587.83221
WE21	12	1	1073.65722	529.75630	815.71698	539.81208
WE21	13	0	304.58924	543.36134	224.60377	543.44966
WE21	13	1	444.19263	551.52941	354.11321	551.60403
WE21	14	0	984.47592	845.84874	614.03774	848.05369
WE21	14	1	804.98584	762.35294	461.88679	759.26174
WE21	15	0	540.28329	537.27731	402.11321	532.75168
WE21	15	1	911.95467	426.55462	793.35849	429.46309
WE21	16	0	1778.58357	582.65546	1570.41509	590.73826
WE21	16	1	436.94051	482.82353	199.24528	469.32886
WE21	17	0	625.37960	706.77311	331.47170	711.48993
WE21	17	1	825.71955	655.04202	573.28302	657.12752
WE21	18	0	823.00000	613.29412	655.69811	612.73154
WE21	18	1	963.50992	576.08403	811.47170	575.58389
WE21	19	0	1315.35411	699.29412	1024.77358	707.58389
WE21	19	1	1671.61473	653.91597	1380.69811	664.09396
WE21	20	0	542.09632	520.94118	320.60377	516.44295
WE21	20	1	832.18130	475.56303	633.96226	478.38926
WE21	21	0	885.96884	618.17647	711.50943	613.61074
WE21	21	1	1050.04816	611.82353	861.84906	615.42282
WE21	22	0	1092.65439	672.63025	969.62264	678.84564
WE21	22	1	1244.04249	666.27731	1119.05660	676.12752
WE21	23	0	293.71105	758.72269	19.92453	746.57718
WE21	23	1	552.97450	735.12605	300.67925	741.14094
WE21	24	0	458.69688	691.56303	322.41509	694.02685
WE21	24	1	652.69122	662.52101	508.98113	663.22148
WE21	25	0	1257.80170	711.42017	873.79245	724.38255
WE21	25	1	1402.84419	692.36134	1042.24528	699.01342
WE21	26	0	1117.29178	760.42857	744.28302	767.87248
WE21	26	1	980.40793	613.40336	550.47170	618.37584
WE21	27	0	770.77904	732.04202	511.69811	739.18121
WE21	27	1	604.88669	682.12605	365.88679	686.63087
WE22	0	0	1042.49292	609.88235	845.88679	601.61074
WE22	0	1	888.38527	620.77311	673.81132	616.10738
WE22	1	0	458.69688	760.53782	242.71698	750.20134
WE22	1	1	250.19830	796.84034	54.33962	788.25503
WE22	2	0	1134.95751	733.31092	737.20755	735.70470
WE22	2	1	558.41360	994.68908	123.16981	976.71141
WE22	3	0	1218.35694	749.64706	684.67925	732.08054
WE22	3	1	739.71671	716.97479	150.33962	715.77181
WE22	4	0	1323.51275	589.91597	813.28302	578.05369
WE22	4	1	942.77620	482.82353	384.00000	478.38926
WE22	5	0	1557.39377	269.54622	1417.35849	242.81879
WE22	5	1	1407.81870	206.92437	1284.22642	185.73826
WE22	6	0	271.04816	334.44538	210.11321	346.59060
WE22	6	1	384.36261	309.94118	317.88679	320.31544
WE22	7	0	929.37394	341.24370	838.22642	333.42282
WE22	7	1	1017.30595	353.94958	926.07547	350.63758
WE22	8	0	1747.76204	440.29412	1662.79245	419.08054
WE22	8	1	1864.70255	377.67227	1812.22642	347.50336
WE22	9	0	1277.31161	475.19328	1226.37736	467.18792
WE22	9	1	1204.79037	442.52101	1151.20755	428.22819
WE22	10	0	906.51558	473.74790	760.75472	472.95302
WE22	10	1	754.22096	477.37815	581.43396	483.82550
WE22	11	0	601.92635	664.33613	335.09434	661.40940
WE22	11	1	908.32861	793.21008	621.28302	799.12752
WE22	12	0	1309.00850	165.17647	949.13208	154.02685
WE22	12	1	1519.32011	128.87395	1166.49057	121.40940
WE22	13	0	979.03683	328.53782	639.39623	315.30201
WE22	13	1	1232.86119	265.00840	844.07547	260.93960
WE22	14	0	1250.99150	453.78151	976.30189	443.95973
WE22	14	1	1056.99717	368.47059	796.98113	360.60403
WE22	15	0	654.50425	275.89916	445.58491	273.62416
WE22	15	1	841.24646	279.52941	639.39623	271.81208
WE22	16	0	969.97167	482.82353	851.32075	480.20134
WE22	16	1	833.99433	457.41176	704.60377	453.02013
WE23	0	0	1191.16147	479.19328	378.56604	482.01342
WE23	0	1	1473.99433	481.00840	630.33962	482.01342
WE23	1	0	1504.81586	629.84874	845.88679	648.72483
WE23	1	1	1831.16147	660.70588	1061.43396	661.40940
WE23	2	0	1446.79887	166.99160	1220.83019	184.83221
WE23	2	1	1597.28045	154.28571	1358.49057	152.21477
WE23	3	0	785.04249	343.05882	543.39623	356.97987
WE23	3	1	919.20680	324.90756	682.86792	342.48322
WE23	4	0	504.02266	223.26050	411.16981	255.50336
WE23	4	1	647.25212	230.52101	552.45283	257.31544
WE23	5	0	324.53258	421.10924	0.00000	433.08725
WE23	5	1	487.70538	357.57983	195.62264	369.66443
WE23	6	0	656.31728	130.68908	163.01887	126.84564
WE23	6	1	819.49008	148.84034	358.64151	157.65101
WE23	7	0	685.32578	168.80672	315.16981	183.02013
WE23	7	1	841.24646	196.03361	494.49057	208.38926
WE23	8	0	741.52975	290.42017	336.90566	297.18121
WE23	8	1	901.07649	306.75630	514.41509	317.11409
WE23	9	0	507.64873	310.38655	128.60377	324.36242
WE23	9	1	665.38244	321.27731	286.18868	333.42282
WE23	10	0	727.02550	61.71429	378.56604	81.54362
WE23	10	1	879.32011	107.09244	534.33962	125.03356
WE23	11	0	774.16431	10.89076	338.71698	19.93289
WE23	11	1	942.77620	29.04202	518.03774	38.05369
WE23	12	0	942.77620	45.37815	548.83019	57.98658
WE23	12	1	1087.81870	68.97479	722.71698	83.35570
WE23	13	0	1158.52691	114.35294	791.54717	126.84564
WE23	13	1	1287.25212	116.16807	943.69811	132.28188
WE23	14	0	1519.32011	235.96639	1150.18868	253.69128
WE23	14	1	1682.49292	235.96639	1295.09434	253.69128
WE23	15	0	1216.54391	286.78992	916.52830	300.80537
WE23	15	1	1343.45609	292.23529	1043.32075	308.05369
WE23	16	0	510.36827	255.93277	362.26415	285.40268
WE23	16	1	412.46459	212.36975	272.60377	247.34899
WE23	17	0	1426.85552	778.68908	1054.18868	786.44295
WE23	17	1	1196.60057	818.62185	807.84906	862.55034
WE23	18	0	1102.32295	733.31092	847.69811	752.01342
WE23	18	1	910.14164	649.81513	614.03774	659.59732
WE23	19	0	982.66289	836.77311	624.90566	849.86577
WE23	19	1	712.52125	831.32773	284.37736	866.17450
WE23	20	0	1021.77337	860.36975	672.00000	871.61074
WE23	20	1	1176.78754	730.58824	902.03774	753.82550
WE23	21	0	1586.40227	519.12605	1063.24528	530.93960
WE23	21	1	1918.18697	495.52941	1367.54717	514.63087
WE23	22	0	829.59490	194.32773	694.66038	219.26174
WE23	22	1	915.71388	264.21008	778.88679	294.46309
WE23	23	0	757.38810	645.70588	549.16981	665.65101
WE23	23	1	954.10198	605.77311	756.56604	618.53691
WE23	24	0	955.73938	394.73109	848.07547	414.44295
WE23	24	1	838.79887	353.89076	720.37736	370.04698
WE23	25	0	632.74788	615.32773	240.90566	637.85235
WE23	25	1	429.68839	611.69748	57.96226	625.16779
WE23	26	0	1793.08782	671.59664	1387.47170	677.71812
WE23	26	1	1490.31161	667.96639	1133.88679	683.15436
WE23	27	0	792.29462	738.75630	311.54717	757.44966
WE23	27	1	538.47025	731.49580	1.81132	757.44966
WE23	28	0	1480.33994	413.10084	1297.86792	439.61745
WE23	28	1	1653.48442	414.00840	1474.47170	435.99329
WE23	29	0	1426.85552	744.20168	1050.56604	755.63758
WE23	29	1	757.84703	907.56303	288.00000	945.90604
WE23	30	0	670.82153	491.89916	443.77358	509.19463
WE23	30	1	371.67139	626.21849	70.64151	643.28859
WE25	0	0	1677.05382	103.46218	1103.09434	126.84564
WE25	0	1	1869.23513	141.57983	1278.79245	175.77181
WE25	1	0	1327.13881	52.63866	775.24528	47.11409
WE25	1	1	1510.25496	81.68067	932.83019	83.35570
WE25	2	0	1205.66572	117.98319	679.24528	103.28859
WE25	2	1	1397.84703	139.76471	849.50943	139.53020
WE25	3	0	1473.99433	588.10084	1094.03774	590.73826
WE25	3	1	1611.78470	559.05882	1219.01887	552.68456
WE25	4	0	1245.55241	470.11765	923.77358	465.70470
WE25	4	1	1361.58640	510.05042	1061.43396	512.81879
WE25	5	0	782.03966	362.86555	688.73585	343.99329
WE25	5	1	604.36261	288.44538	511.67925	278.30537
WE25	6	0	766.91218	920.26891	434.71698	884.29530
WE25	6	1	908.32861	802.28571	626.71698	781.00671
WE25	7	0	1044.30595	816.80672	601.35849	802.75168
WE25	7	1	728.83853	942.05042	213.73585	938.65772
WE25	8	0	877.50708	952.94118	508.98113	929.59732
WE25	8	1	652.69122	1007.39496	259.01887	980.33557
WE25	9	0	1328.70822	533.46218	1215.07547	529.06040
WE25	9	1	1187.29178	545.71429	1063.37736	540.83893
WE25	10	0	844.67422	696.48739	699.98113	676.87584
WE25	10	1	658.83853	732.33613	513.86792	707.68121
WE25	11	0	695.81303	425.24370	509.67925	399.94966
WE25	11	1	578.87252	392.57143	401.45283	365.06711
WE25	12	0	497.35977	397.45378	312.00000	367.82550
WE25	12	1	394.01700	295.35294	230.03774	272.23826
WE25	13	0	976.79887	445.34454	820.41509	432.31544
WE25	13	1	848.52691	445.79832	676.41509	435.93960
WE25	14	0	587.42210	386.62185	105.05660	342.48322
WE25	14	1	864.81586	353.94958	460.07547	327.98658
WE25	15	0	602.81586	594.02521	339.24528	562.61409
WE25	15	1	416.52691	622.15966	143.16981	585.71812
WE25	16	0	755.35694	405.62185	513.83019	379.74497
WE25	16	1	589.01133	404.26050	289.22642	372.49664
WEER2	0	0	402.40510	756.78151	370.90566	726.56376
WEER2	0	1	260.08215	721.38655	236.41509	692.13423
WEER2	1	0	197.62040	52.63866	5.43396	45.30201
WEER2	1	1	520.33994	21.78151	360.45283	9.06040
WEER2	2	0	998.98017	72.60504	662.94340	54.36242
WEER2	2	1	799.54674	56.26891	411.16981	34.42953
WEER2	3	0	904.70255	186.95798	423.84906	155.83893
WEER2	3	1	610.99150	159.73109	5.43396	108.72483
WEER2	4	0	818.85269	117.02521	592.45283	105.28523
WEER2	4	1	717.32295	184.18487	489.66038	169.16107
WEER2	5	0	891.82720	258.15126	678.03774	244.36242
WEER2	5	1	817.49292	208.23529	622.33962	194.98322
WEER2	6	0	1054.54674	276.30252	755.47170	262.03020
WEER2	6	1	919.02266	270.40336	644.98113	255.68792
WEER2	7	0	1115.04816	688.36134	783.60377	677.86913
WEER2	7	1	1014.42493	577.63866	666.32075	560.98993
WEER2	8	0	1267.30878	462.85714	657.50943	451.20805
WEER2	8	1	1475.80737	386.62185	912.90566	380.53691
WEER2	9	0	886.57224	600.80672	373.13208	585.30201
WEER2	9	1	685.32578	486.45378	170.26415	460.26846
WEER2	10	0	873.11898	141.14286	877.49057	138.16779
WEER2	10	1	756.63173	188.33613	770.62264	186.64094
