OpCode	Camera	MovieSeqIndex	StartTimeOffset	Format	Filename	Frames	Rate
AD12	0	0	0.00000	0	AD_174_173_174_12a.avi	17507	25.00000
AD12	0	0	0.00000	0	AD_174_173_174_12b.avi	17256	25.00000
AD12	0	0	0.00000	0	AD_174_173_174_12c.avi	17220	25.00000
AD12	0	0	0.00000	0	AD_174_173_174_12d.avi	17172	25.00000
AD12	0	0	0.00000	0	AD_174_173_174_12e.avi	17136	25.00000
AD12	0	0	0.00000	0	AD_174_173_174_12f.avi	17136	25.00000
AD12	0	0	0.00000	0	AD_174_173_174_12g.avi	2736	25.00000
AD12	1	0	0.00000	0	AD_174_173_173_12a.avi	17471	25.00000
AD12	1	0	0.00000	0	AD_174_173_173_12b.avi	17184	25.00000
AD12	1	0	0.00000	0	AD_174_173_173_12c.avi	17148	25.00000
AD12	1	0	0.00000	0	AD_174_173_173_12d.avi	17124	25.00000
AD12	1	0	0.00000	0	AD_174_173_173_12e.avi	17124	25.00000
AD12	1	0	0.00000	0	AD_174_173_173_12f.avi	1092	25.00000
AD18	0	0	0.00000	0	AD_174_173_174_18a.avi	17063	25.00000
AD18	0	0	0.00000	0	AD_174_173_174_18b.avi	17088	25.00000
AD18	0	0	0.00000	0	AD_174_173_174_18c.avi	17052	25.00000
AD18	0	0	0.00000	0	AD_174_173_174_18d.avi	17039	25.00000
AD18	0	0	0.00000	0	AD_174_173_174_18e.avi	17039	25.00000
AD18	0	0	0.00000	0	AD_174_173_174_18f.avi	17040	25.00000
AD18	0	0	0.00000	0	AD_174_173_174_18g.avi	4248	25.00000
AD18	1	0	0.00000	0	AD_174_173_173_18a.avi	17063	25.00000
AD18	1	0	0.00000	0	AD_174_173_173_18b.avi	17063	25.00000
AD18	1	0	0.00000	0	AD_174_173_173_18c.avi	17064	25.00000
AD18	1	0	0.00000	0	AD_174_173_173_18d.avi	17064	25.00000
AD18	1	0	0.00000	0	AD_174_173_173_18e.avi	17052	25.00000
AD18	1	0	0.00000	0	AD_174_173_173_18f.avi	17040	25.00000
AD18	1	0	0.00000	0	AD_174_173_173_18g.avi	5052	25.00000
AD33	0	0	0.00000	0	AD_174_173_174_33a.avi	17135	25.00000
AD33	0	0	0.00000	0	AD_174_173_174_33b.avi	17148	25.00000
AD33	0	0	0.00000	0	AD_174_173_174_33c.avi	17148	25.00000
AD33	0	0	0.00000	0	AD_174_173_174_33d.avi	17148	25.00000
AD33	0	0	0.00000	0	AD_174_173_174_33e.avi	17160	25.00000
AD33	0	0	0.00000	0	AD_174_173_174_33f.avi	14028	25.00000
AD33	1	0	0.00000	0	AD_174_173_173_33a.avi	17123	25.00000
AD33	1	0	0.00000	0	AD_174_173_173_33b.avi	17136	25.00000
AD33	1	0	0.00000	0	AD_174_173_173_33c.avi	17136	25.00000
AD33	1	0	0.00000	0	AD_174_173_173_33d.avi	17148	25.00000
AD33	1	0	0.00000	0	AD_174_173_173_33e.avi	17159	25.00000
AD33	1	0	0.00000	0	AD_174_173_173_33f.avi	14915	25.00000
AD37	0	0	0.00000	0	AD_174_173_174_37a.avi	17267	25.00000
AD37	0	0	0.00000	0	AD_174_173_174_37b.avi	17220	25.00000
AD37	0	0	0.00000	0	AD_174_173_174_37c.avi	17172	25.00000
AD37	0	0	0.00000	0	AD_174_173_174_37d.avi	17172	25.00000
AD37	0	0	0.00000	0	AD_174_173_174_37e.avi	17148	25.00000
AD37	0	0	0.00000	0	AD_174_173_174_37f.avi	12432	25.00000
AD37	1	0	0.00000	0	AD_174_173_173_37a.avi	17303	25.00000
AD37	1	0	0.00000	0	AD_174_173_173_37b.avi	17208	25.00000
AD37	1	0	0.00000	0	AD_174_173_173_37c.avi	17172	25.00000
AD37	1	0	0.00000	0	AD_174_173_173_37d.avi	17172	25.00000
AD37	1	0	0.00000	0	AD_174_173_173_37e.avi	17147	25.00000
AD37	1	0	0.00000	0	AD_174_173_173_37f.avi	12768	25.00000
AD41	0	0	0.00000	0	AD_174_173_174_41a.avi	17159	25.00000
AD41	0	0	0.00000	0	AD_174_173_174_41b.avi	17160	25.00000
AD41	0	0	0.00000	0	AD_174_173_174_41c.avi	17148	25.00000
AD41	0	0	0.00000	0	AD_174_173_174_41d.avi	17124	25.00000
AD41	0	0	0.00000	0	AD_174_173_174_41e.avi	17148	25.00000
AD41	0	0	0.00000	0	AD_174_173_174_41f.avi	17124	25.00000
AD41	0	0	0.00000	0	AD_174_173_174_41g.avi	862	25.00000
AD06	0	0	0.00000	0	AD_174_173_174_6a.avi	17207	25.00000
AD06	0	0	0.00000	0	AD_174_173_174_6b.avi	17244	25.00000
AD06	0	0	0.00000	0	AD_174_173_174_6c.avi	17136	25.00000
AD06	0	0	0.00000	0	AD_174_173_174_6d.avi	17112	25.00000
AD06	0	0	0.00000	0	AD_174_173_174_6e.avi	17112	25.00000
AD06	0	0	0.00000	0	AD_174_173_174_6f.avi	15672	25.00000
AD06	1	0	0.00000	0	AD_174_173_173_6a.avi	17219	25.00000
AD06	1	0	0.00000	0	AD_174_173_173_6b.avi	17196	25.00000
AD06	1	0	0.00000	0	AD_174_173_173_6c.avi	17160	25.00000
AD06	1	0	0.00000	0	AD_174_173_173_6d.avi	17112	25.00000
AD06	1	0	0.00000	0	AD_174_173_173_6e.avi	17112	25.00000
AD06	1	0	0.00000	0	AD_174_173_173_6f.avi	13260	25.00000
AD67	0	0	0.00000	0	AD_174_173_174_67a.avi	17483	25.00000
AD67	0	0	0.00000	0	AD_174_173_174_67b.avi	17316	25.00000
AD67	0	0	0.00000	0	AD_174_173_174_67c.avi	17244	25.00000
AD67	0	0	0.00000	0	AD_174_173_174_67d.avi	17208	25.00000
AD67	0	0	0.00000	0	AD_174_173_174_67e.avi	17184	25.00000
AD67	0	0	0.00000	0	AD_174_173_174_67f.avi	17196	25.00000
AD67	0	0	0.00000	0	AD_174_173_174_67g.avi	2892	25.00000
AD67	1	0	0.00000	0	AD_174_173_173_67a.avi	17471	25.00000
AD67	1	0	0.00000	0	AD_174_173_173_67b.avi	17316	25.00000
AD67	1	0	0.00000	0	AD_174_173_173_67c.avi	17232	25.00000
AD67	1	0	0.00000	0	AD_174_173_173_67d.avi	17220	25.00000
AD67	1	0	0.00000	0	AD_174_173_173_67e.avi	17184	25.00000
AD67	1	0	0.00000	0	AD_174_173_173_67f.avi	17196	25.00000
AD67	1	0	0.00000	0	AD_174_173_173_67g.avi	3720	25.00000
AD74	0	0	0.00000	0	AD_174_173_174_74a.avi	17051	25.00000
AD74	0	0	0.00000	0	AD_174_173_174_74b.avi	17112	25.00000
AD74	0	0	0.00000	0	AD_174_173_174_74c.avi	17268	25.00000
AD74	0	0	0.00000	0	AD_174_173_174_74d.avi	17244	25.00000
AD74	0	0	0.00000	0	AD_174_173_174_74e.avi	17256	25.00000
AD74	0	0	0.00000	0	AD_174_173_174_74f.avi	17256	25.00000
AD74	0	0	0.00000	0	AD_174_173_174_74g.avi	654	25.00000
AD74	1	0	0.00000	0	AD_174_173_173_74a.avi	17123	25.00000
AD74	1	0	0.00000	0	AD_174_173_173_74b.avi	17184	25.00000
AD74	1	0	0.00000	0	AD_174_173_173_74c.avi	17268	25.00000
AD74	1	0	0.00000	0	AD_174_173_173_74d.avi	17172	25.00000
AD74	1	0	0.00000	0	AD_174_173_173_74e.avi	17256	25.00000
AD74	1	0	0.00000	0	AD_174_173_173_74f.avi	17232	25.00000
AD74	1	0	0.00000	0	AD_174_173_173_74g.avi	1535	25.00000
AD81	0	0	0.00000	0	AD_174_173_174_81a.avi	17399	25.00000
AD81	0	0	0.00000	0	AD_174_173_174_81b.avi	17136	25.00000
AD81	0	0	0.00000	0	AD_174_173_174_81c.avi	17124	25.00000
AD81	0	0	0.00000	0	AD_174_173_174_81d.avi	17112	25.00000
AD81	0	0	0.00000	0	AD_174_173_174_81e.avi	17124	25.00000
AD81	0	0	0.00000	0	AD_174_173_174_81f.avi	17136	25.00000
AD81	0	0	0.00000	0	AD_174_173_174_81g.avi	17124	25.00000
AD81	0	0	0.00000	0	AD_174_173_174_81h.avi	4392	25.00000
AD81	1	0	0.00000	0	AD_174_173_173_81a.avi	17387	25.00000
AD81	1	0	0.00000	0	AD_174_173_173_81b.avi	17136	25.00000
AD81	1	0	0.00000	0	AD_174_173_173_81c.avi	17124	25.00000
AD81	1	0	0.00000	0	AD_174_173_173_81d.avi	17112	25.00000
AD81	1	0	0.00000	0	AD_174_173_173_81e.avi	17136	25.00000
AD81	1	0	0.00000	0	AD_174_173_173_81f.avi	17148	25.00000
AD81	1	0	0.00000	0	AD_174_173_173_81g.avi	17136	25.00000
AD81	1	0	0.00000	0	AD_174_173_173_81h.avi	4800	25.00000
AD84	0	0	0.00000	0	AD_174_173_174_84a.avi	17411	25.00000
AD84	0	0	0.00000	0	AD_174_173_174_84b.avi	17328	25.00000
AD84	0	0	0.00000	0	AD_174_173_174_84c.avi	17268	25.00000
AD84	0	0	0.00000	0	AD_174_173_174_84d.avi	17280	25.00000
AD84	0	0	0.00000	0	AD_174_173_174_84e.avi	17232	25.00000
AD84	0	0	0.00000	0	AD_174_173_174_84f.avi	17292	25.00000
AD84	0	0	0.00000	0	AD_174_173_174_84g.avi	4164	25.00000
AD84	1	0	0.00000	0	AD_174_173_173_84a.avi	17423	25.00000
AD84	1	0	0.00000	0	AD_174_173_173_84b.avi	17304	25.00000
AD84	1	0	0.00000	0	AD_174_173_173_84c.avi	17244	25.00000
AD84	1	0	0.00000	0	AD_174_173_173_84d.avi	17268	25.00000
AD84	1	0	0.00000	0	AD_174_173_173_84e.avi	17208	25.00000
AD84	1	0	0.00000	0	AD_174_173_173_84f.avi	17280	25.00000
AD84	1	0	0.00000	0	AD_174_173_173_84g.avi	2796	25.00000
AD87	0	0	0.00000	0	AD_174_173_174_87a.avi	17171	25.00000
AD87	0	0	0.00000	0	AD_174_173_174_87b.avi	17208	25.00000
AD87	0	0	0.00000	0	AD_174_173_174_87c.avi	17184	25.00000
AD87	0	0	0.00000	0	AD_174_173_174_87d.avi	17112	25.00000
AD87	0	0	0.00000	0	AD_174_173_174_87e.avi	17112	25.00000
AD87	0	0	0.00000	0	AD_174_173_174_87f.avi	11796	25.00000
AD87	1	0	0.00000	0	AD_174_173_173_87a.avi	17147	25.00000
AD87	1	0	0.00000	0	AD_174_173_173_87b.avi	17148	25.00000
AD87	1	0	0.00000	0	AD_174_173_173_87c.avi	17124	25.00000
AD87	1	0	0.00000	0	AD_174_173_173_87d.avi	17124	25.00000
AD87	1	0	0.00000	0	AD_174_173_173_87e.avi	17124	25.00000
AD87	1	0	0.00000	0	AD_174_173_173_87f.avi	11604	25.00000
AD09	0	0	0.00000	0	AD_174_173_174_9a.avi	17387	25.00000
AD09	0	0	0.00000	0	AD_174_173_174_9b.avi	17244	25.00000
AD09	0	0	0.00000	0	AD_174_173_174_9c.avi	17256	25.00000
AD09	0	0	0.00000	0	AD_174_173_174_9d.avi	17328	25.00000
AD09	0	0	0.00000	0	AD_174_173_174_9e.avi	17292	25.00000
AD09	0	0	0.00000	0	AD_174_173_174_9f.avi	17196	25.00000
AD09	0	0	0.00000	0	AD_174_173_174_9g.avi	9636	25.00000
AD09	1	0	0.00000	0	AD_174_173_173_9a.avi	17387	25.00000
AD09	1	0	0.00000	0	AD_174_173_173_9b.avi	17232	25.00000
AD09	1	0	0.00000	0	AD_174_173_173_9c.avi	17256	25.00000
AD09	1	0	0.00000	0	AD_174_173_173_9d.avi	17328	25.00000
AD09	1	0	0.00000	0	AD_174_173_173_9e.avi	17232	25.00000
AD09	1	0	0.00000	0	AD_174_173_173_9f.avi	17160	25.00000
AD09	1	0	0.00000	0	AD_174_173_173_9g.avi	8736	25.00000
AD13	0	0	0.00000	0	AD_178_177_178_13a.avi	17087	25.00000
AD13	0	0	0.00000	0	AD_178_177_178_13b.avi	17100	25.00000
AD13	0	0	0.00000	0	AD_178_177_178_13c.avi	17028	25.00000
AD13	0	0	0.00000	0	AD_178_177_178_13d.avi	17027	25.00000
AD13	0	0	0.00000	0	AD_178_177_178_13e.avi	17040	25.00000
AD13	0	0	0.00000	0	AD_178_177_178_13f.avi	17052	25.00000
AD13	0	0	0.00000	0	AD_178_177_178_13g.avi	6732	25.00000
AD13	1	0	0.00000	0	AD_178_177_177_13a.avi	17207	25.00000
AD13	1	0	0.00000	0	AD_178_177_177_13b.avi	17208	25.00000
AD13	1	0	0.00000	0	AD_178_177_177_13c.avi	17124	25.00000
AD13	1	0	0.00000	0	AD_178_177_177_13d.avi	17136	25.00000
AD13	1	0	0.00000	0	AD_178_177_177_13e.avi	17100	25.00000
AD13	1	0	0.00000	0	AD_178_177_177_13f.avi	17100	25.00000
AD13	1	0	0.00000	0	AD_178_177_177_13g.avi	2207	25.00000
AD14	0	0	0.00000	0	AD_178_177_178_14a.avi	17135	25.00000
AD14	0	0	0.00000	0	AD_178_177_178_14b.avi	17196	25.00000
AD14	0	0	0.00000	0	AD_178_177_178_14c.avi	17184	25.00000
AD14	0	0	0.00000	0	AD_178_177_178_14d.avi	17148	25.00000
AD14	0	0	0.00000	0	AD_178_177_178_14f.avi	17124	25.00000
AD14	0	0	0.00000	0	AD_178_177_178_14g.avi	14340	25.00000
AD14	1	0	0.00000	0	AD_178_177_177_14a.avi	17219	25.00000
AD14	1	0	0.00000	0	AD_178_177_177_14b.avi	17256	25.00000
AD14	1	0	0.00000	0	AD_178_177_177_14c.avi	17124	25.00000
AD14	1	0	0.00000	0	AD_178_177_177_14d.avi	17112	25.00000
AD14	1	0	0.00000	0	AD_178_177_177_14e.avi	17160	25.00000
AD14	1	0	0.00000	0	AD_178_177_177_14f.avi	11458	25.00000
AD20	0	0	0.00000	0	AD_178_177_178_20a.avi	17291	25.00000
AD20	0	0	0.00000	0	AD_178_177_178_20b.avi	17220	25.00000
AD20	0	0	0.00000	0	AD_178_177_178_20c.avi	17136	25.00000
AD20	0	0	0.00000	0	AD_178_177_178_20d.avi	17136	25.00000
AD20	0	0	0.00000	0	AD_178_177_178_20e.avi	17160	25.00000
AD20	0	0	0.00000	0	AD_178_177_178_20f.avi	16524	25.00000
AD20	1	0	0.00000	0	AD_178_177_177_20a.avi	17363	25.00000
AD20	1	0	0.00000	0	AD_178_177_177_20b.avi	17160	25.00000
AD20	1	0	0.00000	0	AD_178_177_177_20c.avi	17136	25.00000
AD20	1	0	0.00000	0	AD_178_177_177_20d.avi	17148	25.00000
AD20	1	0	0.00000	0	AD_178_177_177_20e.avi	17160	25.00000
AD20	1	0	0.00000	0	AD_178_177_177_20f.avi	13932	25.00000
AD27	0	0	0.00000	0	AD_178_177_178_27a.avi	17051	25.00000
AD27	0	0	0.00000	0	AD_178_177_178_27b.avi	17028	25.00000
AD27	0	0	0.00000	0	AD_178_177_178_27c.avi	17027	25.00000
AD27	0	0	0.00000	0	AD_178_177_178_27d.avi	17015	25.00000
AD27	0	0	0.00000	0	AD_178_177_178_27e.avi	17027	25.00000
AD27	0	0	0.00000	0	AD_178_177_178_27f.avi	17027	25.00000
AD27	0	0	0.00000	0	AD_178_177_178_27g.avi	17038	25.00000
AD27	0	0	0.00000	0	AD_178_177_178_27h.avi	262	25.00000
AD27	1	0	0.00000	0	AD_178_177_177_27a.avi	17087	25.00000
AD27	1	0	0.00000	0	AD_178_177_177_27b.avi	17076	25.00000
AD27	1	0	0.00000	0	AD_178_177_177_27c.avi	17076	25.00000
AD27	1	0	0.00000	0	AD_178_177_177_27d.avi	17052	25.00000
AD27	1	0	0.00000	0	AD_178_177_177_27e.avi	17052	25.00000
AD27	1	0	0.00000	0	AD_178_177_177_27f.avi	17052	25.00000
AD27	1	0	0.00000	0	AD_178_177_177_27g.avi	16656	25.00000
AD03	0	0	0.00000	0	AD_178_177_178_3a.avi	17219	25.00000
AD03	0	0	0.00000	0	AD_178_177_178_3b.avi	17256	25.00000
AD03	0	0	0.00000	0	AD_178_177_178_3c.avi	17112	25.00000
AD03	0	0	0.00000	0	AD_178_177_178_3d.avi	17112	25.00000
AD03	0	0	0.00000	0	AD_178_177_178_3e.avi	17112	25.00000
AD03	0	0	0.00000	0	AD_178_177_178_3f.avi	16452	25.00000
AD03	1	0	0.00000	0	AD_178_177_177_3a.avi	17159	25.00000
AD03	1	0	0.00000	0	AD_178_177_177_3b.avi	17136	25.00000
AD03	1	0	0.00000	0	AD_178_177_177_3c.avi	17112	25.00000
AD03	1	0	0.00000	0	AD_178_177_177_3d.avi	17112	25.00000
AD03	1	0	0.00000	0	AD_178_177_177_3e.avi	17124	25.00000
AD03	1	0	0.00000	0	AD_178_177_177_3f.avi	15708	25.00000
AD39	0	0	0.00000	0	AD_178_177_178_39a.avi	17255	25.00000
AD39	0	0	0.00000	0	AD_178_177_178_39b.avi	17256	25.00000
AD39	0	0	0.00000	0	AD_178_177_178_39c.avi	17160	25.00000
AD39	0	0	0.00000	0	AD_178_177_178_39d.avi	17160	25.00000
AD39	0	0	0.00000	0	AD_178_177_178_39e.avi	17160	25.00000
AD39	0	0	0.00000	0	AD_178_177_178_39f.avi	16752	25.00000
AD39	1	0	0.00000	0	AD_178_177_177_39a.avi	17327	25.00000
AD39	1	0	0.00000	0	AD_178_177_177_39b.avi	17220	25.00000
AD39	1	0	0.00000	0	AD_178_177_177_39c.avi	17172	25.00000
AD39	1	0	0.00000	0	AD_178_177_177_39d.avi	17172	25.00000
AD39	1	0	0.00000	0	AD_178_177_177_39e.avi	17172	25.00000
AD39	1	0	0.00000	0	AD_178_177_177_39f.avi	16368	25.00000
AD04	0	0	0.00000	0	AD_178_177_178_04a.avi	17279	25.00000
AD04	0	0	0.00000	0	AD_178_177_178_04b.avi	17220	25.00000
AD04	0	0	0.00000	0	AD_178_177_178_04c.avi	17148	25.00000
AD04	0	0	0.00000	0	AD_178_177_178_04d.avi	17160	25.00000
AD04	0	0	0.00000	0	AD_178_177_178_04e.avi	17148	25.00000
AD04	0	0	0.00000	0	AD_178_177_178_04f.avi	15924	25.00000
AD04	1	0	0.00000	0	AD_178_177_177_04a.avi	17375	25.00000
AD04	1	0	0.00000	0	AD_178_177_177_04b.avi	17184	25.00000
AD04	1	0	0.00000	0	AD_178_177_177_04c.avi	17172	25.00000
AD04	1	0	0.00000	0	AD_178_177_177_04d.avi	17160	25.00000
AD04	1	0	0.00000	0	AD_178_177_177_04e.avi	17160	25.00000
AD04	1	0	0.00000	0	AD_178_177_177_04f.avi	15852	25.00000
AD46	0	0	0.00000	0	AD_178_177_178_46a.avi	17075	25.00000
AD46	0	0	0.00000	0	AD_178_177_178_46b.avi	17100	25.00000
AD46	0	0	0.00000	0	AD_178_177_178_46c.avi	17124	25.00000
AD46	0	0	0.00000	0	AD_178_177_178_46d.avi	17100	25.00000
AD46	0	0	0.00000	0	AD_178_177_178_46e.avi	17124	25.00000
AD46	0	0	0.00000	0	AD_178_177_178_46f.avi	17196	25.00000
AD46	0	0	0.00000	0	AD_178_177_178_46g.avi	17208	25.00000
AD46	0	0	0.00000	0	AD_178_177_178_46h.avi	1116	25.00000
AD47	0	0	0.00000	0	AD_178_177_178_47a.avi	17543	25.00000
AD47	0	0	0.00000	0	AD_178_177_178_47b.avi	17412	25.00000
AD47	0	0	0.00000	0	AD_178_177_178_47c.avi	17340	25.00000
AD47	0	0	0.00000	0	AD_178_177_178_47d.avi	17256	25.00000
AD47	0	0	0.00000	0	AD_178_177_178_47e.avi	17196	25.00000
AD47	0	0	0.00000	0	AD_178_177_178_47f.avi	16068	25.00000
AD47	1	0	0.00000	0	AD_178_177_177_47a.avi	17567	25.00000
AD47	1	0	0.00000	0	AD_178_177_177_47b.avi	17448	25.00000
AD47	1	0	0.00000	0	AD_178_177_177_47c.avi	17352	25.00000
AD47	1	0	0.00000	0	AD_178_177_177_47d.avi	17292	25.00000
AD47	1	0	0.00000	0	AD_178_177_177_47e.avi	17244	25.00000
AD47	1	0	0.00000	0	AD_178_177_177_47f.avi	16836	25.00000
AD52	0	0	0.00000	0	AD_178_177_178_52a.avi	17315	25.00000
AD52	0	0	0.00000	0	AD_178_177_178_52b.avi	17220	25.00000
AD52	0	0	0.00000	0	AD_178_177_178_52c.avi	17148	25.00000
AD52	0	0	0.00000	0	AD_178_177_178_52d.avi	17148	25.00000
AD52	0	0	0.00000	0	AD_178_177_178_52e.avi	17148	25.00000
AD52	0	0	0.00000	0	AD_178_177_178_52f.avi	12264	25.00000
AD52	1	0	0.00000	0	AD_178_177_177_52a.avi	17303	25.00000
AD52	1	0	0.00000	0	AD_178_177_177_52b.avi	17208	25.00000
AD52	1	0	0.00000	0	AD_178_177_177_52c.avi	17148	25.00000
AD52	1	0	0.00000	0	AD_178_177_177_52d.avi	17148	25.00000
AD52	1	0	0.00000	0	AD_178_177_177_52e.avi	17148	25.00000
AD52	1	0	0.00000	0	AD_178_177_177_52f.avi	12180	25.00000
AD61	0	0	0.00000	0	AD_178_177_178_61a.avi	17183	25.00000
AD61	0	0	0.00000	0	AD_178_177_178_61b.avi	17232	25.00000
AD61	0	0	0.00000	0	AD_178_177_178_61c.avi	17184	25.00000
AD61	0	0	0.00000	0	AD_178_177_178_61d.avi	17148	25.00000
AD61	0	0	0.00000	0	AD_178_177_178_61e.avi	17136	25.00000
AD61	0	0	0.00000	0	AD_178_177_178_61f.avi	11246	25.00000
AD61	1	0	0.00000	0	AD_178_177_177_61a.avi	17207	25.00000
AD61	1	0	0.00000	0	AD_178_177_177_61b.avi	17292	25.00000
AD61	1	0	0.00000	0	AD_178_177_177_61c.avi	17184	25.00000
AD61	1	0	0.00000	0	AD_178_177_177_61d.avi	17208	25.00000
AD61	1	0	0.00000	0	AD_178_177_177_61e.avi	17196	25.00000
AD61	1	0	0.00000	0	AD_178_177_177_61f.avi	10236	25.00000
AD68	0	0	0.00000	0	AD_178_177_178_68a.avi	17375	25.00000
AD68	0	0	0.00000	0	AD_178_177_178_68b.avi	17328	25.00000
AD68	0	0	0.00000	0	AD_178_177_178_68c.avi	17292	25.00000
AD68	0	0	0.00000	0	AD_178_177_178_68d.avi	17232	25.00000
AD68	0	0	0.00000	0	AD_178_177_178_68e.avi	17280	25.00000
AD68	0	0	0.00000	0	AD_178_177_178_68f.avi	17220	25.00000
AD68	0	0	0.00000	0	AD_178_177_178_68g.avi	3156	25.00000
AD68	1	0	0.00000	0	AD_178_177_177_46a.avi	17447	25.00000
AD68	1	0	0.00000	0	AD_178_177_177_46b.avi	17292	25.00000
AD68	1	0	0.00000	0	AD_178_177_177_46c.avi	17268	25.00000
AD68	1	0	0.00000	0	AD_178_177_177_46d.avi	17196	25.00000
AD68	1	0	0.00000	0	AD_178_177_177_46e.avi	17196	25.00000
AD68	1	0	0.00000	0	AD_178_177_177_46f.avi	17184	25.00000
AD68	1	0	0.00000	0	AD_178_177_177_46g.avi	2232	25.00000
AD83	0	0	0.00000	0	AD_178_177_178_83a.avi	17099	25.00000
AD83	0	0	0.00000	0	AD_178_177_178_83b.avi	17088	25.00000
AD83	0	0	0.00000	0	AD_178_177_178_83c.avi	17100	25.00000
AD83	0	0	0.00000	0	AD_178_177_178_83d.avi	17100	25.00000
AD83	0	0	0.00000	0	AD_178_177_178_83e.avi	17100	25.00000
AD83	0	0	0.00000	0	AD_178_177_178_83f.avi	17100	25.00000
AD83	0	0	0.00000	0	AD_178_177_178_83g.avi	1764	25.00000
AD83	1	0	0.00000	0	AD_178_177_177_83a.avi	17255	25.00000
AD83	1	0	0.00000	0	AD_178_177_177_83b.avi	17232	25.00000
AD83	1	0	0.00000	0	AD_178_177_177_83c.avi	17124	25.00000
AD83	1	0	0.00000	0	AD_178_177_177_83d.avi	17124	25.00000
AD83	1	0	0.00000	0	AD_178_177_177_83e.avi	17124	25.00000
AD83	1	0	0.00000	0	AD_178_177_177_83f.avi	12636	25.00000
AD05	0	0	0.00000	0	AD_180_179_180_5a.avi	17219	25.00000
AD05	0	0	0.00000	0	AD_180_179_180_5b.avi	17244	25.00000
AD05	0	0	0.00000	0	AD_180_179_180_5c.avi	17136	25.00000
AD05	0	0	0.00000	0	AD_180_179_180_5d.avi	17112	25.00000
AD05	0	0	0.00000	0	AD_180_179_180_5e.avi	17112	25.00000
AD05	0	0	0.00000	0	AD_180_179_180_5f.avi	17100	25.00000
AD05	1	0	0.00000	0	AD_180_179_179_5a.avi	17159	25.00000
AD05	1	0	0.00000	0	AD_180_179_179_5b.avi	17184	25.00000
AD05	1	0	0.00000	0	AD_180_179_179_5c.avi	17196	25.00000
AD05	1	0	0.00000	0	AD_180_179_179_5d.avi	17124	25.00000
AD05	1	0	0.00000	0	AD_180_179_179_5e.avi	17099	25.00000
AD05	1	0	0.00000	0	AD_180_179_179_5f.avi	17100	25.00000
AD11	0	0	0.00000	0	AD_180_179_180_11a.avi	17387	25.00000
AD11	0	0	0.00000	0	AD_180_179_180_11b.avi	17172	25.00000
AD11	0	0	0.00000	0	AD_180_179_180_11c.avi	17160	25.00000
AD11	0	0	0.00000	0	AD_180_179_180_11d.avi	17136	25.00000
AD11	0	0	0.00000	0	AD_180_179_180_11e.avi	17136	25.00000
AD11	0	0	0.00000	0	AD_180_179_180_11f.avi	17124	25.00000
AD11	0	0	0.00000	0	AD_180_179_180_11g.avi	7884	25.00000
AD11	1	0	0.00000	0	AD_180_179_179_11a.avi	17387	25.00000
AD11	1	0	0.00000	0	AD_180_179_179_11b.avi	17148	25.00000
AD11	1	0	0.00000	0	AD_180_179_179_11c.avi	17136	25.00000
AD11	1	0	0.00000	0	AD_180_179_179_11d.avi	17124	25.00000
AD11	1	0	0.00000	0	AD_180_179_179_11e.avi	17124	25.00000
AD11	1	0	0.00000	0	AD_180_179_179_11f.avi	17124	25.00000
AD11	1	0	0.00000	0	AD_180_179_179_11g.avi	8196	25.00000
AD21	0	0	0.00000	0	AD_180_179_180_21a.avi	17123	25.00000
AD21	0	0	0.00000	0	AD_180_179_180_21b.avi	17099	25.00000
AD21	0	0	0.00000	0	AD_180_179_180_21c.avi	17088	25.00000
AD21	0	0	0.00000	0	AD_180_179_180_21d.avi	17100	25.00000
AD21	0	0	0.00000	0	AD_180_179_180_21e.avi	17100	25.00000
AD21	0	0	0.00000	0	AD_180_179_180_21f.avi	17124	25.00000
AD21	0	0	0.00000	0	AD_180_179_180_21g.avi	1788	25.00000
AD21	1	0	0.00000	0	AD_180_179_179_21a.avi	17147	25.00000
AD21	1	0	0.00000	0	AD_180_179_179_21b.avi	17112	25.00000
AD21	1	0	0.00000	0	AD_180_179_179_21c.avi	17111	25.00000
AD21	1	0	0.00000	0	AD_180_179_179_21d.avi	17124	25.00000
AD21	1	0	0.00000	0	AD_180_179_179_21e.avi	17135	25.00000
AD21	1	0	0.00000	0	AD_180_179_179_21f.avi	17160	25.00000
AD21	1	0	0.00000	0	AD_180_179_179_21g.avi	1356	25.00000
AD23	0	0	0.00000	0	AD_180_179_180_23a.avi	17075	25.00000
AD23	0	0	0.00000	0	AD_180_179_180_23b.avi	17087	25.00000
AD23	0	0	0.00000	0	AD_180_179_180_23c.avi	17112	25.00000
AD23	0	0	0.00000	0	AD_180_179_180_23d.avi	17040	25.00000
AD23	0	0	0.00000	0	AD_180_179_180_23e.avi	17040	25.00000
AD23	0	0	0.00000	0	AD_180_179_180_23f.avi	15419	25.00000
AD23	1	0	0.00000	0	AD_180_179_179_23a.avi	17147	25.00000
AD23	1	0	0.00000	0	AD_180_179_179_23b.avi	17172	25.00000
AD23	1	0	0.00000	0	AD_180_179_179_23c.avi	17184	25.00000
AD23	1	0	0.00000	0	AD_180_179_179_23d.avi	17076	25.00000
AD23	1	0	0.00000	0	AD_180_179_179_23e.avi	17088	25.00000
AD23	1	0	0.00000	0	AD_180_179_179_23f.avi	14004	25.00000
AD25	0	0	0.00000	0	AD_180_179_180_25a.avi	17159	25.00000
AD25	0	0	0.00000	0	AD_180_179_180_25b.avi	17124	25.00000
AD25	0	0	0.00000	0	AD_180_179_180_25c.avi	17075	25.00000
AD25	0	0	0.00000	0	AD_180_179_180_25d.avi	17088	25.00000
AD25	0	0	0.00000	0	AD_180_179_180_25e.avi	17051	25.00000
AD25	0	0	0.00000	0	AD_180_179_180_25f.avi	17039	25.00000
AD25	0	0	0.00000	0	AD_180_179_180_25g.avi	1512	25.00000
AD25	1	0	0.00000	0	AD_180_179_179_25a.avi	17123	25.00000
AD25	1	0	0.00000	0	AD_180_179_179_25b.avi	17112	25.00000
AD25	1	0	0.00000	0	AD_180_179_179_25c.avi	17064	25.00000
AD25	1	0	0.00000	0	AD_180_179_179_25d.avi	17076	25.00000
AD25	1	0	0.00000	0	AD_180_179_179_25e.avi	17040	25.00000
AD25	1	0	0.00000	0	AD_180_179_179_25f.avi	17027	25.00000
AD25	1	0	0.00000	0	AD_180_179_179_25g.avi	2027	25.00000
AD28	0	0	0.00000	0	AD_180_179_180_28Ra.avi	17075	25.00000
AD28	0	0	0.00000	0	AD_180_179_180_28Rb.avi	17040	25.00000
AD28	0	0	0.00000	0	AD_180_179_180_28Rc.avi	17039	25.00000
AD28	0	0	0.00000	0	AD_180_179_180_28Rd.avi	17051	25.00000
AD28	0	0	0.00000	0	AD_180_179_180_28Re.avi	17052	25.00000
AD28	0	0	0.00000	0	AD_180_179_180_28Rf.avi	17052	25.00000
AD28	0	0	0.00000	0	AD_180_179_180_28Rg.avi	15132	25.00000
AD28	1	0	0.00000	0	AD_180_179_179_28Ra.avi	17111	25.00000
AD28	1	0	0.00000	0	AD_180_179_179_28Rb.avi	17052	25.00000
AD28	1	0	0.00000	0	AD_180_179_179_28Rc.avi	17064	25.00000
AD28	1	0	0.00000	0	AD_180_179_179_28Rd.avi	17076	25.00000
AD28	1	0	0.00000	0	AD_180_179_179_28Re.avi	17100	25.00000
AD28	1	0	0.00000	0	AD_180_179_179_28Rf.avi	17136	25.00000
AD28	1	0	0.00000	0	AD_180_179_179_28Rg.avi	14579	25.00000
AD29	0	0	0.00000	0	AD_180_179_180_29a.avi	17147	25.00000
AD29	0	0	0.00000	0	AD_180_179_180_29b.avi	17124	25.00000
AD29	0	0	0.00000	0	AD_180_179_180_29c.avi	17076	25.00000
AD29	0	0	0.00000	0	AD_180_179_180_29d.avi	17076	25.00000
AD29	0	0	0.00000	0	AD_180_179_180_29e.avi	17086	25.00000
AD29	0	0	0.00000	0	AD_180_179_180_29f.avi	16056	25.00000
AD29	1	0	0.00000	0	AD_180_179_179_29a.avi	17159	25.00000
AD29	1	0	0.00000	0	AD_180_179_179_29b.avi	17111	25.00000
AD29	1	0	0.00000	0	AD_180_179_179_29c.avi	17076	25.00000
AD29	1	0	0.00000	0	AD_180_179_179_29d.avi	17064	25.00000
AD29	1	0	0.00000	0	AD_180_179_179_29e.avi	17076	25.00000
AD29	1	0	0.00000	0	AD_180_179_179_29f.avi	14952	25.00000
AD34	0	0	0.00000	0	AD_180_179_180_34a.avi	17135	25.00000
AD34	0	0	0.00000	0	AD_180_179_180_34b.avi	17100	25.00000
AD34	0	0	0.00000	0	AD_180_179_180_34c.avi	17075	25.00000
AD34	0	0	0.00000	0	AD_180_179_180_34d.avi	17073	25.00000
AD34	0	0	0.00000	0	AD_180_179_180_34e.avi	17076	25.00000
AD34	0	0	0.00000	0	AD_180_179_180_34f.avi	13343	25.00000
AD34	1	0	0.00000	0	AD_180_179_179_34a.avi	17111	25.00000
AD34	1	0	0.00000	0	AD_180_179_179_34b.avi	17076	25.00000
AD34	1	0	0.00000	0	AD_180_179_179_34c.avi	17076	25.00000
AD34	1	0	0.00000	0	AD_180_179_179_34d.avi	17087	25.00000
AD34	1	0	0.00000	0	AD_180_179_179_34e.avi	17076	25.00000
AD34	1	0	0.00000	0	AD_180_179_179_34f.avi	13488	25.00000
AD54	0	0	0.00000	0	AD_180_179_180_54a.avi	17099	25.00000
AD54	0	0	0.00000	0	AD_180_179_180_54b.avi	17100	25.00000
AD54	0	0	0.00000	0	AD_180_179_180_54c.avi	17135	25.00000
AD54	0	0	0.00000	0	AD_180_179_180_54d.avi	17124	25.00000
AD54	0	0	0.00000	0	AD_180_179_180_54e.avi	17124	25.00000
AD54	0	0	0.00000	0	AD_180_179_180_54f.avi	17100	25.00000
AD54	0	0	0.00000	0	AD_180_179_180_54g.avi	3948	25.00000
AD54	1	0	0.00000	0	AD_180_179_179_54a.avi	17087	25.00000
AD54	1	0	0.00000	0	AD_180_179_179_54b.avi	17088	25.00000
AD54	1	0	0.00000	0	AD_180_179_179_54c.avi	17124	25.00000
AD54	1	0	0.00000	0	AD_180_179_179_54d.avi	17123	25.00000
AD54	1	0	0.00000	0	AD_180_179_179_54e.avi	17112	25.00000
AD54	1	0	0.00000	0	AD_180_179_179_54f.avi	17100	25.00000
AD54	1	0	0.00000	0	AD_180_179_179_54g.avi	3348	25.00000
AD59	0	0	0.00000	0	AD_180_179_180_59a.avi	17519	25.00000
AD59	0	0	0.00000	0	AD_180_179_180_59b.avi	17436	25.00000
AD59	0	0	0.00000	0	AD_180_179_180_59c.avi	17448	25.00000
AD59	0	0	0.00000	0	AD_180_179_180_59d.avi	17424	25.00000
AD59	0	0	0.00000	0	AD_180_179_180_59e.avi	17364	25.00000
AD59	0	0	0.00000	0	AD_180_179_180_59f.avi	17220	25.00000
AD59	0	0	0.00000	0	AD_180_179_180_59g.avi	7152	25.00000
AD59	1	0	0.00000	0	AD_180_179_179_59a.avi	17531	25.00000
AD59	1	0	0.00000	0	AD_180_179_179_59b.avi	17448	25.00000
AD59	1	0	0.00000	0	AD_180_179_179_59c.avi	17448	25.00000
AD59	1	0	0.00000	0	AD_180_179_179_59d.avi	17412	25.00000
AD59	1	0	0.00000	0	AD_180_179_179_59e.avi	17388	25.00000
AD59	1	0	0.00000	0	AD_180_179_179_59f.avi	17232	25.00000
AD59	1	0	0.00000	0	AD_180_179_179_59g.avi	5664	25.00000
AD69	0	0	0.00000	0	AD_180_179_180_69a.avi	17291	25.00000
AD69	0	0	0.00000	0	AD_180_179_180_69b.avi	17208	25.00000
AD69	0	0	0.00000	0	AD_180_179_180_69c.avi	17148	25.00000
AD69	0	0	0.00000	0	AD_180_179_180_69d.avi	17160	25.00000
AD69	0	0	0.00000	0	AD_180_179_180_69e.avi	17160	25.00000
AD69	0	0	0.00000	0	AD_180_179_180_69f.avi	12816	25.00000
AD69	1	0	0.00000	0	AD_180_179_179_69a.avi	17315	25.00000
AD69	1	0	0.00000	0	AD_180_179_179_69b.avi	17196	25.00000
AD69	1	0	0.00000	0	AD_180_179_179_69c.avi	17160	25.00000
AD69	1	0	0.00000	0	AD_180_179_179_69d.avi	17172	25.00000
AD69	1	0	0.00000	0	AD_180_179_179_69e.avi	17172	25.00000
AD69	1	0	0.00000	0	AD_180_179_179_69f.avi	13512	25.00000
AD71	0	0	0.00000	0	AD_180_179_180_71a.avi	17399	25.00000
AD71	0	0	0.00000	0	AD_180_179_180_71b.avi	17244	25.00000
AD71	0	0	0.00000	0	AD_180_179_180_71c.avi	17328	25.00000
AD71	0	0	0.00000	0	AD_180_179_180_71d.avi	17292	25.00000
AD71	0	0	0.00000	0	AD_180_179_180_71e.avi	17292	25.00000
AD71	0	0	0.00000	0	AD_180_179_180_71f.avi	17256	25.00000
AD71	0	0	0.00000	0	AD_180_179_180_71g.avi	3180	25.00000
AD71	1	0	0.00000	0	AD_180_179_179_71a.avi	17411	25.00000
AD71	1	0	0.00000	0	AD_180_179_179_71b.avi	17280	25.00000
AD71	1	0	0.00000	0	AD_180_179_179_71c.avi	17340	25.00000
AD71	1	0	0.00000	0	AD_180_179_179_71d.avi	17328	25.00000
AD71	1	0	0.00000	0	AD_180_179_179_71e.avi	17340	25.00000
AD71	1	0	0.00000	0	AD_180_179_179_71f.avi	17292	25.00000
AD71	1	0	0.00000	0	AD_180_179_179_71g.avi	4380	25.00000
AD01	0	0	0.00000	0	AD_224_223_224_1a.avi	17231	25.00000
AD01	0	0	0.00000	0	AD_224_223_224_1b.avi	17243	25.00000
AD01	0	0	0.00000	0	AD_224_223_224_1c.avi	17160	25.00000
AD01	0	0	0.00000	0	AD_224_223_224_1d.avi	17184	25.00000
AD01	0	0	0.00000	0	AD_224_223_224_1e.avi	17172	25.00000
AD01	0	0	0.00000	0	AD_224_223_224_1f.avi	13740	25.00000
AD01	1	0	0.00000	0	AD_224_223_223_1a.avi	17219	25.00000
AD01	1	0	0.00000	0	AD_224_223_223_1b.avi	17256	25.00000
AD01	1	0	0.00000	0	AD_224_223_223_1c.avi	17184	25.00000
AD01	1	0	0.00000	0	AD_224_223_223_1d.avi	17232	25.00000
AD01	1	0	0.00000	0	AD_224_223_223_1e.avi	17220	25.00000
AD01	1	0	0.00000	0	AD_224_223_223_1f.avi	13680	25.00000
AD26	0	0	0.00000	0	AD_224_223_224_26a.avi	17075	25.00000
AD26	0	0	0.00000	0	AD_224_223_224_26b.avi	17076	25.00000
AD26	0	0	0.00000	0	AD_224_223_224_26c.avi	17076	25.00000
AD26	0	0	0.00000	0	AD_224_223_224_26d.avi	17076	25.00000
AD26	0	0	0.00000	0	AD_224_223_224_26e.avi	17076	25.00000
AD26	0	0	0.00000	0	AD_224_223_224_26f.avi	9864	25.00000
AD26	1	0	0.00000	0	AD_224_223_223_26a.avi	17159	25.00000
AD26	1	0	0.00000	0	AD_224_223_223_26b.avi	17136	25.00000
AD26	1	0	0.00000	0	AD_224_223_223_26c.avi	17124	25.00000
AD26	1	0	0.00000	0	AD_224_223_223_26d.avi	17160	25.00000
AD26	1	0	0.00000	0	AD_224_223_223_26e.avi	17136	25.00000
AD26	1	0	0.00000	0	AD_224_223_223_26f.avi	8652	25.00000
AD31	0	0	0.00000	0	AD_224_223_224_31a.avi	17195	25.00000
AD31	0	0	0.00000	0	AD_224_223_224_31b.avi	17220	25.00000
AD31	0	0	0.00000	0	AD_224_223_224_31c.avi	17160	25.00000
AD31	0	0	0.00000	0	AD_224_223_224_31d.avi	17112	25.00000
AD31	0	0	0.00000	0	AD_224_223_224_31e.avi	17124	25.00000
AD31	0	0	0.00000	0	AD_224_223_224_31f.avi	15082	25.00000
AD31	1	0	0.00000	0	AD_224_223_223_31a.avi	17243	25.00000
AD31	1	0	0.00000	0	AD_224_223_223_31b.avi	17208	25.00000
AD31	1	0	0.00000	0	AD_224_223_223_31c.avi	17136	25.00000
AD31	1	0	0.00000	0	AD_224_223_223_31d.avi	17112	25.00000
AD31	1	0	0.00000	0	AD_224_223_223_31e.avi	17136	25.00000
AD31	1	0	0.00000	0	AD_224_223_223_31f.avi	14795	25.00000
AD35	0	0	0.00000	0	AD_224_223_224_35a.avi	17219	25.00000
AD35	0	0	0.00000	0	AD_224_223_224_35b.avi	17256	25.00000
AD35	0	0	0.00000	0	AD_224_223_224_35c.avi	17172	25.00000
AD35	0	0	0.00000	0	AD_224_223_224_35d.avi	17172	25.00000
AD35	0	0	0.00000	0	AD_224_223_224_35e.avi	17160	25.00000
AD35	0	0	0.00000	0	AD_224_223_224_35f.avi	17147	25.00000
AD35	0	0	0.00000	0	AD_224_223_224_35g.avi	1943	25.00000
AD35	1	0	0.00000	0	AD_224_223_223_35a.avi	17195	25.00000
AD35	1	0	0.00000	0	AD_224_223_223_35b.avi	17243	25.00000
AD35	1	0	0.00000	0	AD_224_223_223_35c.avi	17172	25.00000
AD35	1	0	0.00000	0	AD_224_223_223_35d.avi	17160	25.00000
AD35	1	0	0.00000	0	AD_224_223_223_35e.avi	17148	25.00000
AD35	1	0	0.00000	0	AD_224_223_223_35f.avi	17148	25.00000
AD35	1	0	0.00000	0	AD_224_223_223_35g.avi	2880	25.00000
AD36	0	0	0.00000	0	AD_224_223_224_36a.avi	17255	25.00000
AD36	0	0	0.00000	0	AD_224_223_224_36b.avi	17244	25.00000
AD36	0	0	0.00000	0	AD_224_223_224_36c.avi	17136	25.00000
AD36	0	0	0.00000	0	AD_224_223_224_36d.avi	17148	25.00000
AD36	0	0	0.00000	0	AD_224_223_224_36e.avi	17160	25.00000
AD36	0	0	0.00000	0	AD_224_223_224_36f.avi	16200	25.00000
AD36	1	0	0.00000	0	AD_224_223_223_36a.avi	17183	25.00000
AD36	1	0	0.00000	0	AD_224_223_223_36b.avi	17292	25.00000
AD36	1	0	0.00000	0	AD_224_223_223_36c.avi	17136	25.00000
AD36	1	0	0.00000	0	AD_224_223_223_36d.avi	17136	25.00000
AD36	1	0	0.00000	0	AD_224_223_223_36e.avi	17148	25.00000
AD36	1	0	0.00000	0	AD_224_223_223_36f.avi	16512	25.00000
AD40	0	0	0.00000	0	AD_224_223_224_40a.avi	17387	25.00000
AD40	0	0	0.00000	0	AD_224_223_224_40b.avi	17148	25.00000
AD40	0	0	0.00000	0	AD_224_223_224_40c.avi	17136	25.00000
AD40	0	0	0.00000	0	AD_224_223_224_40d.avi	17112	25.00000
AD40	0	0	0.00000	0	AD_224_223_224_40e.avi	17100	25.00000
AD40	0	0	0.00000	0	AD_224_223_224_40f.avi	17100	25.00000
AD40	0	0	0.00000	0	AD_224_223_224_40g.avi	6384	25.00000
AD40	1	0	0.00000	0	AD_224_223_223_40a.avi	17387	25.00000
AD40	1	0	0.00000	0	AD_224_223_223_40b.avi	17160	25.00000
AD40	1	0	0.00000	0	AD_224_223_223_40c.avi	17172	25.00000
AD40	1	0	0.00000	0	AD_224_223_223_40d.avi	17124	25.00000
AD40	1	0	0.00000	0	AD_224_223_223_40e.avi	17100	25.00000
AD40	1	0	0.00000	0	AD_224_223_223_40f.avi	17076	25.00000
AD40	1	0	0.00000	0	AD_224_223_223_40g.avi	6109	25.00000
AD43	0	0	0.00000	0	AD_224_223_224_43a.avi	17159	25.00000
AD43	0	0	0.00000	0	AD_224_223_224_43b.avi	17076	25.00000
AD43	0	0	0.00000	0	AD_224_223_224_43c.avi	17039	25.00000
AD43	0	0	0.00000	0	AD_224_223_224_43d.avi	17052	25.00000
AD43	0	0	0.00000	0	AD_224_223_224_43e.avi	17088	25.00000
AD43	0	0	0.00000	0	AD_224_223_224_43f.avi	15468	25.00000
AD43	1	0	0.00000	0	AD_224_223_223_43a.avi	17123	25.00000
AD43	1	0	0.00000	0	AD_224_223_223_43b.avi	17076	25.00000
AD43	1	0	0.00000	0	AD_224_223_223_43c.avi	17027	25.00000
AD43	1	0	0.00000	0	AD_224_223_223_43d.avi	17039	25.00000
AD43	1	0	0.00000	0	AD_224_223_223_43e.avi	17112	25.00000
AD43	1	0	0.00000	0	AD_224_223_223_43f.avi	15276	25.00000
AD44	0	0	0.00000	0	AD_224_223_224_44a.avi	17063	25.00000
AD44	0	0	0.00000	0	AD_224_223_224_44b.avi	17052	25.00000
AD44	0	0	0.00000	0	AD_224_223_224_44c.avi	17052	25.00000
AD44	0	0	0.00000	0	AD_224_223_224_44d.avi	17040	25.00000
AD44	0	0	0.00000	0	AD_224_223_224_44e.avi	17052	25.00000
AD44	0	0	0.00000	0	AD_224_223_224_44f.avi	17064	25.00000
AD44	0	0	0.00000	0	AD_224_223_224_44g.avi	2328	25.00000
AD44	1	0	0.00000	0	AD_224_223_223_44a.avi	17075	25.00000
AD44	1	0	0.00000	0	AD_224_223_223_44b.avi	17076	25.00000
AD44	1	0	0.00000	0	AD_224_223_223_44c.avi	17064	25.00000
AD44	1	0	0.00000	0	AD_224_223_223_44e.avi	17040	25.00000
AD44	1	0	0.00000	0	AD_224_223_223_44f.avi	17040	25.00000
AD44	1	0	0.00000	0	AD_224_223_223_44g.avi	17028	25.00000
AD44	1	0	0.00000	0	AD_224_223_223_44h.avi	2625	25.00000
AD45	0	0	0.00000	0	AD_224_223_224_45a.avi	17135	25.00000
AD45	0	0	0.00000	0	AD_224_223_224_45b.avi	17100	25.00000
AD45	0	0	0.00000	0	AD_224_223_224_45c.avi	17100	25.00000
AD45	0	0	0.00000	0	AD_224_223_224_45d.avi	17076	25.00000
AD45	0	0	0.00000	0	AD_224_223_224_45e.avi	17064	25.00000
AD45	0	0	0.00000	0	AD_224_223_224_45f.avi	17064	25.00000
AD45	0	0	0.00000	0	AD_224_223_224_45g.avi	7464	25.00000
AD45	1	0	0.00000	0	AD_224_223_223_45a.avi	17147	25.00000
AD45	1	0	0.00000	0	AD_224_223_223_45b.avi	17172	25.00000
AD45	1	0	0.00000	0	AD_224_223_223_45c.avi	17160	25.00000
AD45	1	0	0.00000	0	AD_224_223_223_45d.avi	17148	25.00000
AD45	1	0	0.00000	0	AD_224_223_223_45e.avi	17100	25.00000
AD45	1	0	0.00000	0	AD_224_223_223_45f.avi	17088	25.00000
AD45	1	0	0.00000	0	AD_224_223_223_45g.avi	9983	25.00000
AD48	0	0	0.00000	0	AD_224_223_224_48a.avi	17243	25.00000
AD48	0	0	0.00000	0	AD_224_223_224_48b.avi	17280	25.00000
AD48	0	0	0.00000	0	AD_224_223_224_48c.avi	17172	25.00000
AD48	0	0	0.00000	0	AD_224_223_224_48d.avi	17184	25.00000
AD48	0	0	0.00000	0	AD_224_223_224_48e.avi	17172	25.00000
AD48	0	0	0.00000	0	AD_224_223_224_48f.avi	17148	25.00000
AD48	0	0	0.00000	0	AD_224_223_224_48g.avi	9972	25.00000
AD48	1	0	0.00000	0	AD_224_223_223_48a.avi	17231	25.00000
AD48	1	0	0.00000	0	AD_224_223_223_48b.avi	17280	25.00000
AD48	1	0	0.00000	0	AD_224_223_223_48c.avi	17172	25.00000
AD48	1	0	0.00000	0	AD_224_223_223_48d.avi	17184	25.00000
AD48	1	0	0.00000	0	AD_224_223_223_48e.avi	17196	25.00000
AD48	1	0	0.00000	0	AD_224_223_223_48f.avi	17172	25.00000
AD48	1	0	0.00000	0	AD_224_223_223_48g.avi	9832	25.00000
AD51	0	0	0.00000	0	AD_224_223_224_51a.avi	17183	25.00000
AD51	0	0	0.00000	0	AD_224_223_224_51b.avi	17280	25.00000
AD51	0	0	0.00000	0	AD_224_223_224_51c.avi	17148	25.00000
AD51	0	0	0.00000	0	AD_224_223_224_51d.avi	17136	25.00000
AD51	0	0	0.00000	0	AD_224_223_224_51e.avi	17136	25.00000
AD51	0	0	0.00000	0	AD_224_223_224_51f.avi	17148	25.00000
AD51	0	0	0.00000	0	AD_224_223_224_51g.avi	5304	25.00000
AD51	1	0	0.00000	0	AD_224_223_223_51a.avi	17171	25.00000
AD51	1	0	0.00000	0	AD_224_223_223_51b.avi	17280	25.00000
AD51	1	0	0.00000	0	AD_224_223_223_51c.avi	17160	25.00000
AD51	1	0	0.00000	0	AD_224_223_223_51d.avi	17136	25.00000
AD51	1	0	0.00000	0	AD_224_223_223_51e.avi	17148	25.00000
AD51	1	0	0.00000	0	AD_224_223_223_51f.avi	17160	25.00000
AD51	1	0	0.00000	0	AD_224_223_223_51g.avi	5304	25.00000
AD63	0	0	0.00000	0	AD_224_223_224_63a.avi	17423	25.00000
AD63	0	0	0.00000	0	AD_224_223_224_63b.avi	17292	25.00000
AD63	0	0	0.00000	0	AD_224_223_224_63c.avi	17292	25.00000
AD63	0	0	0.00000	0	AD_224_223_224_63d.avi	17256	25.00000
AD63	0	0	0.00000	0	AD_224_223_224_63e.avi	17220	25.00000
AD63	0	0	0.00000	0	AD_224_223_224_63f.avi	17208	25.00000
AD63	0	0	0.00000	0	AD_224_223_224_63g.avi	5952	25.00000
AD63	1	0	0.00000	0	AD_224_223_223_63a.avi	17423	25.00000
AD63	1	0	0.00000	0	AD_224_223_223_63b.avi	17280	25.00000
AD63	1	0	0.00000	0	AD_224_223_223_63c.avi	17268	25.00000
AD63	1	0	0.00000	0	AD_224_223_223_63d.avi	17232	25.00000
AD63	1	0	0.00000	0	AD_224_223_223_63e.avi	17196	25.00000
AD63	1	0	0.00000	0	AD_224_223_223_63f.avi	17196	25.00000
AD63	1	0	0.00000	0	AD_224_223_223_63g.avi	6276	25.00000
AD75	0	0	0.00000	0	AD_224_223_224_75a.avi	17387	25.00000
AD75	0	0	0.00000	0	AD_224_223_224_75b.avi	17160	25.00000
AD75	0	0	0.00000	0	AD_224_223_224_75c.avi	17172	25.00000
AD75	0	0	0.00000	0	AD_224_223_224_75d.avi	17196	25.00000
AD75	0	0	0.00000	0	AD_224_223_224_75e.avi	17244	25.00000
AD75	0	0	0.00000	0	AD_224_223_224_75f.avi	17208	25.00000
AD75	0	0	0.00000	0	AD_224_223_224_75g.avi	2784	25.00000
AD75	1	0	0.00000	0	AD_224_223_223_75a.avi	17363	25.00000
AD75	1	0	0.00000	0	AD_224_223_223_75b.avi	17196	25.00000
AD75	1	0	0.00000	0	AD_224_223_223_75c.avi	17196	25.00000
AD75	1	0	0.00000	0	AD_224_223_223_75d.avi	17256	25.00000
AD75	1	0	0.00000	0	AD_224_223_223_75e.avi	17340	25.00000
AD75	1	0	0.00000	0	AD_224_223_223_75f.avi	17280	25.00000
AD75	1	0	0.00000	0	AD_224_223_223_75g.avi	2952	25.00000
AD88	0	0	0.00000	0	AD_224_223_224_88a.avi	17135	25.00000
AD88	0	0	0.00000	0	AD_224_223_224_88b.avi	17136	25.00000
AD88	0	0	0.00000	0	AD_224_223_224_88c.avi	17063	25.00000
AD88	0	0	0.00000	0	AD_224_223_224_88d.avi	17063	25.00000
AD88	0	0	0.00000	0	AD_224_223_224_88e.avi	17076	25.00000
AD88	0	0	0.00000	0	AD_224_223_224_88f.avi	17136	25.00000
AD88	0	0	0.00000	0	AD_224_223_224_88g.avi	17232	25.00000
AD88	0	0	0.00000	0	AD_224_223_224_88h.avi	959	25.00000
AD88	1	0	0.00000	0	AD_224_223_223_88a.avi	17171	25.00000
AD88	1	0	0.00000	0	AD_224_223_223_88b.avi	17172	25.00000
AD88	1	0	0.00000	0	AD_224_223_223_88c.avi	17076	25.00000
AD88	1	0	0.00000	0	AD_224_223_223_88d.avi	17075	25.00000
AD88	1	0	0.00000	0	AD_224_223_223_88e.avi	17088	25.00000
AD88	1	0	0.00000	0	AD_224_223_223_88f.avi	17148	25.00000
AD88	1	0	0.00000	0	AD_224_223_223_88g.avi	17148	25.00000
AD16	0	0	0.00000	0	AD_226_225_225_16a.avi	17195	25.00000
AD16	0	0	0.00000	0	AD_226_225_225_16b.avi	17256	25.00000
AD16	0	0	0.00000	0	AD_226_225_225_16c.avi	17136	25.00000
AD16	0	0	0.00000	0	AD_226_225_225_16d.avi	17112	25.00000
AD16	0	0	0.00000	0	AD_226_225_225_16e.avi	17112	25.00000
AD16	0	0	0.00000	0	AD_226_225_225_16f.avi	17112	25.00000
AD19	0	0	0.00000	0	AD_226_225_226_19Ra.avi	17375	25.00000
AD19	0	0	0.00000	0	AD_226_225_226_19Rb.avi	17232	25.00000
AD19	0	0	0.00000	0	AD_226_225_226_19Rc.avi	17196	25.00000
AD19	0	0	0.00000	0	AD_226_225_226_19Rd.avi	17328	25.00000
AD19	0	0	0.00000	0	AD_226_225_226_19Re.avi	17364	25.00000
AD19	0	0	0.00000	0	AD_226_225_226_19Rf.avi	17028	25.00000
AD19	1	0	0.00000	0	AD_226_225_225_19Ra.avi	17315	25.00000
AD19	1	0	0.00000	0	AD_226_225_225_19Rb.avi	17196	25.00000
AD19	1	0	0.00000	0	AD_226_225_225_19Rc.avi	17172	25.00000
AD19	1	0	0.00000	0	AD_226_225_225_19Rd.avi	17268	25.00000
AD19	1	0	0.00000	0	AD_226_225_225_19Re.avi	17316	25.00000
AD19	1	0	0.00000	0	AD_226_225_225_19Rf.avi	17280	25.00000
AD19	1	0	0.00000	0	AD_226_225_225_19Rg.avi	897	25.00000
AD22	0	0	0.00000	0	AD_226_225_226_22a.avi	17051	25.00000
AD22	0	0	0.00000	0	AD_226_225_226_22b.avi	17028	25.00000
AD22	0	0	0.00000	0	AD_226_225_226_22c.avi	17063	25.00000
AD22	0	0	0.00000	0	AD_226_225_226_22d.avi	17052	25.00000
AD22	0	0	0.00000	0	AD_226_225_226_22e.avi	17040	25.00000
AD22	0	0	0.00000	0	AD_226_225_226_22f.avi	15672	25.00000
AD22	1	0	0.00000	0	AD_226_225_225_22a.avi	17123	25.00000
AD22	1	0	0.00000	0	AD_226_225_225_22b.avi	17112	25.00000
AD22	1	0	0.00000	0	AD_226_225_225_22c.avi	17111	25.00000
AD22	1	0	0.00000	0	AD_226_225_225_22d.avi	17100	25.00000
AD22	1	0	0.00000	0	AD_226_225_225_22e.avi	17064	25.00000
AD22	1	0	0.00000	0	AD_226_225_225_22f.avi	15516	25.00000
AD38	0	0	0.00000	0	AD_226_225_226_38a.avi	17147	25.00000
AD38	0	0	0.00000	0	AD_226_225_226_38b.avi	17196	25.00000
AD38	0	0	0.00000	0	AD_226_225_226_38c.avi	17208	25.00000
AD38	0	0	0.00000	0	AD_226_225_226_38d.avi	17136	25.00000
AD38	0	0	0.00000	0	AD_226_225_226_38e.avi	17136	25.00000
AD38	0	0	0.00000	0	AD_226_225_226_38f.avi	17136	25.00000
AD38	1	0	0.00000	0	AD_226_225_225_38a.avi	17231	25.00000
AD38	1	0	0.00000	0	AD_226_225_225_38b.avi	17256	25.00000
AD38	1	0	0.00000	0	AD_226_225_225_38c.avi	17136	25.00000
AD38	1	0	0.00000	0	AD_226_225_225_38d.avi	17136	25.00000
AD38	1	0	0.00000	0	AD_226_225_225_38e.avi	17136	25.00000
AD38	1	0	0.00000	0	AD_226_225_225_38f.avi	16596	25.00000
AD42	0	0	0.00000	0	AD_226_225_226_42a.avi	17291	25.00000
AD42	0	0	0.00000	0	AD_226_225_226_42b.avi	17268	25.00000
AD42	0	0	0.00000	0	AD_226_225_226_42c.avi	17196	25.00000
AD42	0	0	0.00000	0	AD_226_225_226_42d.avi	17196	25.00000
AD42	0	0	0.00000	0	AD_226_225_226_42e.avi	17208	25.00000
AD42	0	0	0.00000	0	AD_226_225_226_42f.avi	17196	25.00000
AD42	0	0	0.00000	0	AD_226_225_226_42g.avi	2436	25.00000
AD42	1	0	0.00000	0	AD_226_225_225_42a.avi	17279	25.00000
AD42	1	0	0.00000	0	AD_226_225_225_42b.avi	17268	25.00000
AD42	1	0	0.00000	0	AD_226_225_225_42c.avi	17196	25.00000
AD42	1	0	0.00000	0	AD_226_225_225_42d.avi	17208	25.00000
AD42	1	0	0.00000	0	AD_226_225_225_42e.avi	17220	25.00000
AD42	1	0	0.00000	0	AD_226_225_225_42f.avi	17208	25.00000
AD42	1	0	0.00000	0	AD_226_225_225_42g.avi	2256	25.00000
AD50	0	0	0.00000	0	AD_226_225_226_50a.avi	17123	25.00000
AD50	0	0	0.00000	0	AD_226_225_226_50b.avi	17136	25.00000
AD50	0	0	0.00000	0	AD_226_225_226_50c.avi	17136	25.00000
AD50	0	0	0.00000	0	AD_226_225_226_50d.avi	17124	25.00000
AD50	0	0	0.00000	0	AD_226_225_226_50e.avi	17112	25.00000
AD50	0	0	0.00000	0	AD_226_225_226_50f.avi	11232	25.00000
AD50	1	0	0.00000	0	AD_226_225_225_50a.avi	17135	25.00000
AD50	1	0	0.00000	0	AD_226_225_225_50b.avi	17136	25.00000
AD50	1	0	0.00000	0	AD_226_225_225_50c.avi	17148	25.00000
AD50	1	0	0.00000	0	AD_226_225_225_50d.avi	17136	25.00000
AD50	1	0	0.00000	0	AD_226_225_225_50e.avi	17148	25.00000
AD50	1	0	0.00000	0	AD_226_225_225_50f.avi	10860	25.00000
AD57	0	0	0.00000	0	AD_226_225_226_57a.avi	17207	25.00000
AD57	0	0	0.00000	0	AD_226_225_226_57b.avi	17220	25.00000
AD57	0	0	0.00000	0	AD_226_225_226_57c.avi	17148	25.00000
AD57	0	0	0.00000	0	AD_226_225_226_57d.avi	17136	25.00000
AD57	0	0	0.00000	0	AD_226_225_226_57e.avi	17136	25.00000
AD57	0	0	0.00000	0	AD_226_225_226_57f.avi	14556	25.00000
AD57	1	0	0.00000	0	AD_226_225_225_57a.avi	17315	25.00000
AD57	1	0	0.00000	0	AD_226_225_225_57b.avi	17196	25.00000
AD57	1	0	0.00000	0	AD_226_225_225_57c.avi	17136	25.00000
AD57	1	0	0.00000	0	AD_226_225_225_57d.avi	17136	25.00000
AD57	1	0	0.00000	0	AD_226_225_225_57e.avi	17172	25.00000
AD57	1	0	0.00000	0	AD_226_225_225_57f.avi	14220	25.00000
AD58	0	0	0.00000	0	AD_226_225_226_58a.avi	17447	25.00000
AD58	0	0	0.00000	0	AD_226_225_226_58b.avi	17280	25.00000
AD58	0	0	0.00000	0	AD_226_225_226_58c.avi	17268	25.00000
AD58	0	0	0.00000	0	AD_226_225_226_58d.avi	17256	25.00000
AD58	0	0	0.00000	0	AD_226_225_226_58e.avi	17268	25.00000
AD58	0	0	0.00000	0	AD_226_225_226_58f.avi	17280	25.00000
AD58	0	0	0.00000	0	AD_226_225_226_58g.avi	17328	25.00000
AD58	0	0	0.00000	0	AD_226_225_226_58h.avi	6768	25.00000
AD58	1	0	0.00000	0	AD_226_225_225_58a.avi	17411	25.00000
AD58	1	0	0.00000	0	AD_226_225_225_58b.avi	17208	25.00000
AD58	1	0	0.00000	0	AD_226_225_225_58c.avi	17172	25.00000
AD58	1	0	0.00000	0	AD_226_225_225_58d.avi	17184	25.00000
AD58	1	0	0.00000	0	AD_226_225_225_58e.avi	17208	25.00000
AD58	1	0	0.00000	0	AD_226_225_225_58f.avi	17232	25.00000
AD58	1	0	0.00000	0	AD_226_225_225_58g.avi	17268	25.00000
AD58	1	0	0.00000	0	AD_226_225_225_58h.avi	6804	25.00000
AD65	0	0	0.00000	0	AD_226_225_226_65a.avi	17171	25.00000
AD65	0	0	0.00000	0	AD_226_225_226_65b.avi	17184	25.00000
AD65	0	0	0.00000	0	AD_226_225_226_65c.avi	17184	25.00000
AD65	0	0	0.00000	0	AD_226_225_226_65d.avi	17124	25.00000
AD65	0	0	0.00000	0	AD_226_225_226_65e.avi	17112	25.00000
AD65	0	0	0.00000	0	AD_226_225_226_65f.avi	17112	25.00000
AD65	0	0	0.00000	0	AD_226_225_226_65g.avi	5040	25.00000
AD65	1	0	0.00000	0	AD_226_225_225_65a.avi	17207	25.00000
AD65	1	0	0.00000	0	AD_226_225_225_65b.avi	17220	25.00000
AD65	1	0	0.00000	0	AD_226_225_225_65c.avi	17147	25.00000
AD65	1	0	0.00000	0	AD_226_225_225_65d.avi	17112	25.00000
AD65	1	0	0.00000	0	AD_226_225_225_65e.avi	17112	25.00000
AD65	1	0	0.00000	0	AD_226_225_225_65f.avi	17124	25.00000
AD65	1	0	0.00000	0	AD_226_225_225_65g.avi	5436	25.00000
AD72	0	0	0.00000	0	AD_226_225_226_72a.avi	17495	25.00000
AD72	0	0	0.00000	0	AD_226_225_226_72b.avi	17280	25.00000
AD72	0	0	0.00000	0	AD_226_225_226_72c.avi	17244	25.00000
AD72	0	0	0.00000	0	AD_226_225_226_72d.avi	17316	25.00000
AD72	0	0	0.00000	0	AD_226_225_226_72e.avi	17316	25.00000
AD72	0	0	0.00000	0	AD_226_225_226_72f.avi	16128	25.00000
AD72	1	0	0.00000	0	AD_226_225_225_72a.avi	17531	25.00000
AD72	1	0	0.00000	0	AD_226_225_225_72b.avi	17232	25.00000
AD72	1	0	0.00000	0	AD_226_225_225_72c.avi	17172	25.00000
AD72	1	0	0.00000	0	AD_226_225_225_72d.avi	17304	25.00000
AD72	1	0	0.00000	0	AD_226_225_225_72e.avi	17340	25.00000
AD72	1	0	0.00000	0	AD_226_225_225_72f.avi	15180	25.00000
AD08	0	0	0.00000	0	AD_226_225_226_8a.avi	17159	25.00000
AD08	0	0	0.00000	0	AD_226_225_226_8b.avi	17148	25.00000
AD08	0	0	0.00000	0	AD_226_225_226_8c.avi	17160	25.00000
AD08	0	0	0.00000	0	AD_226_225_226_8d.avi	17160	25.00000
AD08	0	0	0.00000	0	AD_226_225_226_8e.avi	17124	25.00000
AD08	0	0	0.00000	0	AD_226_225_226_8f.avi	17100	25.00000
AD08	0	0	0.00000	0	AD_226_225_226_8g.avi	17100	25.00000
AD08	0	0	0.00000	0	AD_226_225_226_8h.avi	2193	25.00000
AD08	1	0	0.00000	0	AD_226_225_225_8a.avi	17219	25.00000
AD08	1	0	0.00000	0	AD_226_225_225_8b.avi	17231	25.00000
AD08	1	0	0.00000	0	AD_226_225_225_8c.avi	17136	25.00000
AD08	1	0	0.00000	0	AD_226_225_225_8d.avi	17124	25.00000
AD08	1	0	0.00000	0	AD_226_225_225_8e.avi	17124	25.00000
AD08	1	0	0.00000	0	AD_226_225_225_8f.avi	17112	25.00000
AD08	1	0	0.00000	0	AD_226_225_225_8g.avi	17124	25.00000
AD08	1	0	0.00000	0	AD_226_225_225_8h.avi	3179	25.00000
AD02	0	0	0.00000	0	AD_278_279_278_2a.avi	17339	25.00000
AD02	0	0	0.00000	0	AD_278_279_278_2b.avi	17148	25.00000
AD02	0	0	0.00000	0	AD_278_279_278_2c.avi	17100	25.00000
AD02	0	0	0.00000	0	AD_278_279_278_2d.avi	17088	25.00000
AD02	0	0	0.00000	0	AD_278_279_278_2e.avi	17088	25.00000
AD02	0	0	0.00000	0	AD_278_279_278_2f.avi	17088	25.00000
AD02	0	0	0.00000	0	AD_278_279_278_2g.avi	1667	25.00000
AD02	1	0	0.00000	0	AD_278_279_279_2a.avi	17327	25.00000
AD02	1	0	0.00000	0	AD_278_279_279_2b.avi	17160	25.00000
AD02	1	0	0.00000	0	AD_278_279_279_2c.avi	17100	25.00000
AD02	1	0	0.00000	0	AD_278_279_279_2d.avi	17088	25.00000
AD02	1	0	0.00000	0	AD_278_279_279_2e.avi	17088	25.00000
AD02	1	0	0.00000	0	AD_278_279_279_2f.avi	17088	25.00000
AD02	1	0	0.00000	0	AD_278_279_279_2g.avi	2640	25.00000
AD07	0	0	0.00000	0	AD_278_279_278_7a.avi	17387	25.00000
AD07	0	0	0.00000	0	AD_278_279_278_7b.avi	17100	25.00000
AD07	0	0	0.00000	0	AD_278_279_278_7c.avi	17100	25.00000
AD07	0	0	0.00000	0	AD_278_279_278_7d.avi	17100	25.00000
AD07	0	0	0.00000	0	AD_278_279_278_7e.avi	17100	25.00000
AD07	0	0	0.00000	0	AD_278_279_278_7f.avi	11472	25.00000
AD07	1	0	0.00000	0	AD_278_279_279_7a.avi	17387	25.00000
AD07	1	0	0.00000	0	AD_278_279_279_7b.avi	17100	25.00000
AD07	1	0	0.00000	0	AD_278_279_279_7c.avi	17088	25.00000
AD07	1	0	0.00000	0	AD_278_279_279_7d.avi	17100	25.00000
AD07	1	0	0.00000	0	AD_278_279_279_7e.avi	17088	25.00000
AD07	1	0	0.00000	0	AD_278_279_279_7f.avi	12444	25.00000
AD10	0	0	0.00000	0	AD_278_279_278_10a.avi	17363	25.00000
AD10	0	0	0.00000	0	AD_278_279_278_10b.avi	17136	25.00000
AD10	0	0	0.00000	0	AD_278_279_278_10c.avi	17112	25.00000
AD10	0	0	0.00000	0	AD_278_279_278_10d.avi	17112	25.00000
AD10	0	0	0.00000	0	AD_278_279_278_10e.avi	17112	25.00000
AD10	0	0	0.00000	0	AD_278_279_278_10f.avi	17112	25.00000
AD10	0	0	0.00000	0	AD_278_279_278_10g.avi	12864	25.00000
AD10	1	0	0.00000	0	AD_278_279_279_10a.avi	17363	25.00000
AD10	1	0	0.00000	0	AD_278_279_279_10b.avi	17124	25.00000
AD10	1	0	0.00000	0	AD_278_279_279_10c.avi	17112	25.00000
AD10	1	0	0.00000	0	AD_278_279_279_10e.avi	17112	25.00000
AD10	1	0	0.00000	0	AD_278_279_279_10f.avi	17112	25.00000
AD10	1	0	0.00000	0	AD_278_279_279_10g.avi	17112	25.00000
AD10	1	0	0.00000	0	AD_278_279_279_10h.avi	13308	25.00000
AD15	0	0	0.00000	0	AD_278_279_278_15a.avi	17255	25.00000
AD15	0	0	0.00000	0	AD_278_279_278_15b.avi	17148	25.00000
AD15	0	0	0.00000	0	AD_278_279_278_15c.avi	17136	25.00000
AD15	0	0	0.00000	0	AD_278_279_278_15d.avi	17112	25.00000
AD15	0	0	0.00000	0	AD_278_279_278_15e.avi	17087	25.00000
AD15	0	0	0.00000	0	AD_278_279_278_15f.avi	17087	25.00000
AD15	0	0	0.00000	0	AD_278_279_278_15g.avi	4066	25.00000
AD15	1	0	0.00000	0	AD_278_279_279_15a.avi	17279	25.00000
AD15	1	0	0.00000	0	AD_278_279_279_15b.avi	17196	25.00000
AD15	1	0	0.00000	0	AD_278_279_279_15c.avi	17088	25.00000
AD15	1	0	0.00000	0	AD_278_279_279_15d.avi	17088	25.00000
AD15	1	0	0.00000	0	AD_278_279_279_15e.avi	17088	25.00000
AD15	1	0	0.00000	0	AD_278_279_279_15f.avi	17088	25.00000
AD15	1	0	0.00000	0	AD_278_279_279_15g.avi	4632	25.00000
AD17	0	0	0.00000	0	AD_278_279_278_17a.avi	17387	25.00000
AD17	0	0	0.00000	0	AD_278_279_278_17b.avi	17112	25.00000
AD17	0	0	0.00000	0	AD_278_279_278_17c.avi	17112	25.00000
AD17	0	0	0.00000	0	AD_278_279_278_17d.avi	17100	25.00000
AD17	0	0	0.00000	0	AD_278_279_278_17e.avi	17100	25.00000
AD17	0	0	0.00000	0	AD_278_279_278_17f.avi	14496	25.00000
AD17	1	0	0.00000	0	AD_278_279_279_17a.avi	17375	25.00000
AD17	1	0	0.00000	0	AD_278_279_279_17b.avi	17112	25.00000
AD17	1	0	0.00000	0	AD_278_279_279_17c.avi	17112	25.00000
AD17	1	0	0.00000	0	AD_278_279_279_17d.avi	17100	25.00000
AD17	1	0	0.00000	0	AD_278_279_279_17e.avi	17100	25.00000
AD17	1	0	0.00000	0	AD_278_279_279_17f.avi	13476	25.00000
AD32	0	0	0.00000	0	AD_278_279_278_32a.avi	17399	25.00000
AD32	0	0	0.00000	0	AD_278_279_278_32b.avi	17112	25.00000
AD32	0	0	0.00000	0	AD_278_279_278_32c.avi	17112	25.00000
AD32	0	0	0.00000	0	AD_278_279_278_32d.avi	17100	25.00000
AD32	0	0	0.00000	0	AD_278_279_278_32e.avi	17112	25.00000
AD32	0	0	0.00000	0	AD_278_279_278_32f.avi	13140	25.00000
AD32	1	0	0.00000	0	AD_278_279_279_32a.avi	17399	25.00000
AD32	1	0	0.00000	0	AD_278_279_279_32b.avi	17112	25.00000
AD32	1	0	0.00000	0	AD_278_279_279_32c.avi	17112	25.00000
AD32	1	0	0.00000	0	AD_278_279_279_32d.avi	17100	25.00000
AD32	1	0	0.00000	0	AD_278_279_279_32e.avi	17100	25.00000
AD32	1	0	0.00000	0	AD_278_279_279_32f.avi	13764	25.00000
AD53	0	0	0.00000	0	AD_278_279_278_53a.avi	17351	25.00000
AD53	0	0	0.00000	0	AD_278_279_278_53b.avi	17124	25.00000
AD53	0	0	0.00000	0	AD_278_279_278_53c.avi	17100	25.00000
AD53	0	0	0.00000	0	AD_278_279_278_53d.avi	17100	25.00000
AD53	0	0	0.00000	0	AD_278_279_278_53e.avi	17100	25.00000
AD53	0	0	0.00000	0	AD_278_279_278_53f.avi	13932	25.00000
AD53	1	0	0.00000	0	AD_278_279_279_53a.avi	17315	25.00000
AD53	1	0	0.00000	0	AD_278_279_279_53b.avi	17172	25.00000
AD53	1	0	0.00000	0	AD_278_279_279_53c.avi	17100	25.00000
AD53	1	0	0.00000	0	AD_278_279_279_53d.avi	17100	25.00000
AD53	1	0	0.00000	0	AD_278_279_279_53e.avi	17088	25.00000
AD53	1	0	0.00000	0	AD_278_279_279_53f.avi	13356	25.00000
AD60	0	0	0.00000	0	AD_278_279_278_60a.avi	17207	25.00000
AD60	0	0	0.00000	0	AD_278_279_278_60b.avi	17232	25.00000
AD60	0	0	0.00000	0	AD_278_279_278_60c.avi	17124	25.00000
AD60	0	0	0.00000	0	AD_278_279_278_60d.avi	17100	25.00000
AD60	0	0	0.00000	0	AD_278_279_278_60e.avi	17088	25.00000
AD60	0	0	0.00000	0	AD_278_279_278_60f.avi	17088	25.00000
AD60	0	0	0.00000	0	AD_278_279_278_60g.avi	17088	25.00000
AD60	0	0	0.00000	0	AD_278_279_278_60h.avi	10068	25.00000
AD73	0	0	0.00000	0	AD_278_279_278_73a.avi	17387	25.00000
AD73	0	0	0.00000	0	AD_278_279_278_73b.avi	17112	25.00000
AD73	0	0	0.00000	0	AD_278_279_278_73c.avi	17112	25.00000
AD73	0	0	0.00000	0	AD_278_279_278_73d.avi	17112	25.00000
AD73	0	0	0.00000	0	AD_278_279_278_73e.avi	17100	25.00000
AD73	0	0	0.00000	0	AD_278_279_278_73f.avi	15780	25.00000
AD73	1	0	0.00000	0	AD_278_279_279_73a.avi	17387	25.00000
AD73	1	0	0.00000	0	AD_278_279_279_73b.avi	17112	25.00000
AD73	1	0	0.00000	0	AD_278_279_279_73c.avi	17112	25.00000
AD73	1	0	0.00000	0	AD_278_279_279_73d.avi	17112	25.00000
AD73	1	0	0.00000	0	AD_278_279_279_73e.avi	17112	25.00000
AD73	1	0	0.00000	0	AD_278_279_279_73f.avi	16452	25.00000
AD79	0	0	0.00000	0	AD_278_279_278_79a.avi	17315	25.00000
AD79	0	0	0.00000	0	AD_278_279_278_79b.avi	17184	25.00000
AD79	0	0	0.00000	0	AD_278_279_278_79c.avi	17112	25.00000
AD79	0	0	0.00000	0	AD_278_279_278_79d.avi	17112	25.00000
AD79	0	0	0.00000	0	AD_278_279_278_79e.avi	17112	25.00000
AD79	0	0	0.00000	0	AD_278_279_278_79f.avi	16584	25.00000
AD79	1	0	0.00000	0	AD_278_279_279_79a.avi	17291	25.00000
AD79	1	0	0.00000	0	AD_278_279_279_79b.avi	17196	25.00000
AD79	1	0	0.00000	0	AD_278_279_279_79c.avi	17112	25.00000
AD79	1	0	0.00000	0	AD_278_279_279_79d.avi	17112	25.00000
AD79	1	0	0.00000	0	AD_278_279_279_79e.avi	17112	25.00000
AD79	1	0	0.00000	0	AD_278_279_279_79f.avi	17100	25.00000
AD79	1	0	0.00000	0	AD_278_279_279_79g.avi	57	25.00000
AD55	0	0	0.00000	0	AD_278_279_279_55a.avi	17399	25.00000
AD55	0	0	0.00000	0	AD_278_279_279_55b.avi	17112	25.00000
AD55	0	0	0.00000	0	AD_278_279_279_55c.avi	17100	25.00000
AD55	0	0	0.00000	0	AD_278_279_279_55d.avi	17100	25.00000
AD55	0	0	0.00000	0	AD_278_279_279_55e.avi	17100	25.00000
AD55	0	0	0.00000	0	AD_278_279_279_55f.avi	14532	25.00000
