OpCode	ImagePtPair	Index	Lx	Ly	Rx	Ry
H1_1_1_Northern_20230914	0	0	866.79972	310.85112	986.02233	311.24069
H1_1_1_Northern_20230914	0	1	1007.48360	351.71960	1124.69644	354.78908
H1_1_1_Northern_20230914	1	0	684.66155	446.20347	974.06839	467.64268
H1_1_1_Northern_20230914	1	1	932.53315	365.80645	1252.75645	377.86600
H1_1_1_Northern_20230914	2	0	1179.06490	353.74690	1306.35031	360.44665
H1_1_1_Northern_20230914	2	1	1258.11584	179.55335	1424.25680	206.35236
H1_1_2_Northern_20230925	0	0	639.83111	368.74860	667.26237	345.84358
H1_1_2_Northern_20230925	0	1	880.39670	378.55307	930.45169	372.74302
H1_1_3_Northern_20230925	0	0	1733.76134	177.54342	1685.52687	233.15136
H1_1_3_Northern_20230925	0	1	1897.22261	125.95533	1839.60921	203.67246
H1_1_3_Northern_20230925	1	0	349.69993	599.66005	489.71389	633.76179
H1_1_3_Northern_20230925	1	1	113.21703	580.23077	245.19191	610.31266
H1_1_3_Northern_20230925	2	0	131.97488	68.33747	273.32868	45.55831
H1_1_3_Northern_20230925	2	1	386.54571	167.49380	528.56943	162.80397
H1_1_4_Northern_20230925	0	0	1857.02722	212.38213	1913.30077	323.80149
H1_1_4_Northern_20230925	0	1	1556.23168	233.82134	1650.69086	314.42184
H1_1_4_Northern_20230925	1	0	935.45150	402.41687	1453.06350	410.52854
H1_1_4_Northern_20230925	1	1	1252.99512	302.59057	1877.79484	345.54094
H1_1_4_Northern_20230925	2	0	1353.88765	358.38958	1473.16120	403.32010
H1_1_4_Northern_20230925	2	1	1513.99930	301.44169	1670.78856	363.79156
H1_2_1_Northern_20230925	0	0	111.11111	300.97802	45.85516	281.63014
H1_2_1_Northern_20230925	0	1	285.18519	403.34066	247.76579	400.72603
H1_2_1_Northern_20230925	1	0	545.55556	186.92308	608.05393	170.20548
H1_2_1_Northern_20230925	1	1	762.59259	278.15934	824.75655	275.24658
H1_2_3_Northern_20230925	0	0	937.13747	645.65012	1076.48918	637.55831
H1_2_3_Northern_20230925	0	1	1136.10468	536.44417	1270.09700	553.81141
H1_2_3_Northern_20230925	1	0	570.47941	166.15385	700.15701	168.16377
H1_2_3_Northern_20230925	1	1	707.81368	56.27792	856.91905	69.00744
H1_2_3_Northern_20230925	2	0	602.63573	387.66998	772.03419	405.34243
H1_2_3_Northern_20230925	2	1	416.39707	453.32754	566.36776	475.01985
H1_2_3_Northern_20230925	3	0	384.10956	221.31266	955.96930	226.45161
H1_2_3_Northern_20230925	3	1	896.60084	323.14888	1470.47034	344.36725
H2_1_1_Central_20230718	0	0	331.85185	511.74725	292.08629	526.98630
H2_1_1_Central_20230718	0	1	488.88889	562.92857	474.02773	572.10959
H2_1_2_Central_20230718	0	0	329.03771	708.66480	221.39906	709.22905
H2_1_2_Central_20230718	0	1	255.51296	381.49162	165.42498	331.42458
H2_1_2_Central_20230718	1	0	1597.11312	624.84916	1664.82325	633.03352
H2_1_2_Central_20230718	1	1	1763.42655	417.40223	1818.94737	470.10615
H2_1_2_Central_20230718	2	0	1517.91673	264.54749	1504.51532	305.49721
H2_1_2_Central_20230718	2	1	1812.66300	158.85475	1796.57502	238.36872
H2_1_2_Central_20230718	3	0	705.80676	411.20670	642.62529	391.52514
H2_1_2_Central_20230718	3	1	839.53810	334.27933	793.70149	319.62570
H2_1_3_Central_20230718	0	0	1362.10413	417.85286	1482.63400	446.34605
H2_1_3_Central_20230718	0	1	1681.85911	374.44687	1795.03828	410.29700
H2_1_3_Central_20230718	1	0	967.35069	403.16076	1350.01378	428.03815
H2_1_3_Central_20230718	1	1	1352.52680	217.76567	1734.02757	265.72480
H2_1_3_Central_20230718	2	0	616.76723	70.62670	795.66003	72.83379
H2_1_3_Central_20230718	2	1	903.44410	162.58856	1083.80704	187.60218
H2_1_3_Central_20230718	3	0	1550.68913	425.71662	1516.04747	458.79564
H2_1_3_Central_20230718	3	1	1714.60949	313.89101	1663.06126	354.32698
H2_1_4_Central_20230718	0	0	488.95712	97.36512	510.53446	31.89918
H2_1_4_Central_20230718	0	1	649.20214	189.57221	663.42879	160.89101
H2_2_2_Central_20230718	0	0	452.19246	295.77095	547.79969	254.13966
H2_2_2_Central_20230718	0	1	656.30872	314.37430	746.63708	288.83240
H2_2_2_Central_20230718	1	0	188.98822	364.96089	262.65279	316.08380
H2_2_2_Central_20230718	1	1	465.64101	460.22905	611.16261	431.23464
H2_2_3_Central_20230718	0	0	1342.00306	242.52589	1385.92802	282.79019
H2_2_3_Central_20230718	0	1	1516.94946	305.05995	1563.81470	343.85286
H2_2_4_Central_20230718	0	0	1604.65544	141.25341	1596.56968	233.47411
H2_2_4_Central_20230718	0	1	1864.86983	44.14169	1831.05666	181.23978
H2_2_4_Central_20230718	1	0	136.72282	662.84469	141.13323	621.24523
H2_2_4_Central_20230718	1	1	318.28484	515.70572	341.07198	472.63488
H4_1_1_SplitBommie_20230713	0	0	1491.85185	408.45604	1534.01387	410.01370
H4_1_1_SplitBommie_20230713	0	1	1649.62963	419.58242	1672.31895	415.93151
H4_1_2_SplitBommie_20230713	0	0	158.95208	499.90503	186.27101	465.15642
H4_1_2_SplitBommie_20230713	0	1	352.00786	538.62011	428.07620	517.25140
H4_1_2_SplitBommie_20230713	1	0	1420.54595	358.55307	1352.35585	378.43575
H4_1_2_SplitBommie_20230713	1	1	1905.42027	266.99441	1790.54203	326.02793
H4_1_2_SplitBommie_20230713	2	0	967.58130	557.67039	953.08405	555.95531
H4_1_2_SplitBommie_20230713	2	1	1105.83739	514.68156	1085.30715	512.71508
H4_1_3_SplitBommie_20230713	0	0	721.25268	754.49591	1055.14548	783.18801
H4_1_3_SplitBommie_20230713	0	1	1037.33231	725.80381	1385.92649	741.25341
H4_1_3_SplitBommie_20230713	1	0	666.42420	626.25886	717.75651	653.73025
H4_1_3_SplitBommie_20230713	1	1	864.89280	471.02725	929.45636	494.82016
H4_1_3_SplitBommie_20230713	2	0	169.72282	613.43869	93.35375	651.72480
H4_1_3_SplitBommie_20230713	2	1	368.92649	610.49591	328.57580	644.36785
H4_1_4_SplitBommie_20230713	0	0	887.42420	405.79564	1058.08116	406.19619
H4_1_4_SplitBommie_20230713	0	1	1116.03063	346.20436	1271.25115	370.14714
H4_1_4_SplitBommie_20230713	1	0	943.02144	558.57493	1016.04747	565.53134
H4_1_4_SplitBommie_20230713	1	1	1145.90046	526.20436	1224.80704	541.98910
H4_1_4_SplitBommie_20230713	2	0	1552.03982	552.40327	1523.95406	595.16076
H4_1_4_SplitBommie_20230713	2	1	1726.98622	542.83924	1683.46401	593.68937
H4_1_4_SplitBommie_20230713	3	0	122.02144	557.04632	243.43951	501.29700
H4_1_4_SplitBommie_20230713	3	1	320.49005	570.28883	487.48239	526.31063
H4_1_4_SplitBommie_20230713	4	0	1345.49923	184.26703	1438.37213	240.28883
H4_1_4_SplitBommie_20230713	4	1	1542.49770	153.36785	1625.81470	232.19619
H4_2_1_SplitBommie_20230801	0	0	113.94658	477.84358	162.66771	491.79330
H4_2_1_SplitBommie_20230801	0	1	336.66457	526.36313	399.46269	540.81564
H4_2_2_SplitBommie_20230801	0	0	335.67075	283.33243	315.19296	229.09264
H4_2_2_SplitBommie_20230801	0	1	500.32619	355.43052	503.37060	326.94005
H4_2_2_SplitBommie_20230801	1	0	1587.01378	683.64033	1493.89433	691.03270
H4_2_2_SplitBommie_20230801	1	1	1775.92649	749.11717	1648.99387	741.79564
H4_2_3_SplitBommie_20230801	0	0	971.57581	596.39665	955.68028	620.69832
H4_2_3_SplitBommie_20230801	0	1	1106.31265	635.36313	1082.62451	656.89944
H4_2_3_SplitBommie_20230801	1	0	876.46740	270.36313	921.78162	294.02793
H4_2_3_SplitBommie_20230801	1	1	1112.83582	324.68156	1135.70149	356.87709
H4_2_3_SplitBommie_20230801	2	0	618.06913	490.16760	766.83818	513.48045
H4_2_3_SplitBommie_20230801	2	1	818.66614	402.17877	984.02592	425.49162
H4_2_3_SplitBommie_20230801	3	0	922.38885	540.86592	929.18303	568.43575
H4_2_3_SplitBommie_20230801	3	1	1072.45954	502.65363	1081.76748	522.43017
H4_2_3_SplitBommie_20230801	4	0	945.41084	498.17318	864.20896	525.88268
H4_2_3_SplitBommie_20230801	4	1	1175.67007	519.03911	1091.45169	542.72626
H4_2_3_SplitBommie_20230801	5	0	917.92773	495.82682	1178.20660	519.85475
H4_2_3_SplitBommie_20230801	5	1	1007.54988	656.65922	1241.05027	675.46927
H4_2_3_SplitBommie_20230801	6	0	642.83582	332.27933	1171.30086	350.01117
H4_2_3_SplitBommie_20230801	6	1	1008.01178	302.59218	1491.24352	333.98883
H4_2_3_SplitBommie_20230801	7	0	1109.25295	510.06145	968.20896	536.35196
H4_2_3_SplitBommie_20230801	7	1	1308.09034	491.96089	1158.49961	510.20670
H4_2_4_SplitBommie_20230801	0	0	1277.62940	574.30245	1310.54364	602.05995
H4_2_4_SplitBommie_20230801	0	1	1456.98622	522.06812	1491.37060	561.59673
H4_2_4_SplitBommie_20230801	1	0	1197.68913	343.40327	1265.25268	377.95368
H4_2_4_SplitBommie_20230801	1	1	1390.27718	370.62398	1449.01991	420.62398
O1_1_1_Bullocky_20230713	0	0	1333.81717	210.53598	1225.83880	214.88337
O1_1_1_Bullocky_20230713	0	1	1502.63782	312.37221	1381.93091	312.69975
O1_1_1_Bullocky_20230713	1	0	558.71598	167.49380	503.78227	140.69479
O1_1_1_Bullocky_20230713	1	1	707.43894	325.60794	694.04047	313.54839
O1_1_1_Bullocky_20230713	2	0	243.85206	324.26799	289.40684	321.58809
O1_1_1_Bullocky_20230713	2	1	439.46964	420.74442	490.38381	435.48387
O1_1_1_Bullocky_20230713	3	0	702.97348	178.21340	750.38381	166.82382
O1_1_1_Bullocky_20230713	3	1	801.45220	225.78164	861.59107	218.41191
O1_1_1_Bullocky_20230713	4	0	1339.28402	467.68983	1284.28402	459.20099
O1_1_1_Bullocky_20230713	4	1	1445.80181	478.40943	1386.78227	470.59057
O1_1_2_Bullocky_20230713	0	0	264.66536	304.15642	92.36135	224.82682
O1_1_2_Bullocky_20230713	0	1	526.18460	466.70391	408.45954	432.98883
O1_1_2_Bullocky_20230713	1	0	404.62687	739.81006	338.29851	735.60894
O1_1_2_Bullocky_20230713	1	1	513.93009	592.36872	486.34564	575.61453
O1_1_2_Bullocky_20230713	2	0	302.94815	651.76536	158.67086	636.73184
O1_1_2_Bullocky_20230713	2	1	448.99686	523.05028	341.70935	492.44134
O1_1_3_Bullocky_20230713	0	0	1038.47626	473.42507	1127.56968	496.34605
O1_1_3_Bullocky_20230713	0	1	1198.72129	452.08992	1278.25881	480.89646
O1_1_3_Bullocky_20230713	1	0	380.70444	677.93188	509.43185	718.13896
O1_1_3_Bullocky_20230713	1	1	626.95253	658.80381	743.18377	693.12534
O1_1_3_Bullocky_20230713	2	0	1512.22665	455.79564	1421.96172	483.16076
O1_1_3_Bullocky_20230713	2	1	1748.91884	452.85286	1614.54977	479.48229
O1_1_4_Bullocky_20230713	0	0	117.61103	555.05995	62.48086	498.18801
O1_1_4_Bullocky_20230713	0	1	335.92649	448.38420	345.48239	395.19074
O1_1_4_Bullocky_20230713	1	0	333.56968	746.23161	255.12557	725.57493
O1_1_4_Bullocky_20230713	1	1	476.17305	719.01090	432.27718	702.76839
O1_1_4_Bullocky_20230713	2	0	1419.75651	520.28065	1587.01378	558.43052
O1_1_4_Bullocky_20230713	2	1	1675.56049	400.36240	1878.83614	467.20436
O1_2_1_Bullocky_20230713	0	0	388.32772	204.01090	655.21593	204.68937
O1_2_1_Bullocky_20230713	0	1	666.91884	218.72480	888.23277	216.46049
O1_2_2_Bullocky_20230713	0	0	1358.93166	310.72626	1396.63786	337.87709
O1_2_2_Bullocky_20230713	0	1	1538.41320	377.09497	1527.85546	401.22905
O1_2_3_Bullocky_20230713	0	0	532.47320	466.06812	569.37979	490.11717
O1_2_3_Bullocky_20230713	0	1	766.22511	444.73297	832.53446	463.63215
O1_2_3_Bullocky_20230713	1	0	575.00613	147.98910	604.40582	142.52589
O1_2_3_Bullocky_20230713	1	1	719.81470	202.43052	754.35988	212.41689
O1_2_4_Bullocky_20230713	0	0	1397.66003	27.22071	1486.97703	94.90463
O1_2_4_Bullocky_20230713	0	1	1691.68760	19.86376	1761.89280	133.89646
O2_1_1_Patch_20230804	0	0	1258.89433	379.59673	1396.11485	388.11172
O2_1_1_Patch_20230804	0	1	1505.87749	432.56676	1675.44104	439.61035
O2_1_2_Patch_20230804	0	0	1011.08798	371.42458	1102.95208	374.04469
O2_1_2_Patch_20230804	0	1	1268.74705	216.56425	1328.93794	244.07263
O2_1_2_Patch_20230804	1	0	1338.58680	384.43575	1342.85467	402.90503
O2_1_2_Patch_20230804	1	1	1495.69599	403.03911	1514.29222	431.06145
O2_1_2_Patch_20230804	2	0	250.84368	249.41341	197.60173	172.88268
O2_1_2_Patch_20230804	2	1	479.84603	276.56425	449.73056	227.18436
O2_1_2_Patch_20230804	3	0	966.17753	465.85475	1099.23095	465.00000
O2_1_2_Patch_20230804	3	1	1145.65907	390.18436	1277.70699	402.90503
O2_1_3_Patch_20230804	0	0	1217.53599	361.46049	1284.06585	390.51771
O2_1_3_Patch_20230804	0	1	1352.78867	346.01090	1420.05360	378.74659
O2_1_3_Patch_20230804	1	0	436.86830	130.21798	498.39051	125.29700
O2_1_3_Patch_20230804	1	1	697.08270	141.25341	739.49311	152.51771
O2_1_4_Patch_20230804	0	0	443.84533	397.08174	476.45789	352.54496
O2_1_4_Patch_20230804	0	1	562.19142	305.85559	614.65084	265.73297
O2_2_1_Patch_20230804	0	0	466.78254	290.01090	494.73047	283.50409
O2_2_1_Patch_20230804	0	1	646.87443	315.76022	693.19908	315.87466
O2_2_1_Patch_20230804	1	0	694.25268	254.23978	720.73047	253.67575
O2_2_1_Patch_20230804	1	1	863.31853	300.58856	905.96784	302.23161
O2_2_1_Patch_20230804	2	0	1358.51761	316.69482	1312.27106	325.03815
O2_2_1_Patch_20230804	2	1	1509.94181	218.84741	1450.46401	231.60490
O2_2_1_Patch_20230804	3	0	217.95406	89.75477	319.20061	61.79837
O2_2_1_Patch_20230804	3	1	387.75498	158.17439	469.15467	141.98910
O2_2_2_Patch_20230804	0	0	1498.95758	589.17318	1484.94658	594.39665
O2_2_2_Patch_20230804	0	1	1754.10291	594.95531	1734.05892	607.97207
O2_2_2_Patch_20230804	1	0	305.48390	602.70950	114.55931	577.35196
O2_2_2_Patch_20230804	1	1	429.41163	666.56425	282.47761	649.00000
O2_2_2_Patch_20230804	2	0	1329.65986	877.55307	1299.85467	863.89385
O2_2_2_Patch_20230804	2	1	1547.92066	923.51397	1515.28280	896.07263
O2_2_2_Patch_20230804	3	0	228.62372	456.93296	162.57423	406.09497
O2_2_2_Patch_20230804	3	1	459.13433	545.92737	396.10134	525.75978
O2_2_2_Patch_20230804	4	0	1103.36842	919.58101	1053.85467	908.53073
O2_2_2_Patch_20230804	4	1	1240.36764	952.51397	1202.16575	936.68715
O2_2_2_Patch_20230804	5	0	282.79733	120.10056	446.78633	56.31285
O2_2_2_Patch_20230804	5	1	577.01021	103.52514	802.91280	72.15084
O2_2_2_Patch_20230804	6	0	390.19717	435.39665	367.61980	399.89385
O2_2_2_Patch_20230804	6	1	602.18460	476.70391	597.62765	456.70950
O2_2_3_Patch_20230804	0	0	1055.39816	429.00272	983.10720	448.94550
O2_2_3_Patch_20230804	0	1	1216.37825	373.82561	1142.61715	402.59673
O2_2_3_Patch_20230804	1	0	855.93874	631.37330	899.26340	657.01635
O2_2_3_Patch_20230804	1	1	943.41194	498.94823	980.85605	527.53406
O2_2_3_Patch_20230804	2	0	1218.01378	582.73842	1243.27871	597.56676
O2_2_3_Patch_20230804	2	1	1373.84839	502.54768	1407.19908	523.99728
O2_2_4_Patch_20230804	0	0	636.70750	711.37330	580.39051	701.80926
O2_2_4_Patch_20230804	0	1	740.35222	581.15531	690.65084	570.11989
O2_2_4_Patch_20230804	1	0	109.52527	832.50954	30.13783	816.86649
O2_2_4_Patch_20230804	1	1	277.12098	753.05450	224.93109	732.26158
O2_2_4_Patch_20230804	2	0	1327.22665	152.28883	1327.01378	209.53134
O2_2_4_Patch_20230804	2	1	1520.54977	52.97003	1502.69525	141.84741
O2_2_4_Patch_20230804	3	0	74.97703	849.26703	21.58193	832.79564
O2_2_4_Patch_20230804	3	1	318.28484	804.38965	297.96784	786.44687
O2_2_4_Patch_20230804	4	0	409.13323	335.64578	431.26034	283.38965
O2_2_4_Patch_20230804	4	1	605.39663	321.66757	642.22511	287.80381
O4_1_1_BroomsHead_20230927	0	0	302.25926	428.15385	339.74114	435.69863
O4_1_1_BroomsHead_20230927	0	1	514.85185	362.87912	554.22496	360.24658
O4_1_2_BroomsHead_20230927	0	0	1297.12019	246.60335	1370.93559	275.43575
O4_1_2_BroomsHead_20230927	0	1	1641.43362	79.81006	1760.11076	158.74860
O4_1_2_BroomsHead_20230927	1	0	731.27101	458.93296	715.79576	443.21229
O4_1_2_BroomsHead_20230927	1	1	882.34721	354.60335	876.67557	343.65922
O4_1_3_BroomsHead_20230927	0	0	1306.94675	579.31579	1304.21893	599.36842
O4_1_3_BroomsHead_20230927	0	1	1157.83432	612.00000	1155.10651	634.89474
O4_2_1_BroomsHead_20230927	0	0	810.14815	546.36813	861.64869	558.41096
O4_2_1_BroomsHead_20230927	0	1	964.22222	630.18681	1036.93374	633.12329
O4_2_2_BroomsHead_20230927	0	0	384.68421	333.55307	448.40141	290.36313
O4_2_2_BroomsHead_20230927	0	1	656.42027	385.08939	703.05420	365.91620
O4_2_3_BroomsHead_20230927	0	0	327.28637	63.26975	282.53599	33.84196
O4_2_3_BroomsHead_20230927	0	1	577.94487	221.44414	529.51914	221.44414
O4_2_4_BroomsHead_20230927	0	0	1347.87749	442.65940	1316.30781	476.24523
O4_2_4_BroomsHead_20230927	0	1	1499.30168	444.13079	1442.24962	490.46866
S1_1_1_Northern_20230925 	0	0	1117.58479	422.80149	1273.52408	430.98015
S1_1_1_Northern_20230925 	0	1	1323.92114	480.41935	1484.54990	481.22829
S1_1_1_Northern_20230925 	1	0	406.47732	93.12655	468.12561	66.99752
S1_1_1_Northern_20230925 	1	1	608.12421	235.83127	693.21982	229.80149
S1_1_1_Northern_20230925 	2	0	946.65318	246.47146	1025.64550	248.47146
S1_1_1_Northern_20230925 	2	1	1102.74529	324.18859	1183.74738	333.55831
S1_1_1_Northern_20230925 	3	0	776.23517	129.30521	647.90509	111.88586
S1_1_1_Northern_20230925 	3	1	877.39358	168.83375	752.41312	154.76427
S1_1_1_Northern_20230925 	4	0	725.31333	146.05459	719.67271	140.69479
S1_1_1_Northern_20230925 	4	1	857.28821	231.14144	851.64759	227.79156
S1_1_1_Northern_20230925 	5	0	577.60433	121.26551	490.04187	101.83623
S1_1_1_Northern_20230925 	5	1	680.10258	156.77419	603.92882	139.35484
S1_1_2_Northern_20230925	0	0	198.33700	498.26257	256.77062	470.13408
S1_1_2_Northern_20230925	0	1	558.87824	486.13966	598.55145	463.75419
S1_1_2_Northern_20230925	1	0	472.46033	467.45251	245.03614	433.49721
S1_1_2_Northern_20230925	1	1	674.06284	489.32402	491.82325	472.04469
S1_1_2_Northern_20230925	2	0	243.24352	592.55307	50.70621	566.75978
S1_1_2_Northern_20230925	2	1	382.75648	589.03352	239.99136	568.51955
S1_1_2_Northern_20230925	3	0	976.86410	464.82682	970.26237	465.06145
S1_1_2_Northern_20230925	3	1	1157.85389	440.18994	1132.14768	441.68156
S1_1_3_Northern_20230925	0	0	937.46546	65.65757	976.14724	87.09677
S1_1_3_Northern_20230925	0	1	1145.14166	198.98263	1175.78437	235.83127
S1_1_3_Northern_20230925	1	0	560.03419	312.06948	618.77251	323.53102
S1_1_3_Northern_20230925	1	1	364.41661	273.88089	405.06699	279.98263
S1_1_3_Northern_20230925	2	0	1209.33287	377.00993	1286.08095	405.90074
S1_1_3_Northern_20230925	2	1	1434.42708	416.53846	1490.40754	443.41935
S1_1_3_Northern_20230925	3	0	486.36427	221.76179	615.77460	233.74194
S1_1_3_Northern_20230925	3	1	276.67830	214.39206	410.77809	210.96278
S1_1_3_Northern_20230925	4	0	1027.25680	309.63027	1127.38381	336.00993
S1_1_3_Northern_20230925	4	1	794.79344	341.11911	929.75645	360.79901
S1_1_4_Northern_20230925	0	0	855.42289	223.52357	937.38381	214.39206
S1_1_4_Northern_20230925	0	1	823.26657	382.97767	885.79972	372.50620
S1_1_4_Northern_20230925	1	0	744.95464	643.00248	1221.93999	631.11663
S1_1_4_Northern_20230925	1	1	245.86183	716.02978	694.04047	687.39454
S1_1_4_Northern_20230925	2	0	529.89532	925.23573	474.08863	935.28536
S1_1_4_Northern_20230925	2	1	690.00698	807.99007	653.62805	803.30025
S1_2_1_Northern_20230809	0	0	310.48392	373.14714	250.03982	378.29700
S1_2_1_Northern_20230809	0	1	452.35222	432.00272	419.84074	437.88828
S1_2_1_Northern_20230809	1	0	567.06585	488.28338	502.30475	496.80381
S1_2_1_Northern_20230809	1	1	694.23277	567.73842	638.29250	576.99455
S1_2_1_Northern_20230809	2	0	297.43185	490.18256	493.24502	515.83924
S1_2_1_Northern_20230809	2	1	533.38897	511.51771	698.32925	529.08174
S1_2_1_Northern_20230809	3	0	483.34609	553.36785	578.49923	573.26158
S1_2_1_Northern_20230809	3	1	684.75498	585.73842	796.81470	600.48229
S1_2_1_Northern_20230809	4	0	531.65237	452.03270	700.49158	469.57493
S1_2_1_Northern_20230809	4	1	791.86677	502.79564	916.60184	511.50954
S1_2_1_Northern_20230809	5	0	331.79786	244.76022	661.05513	253.76022
S1_2_1_Northern_20230809	5	1	620.67994	208.71117	958.02297	222.86104
S1_2_1_Northern_20230809	6	0	557.94640	293.20436	700.73354	298.95368
S1_2_1_Northern_20230809	6	1	750.53446	363.09537	852.89280	371.78747
S1_2_1_Northern_20230809	7	0	782.25268	195.18256	959.68913	202.57493
S1_2_1_Northern_20230809	7	1	964.54977	206.95368	1115.52374	216.55313
S1_2_1_Northern_20230809	8	0	158.21899	89.75477	424.49158	75.77657
S1_2_1_Northern_20230809	8	1	408.14242	186.86649	645.01225	186.13079
S1_2_1_Northern_20230809	9	0	489.07351	438.08174	725.95100	453.33787
S1_2_1_Northern_20230809	9	1	811.03369	376.28338	1088.33997	379.76839
S1_2_1_Northern_20230809	10	0	841.55130	322.71935	927.13323	328.89101
S1_2_1_Northern_20230809	10	1	1060.60184	466.91553	1127.07198	477.50136
S1_2_2_Northern_20230809	0	0	587.62372	130.60894	622.17046	83.46369
S1_2_2_Northern_20230809	0	1	785.70699	76.05587	839.35821	46.25698
S1_2_2_Northern_20230809	1	0	682.91516	354.58101	941.14690	340.89385
S1_2_2_Northern_20230809	1	1	930.58916	188.54749	1251.84603	200.61453
S1_2_2_Northern_20230809	2	0	394.58680	583.38547	668.42184	576.89944
S1_2_2_Northern_20230809	2	1	599.43755	415.05028	864.57345	406.94972
S1_2_3_Northern_20230809	0	0	1301.78254	573.74114	1437.33844	589.98365
S1_2_3_Northern_20230809	0	1	1473.78867	698.07357	1611.54977	709.16621
S1_2_3_Northern_20230809	1	0	902.84533	569.78202	1325.69219	590.34605
S1_2_3_Northern_20230809	1	1	1159.52374	426.84741	1581.09495	455.63215
S1_2_3_Northern_20230809	2	0	1568.78254	565.16621	1443.24502	584.94550
S1_2_3_Northern_20230809	2	1	1766.51608	467.31880	1607.16539	490.77657
S1_2_3_Northern_20230809	3	0	1625.44257	593.94550	1513.12557	610.18801
S1_2_3_Northern_20230809	3	1	1795.24349	483.59128	1651.31853	506.45504
S1_2_4_Northern_20230809	0	0	1117.41654	248.97275	1242.55436	274.24523
S1_2_4_Northern_20230809	0	1	1257.81470	111.39782	1385.15773	164.62670
S1_2_4_Northern_20230809	1	0	1119.18530	238.98910	1473.81317	274.64578
S1_2_4_Northern_20230809	1	1	1414.68300	209.56131	1768.57580	268.76022
S1_2_4_Northern_20230809	2	0	864.27871	554.58038	1104.79786	552.31608
S1_2_4_Northern_20230809	2	1	1081.12404	430.24796	1304.73660	447.11172
S1_2_4_Northern_20230809	3	0	896.48698	329.81744	1237.78714	328.74659
S1_2_4_Northern_20230809	3	1	1322.22971	331.86104	1652.36600	367.00272
S3_1_1_Butterfly_20230718	0	0	792.96296	555.54396	877.58552	558.09589
S3_1_1_Butterfly_20230718	0	1	1079.62963	480.62637	1145.32049	475.98630
S3_1_1_Butterfly_20230718	1	0	817.70370	423.22527	906.06471	422.61644
S3_1_1_Butterfly_20230718	1	1	1041.40741	459.57143	1119.06934	454.42466
S3_1_1_Butterfly_20230718	2	0	994.29630	577.17033	1191.99230	582.58904
S3_1_1_Butterfly_20230718	2	1	1239.48148	492.60989	1424.96610	492.34247
S3_1_2_Butterfly_20230718	0	0	1363.38492	886.27374	1364.50432	864.48045
S3_1_2_Butterfly_20230718	0	1	1551.41320	871.94413	1549.76748	849.64804
S3_1_2_Butterfly_20230718	1	0	408.03299	605.81006	361.84211	592.93855
S3_1_2_Butterfly_20230718	1	1	675.24430	580.41899	626.79104	555.48045
S3_1_3_Butterfly_20230718	0	0	635.62634	339.58311	1139.66003	357.18256
S3_1_3_Butterfly_20230718	0	1	934.79939	390.34605	1445.44870	415.30245
S3_1_3_Butterfly_20230718	1	0	465.26799	446.00272	787.71210	467.28883
S3_1_3_Butterfly_20230718	1	1	710.04594	417.31063	1047.19142	436.38965
S3_1_3_Butterfly_20230718	2	0	20.58193	443.63215	653.46095	458.88283
S3_1_3_Butterfly_20230718	2	1	711.42726	444.13896	1178.60643	455.51771
S3_1_4_Butterfly_20230718	0	0	766.36447	433.58856	840.35375	425.09537
S3_1_4_Butterfly_20230718	0	1	986.88515	351.92643	1063.81470	362.56131
S3_1_4_Butterfly_20230718	1	0	106.58499	454.55313	112.40276	380.47411
S3_1_4_Butterfly_20230718	1	1	287.41194	414.82561	340.27412	357.66757
S3_1_4_Butterfly_20230718	2	0	1138.07351	409.10899	1188.84992	431.26703
S3_1_4_Butterfly_20230718	2	1	1317.43032	363.49591	1369.67688	406.98910
S3_1_4_Butterfly_20230718	3	0	255.75651	709.19619	224.76417	677.08174
S3_1_4_Butterfly_20230718	3	1	476.27718	688.59673	449.69525	671.93188
S3_1_4_Butterfly_20230718	4	0	780.74885	282.05450	816.06279	270.28338
S3_1_4_Butterfly_20230718	4	1	969.66156	339.43869	1020.41194	343.85286
S3_1_4_Butterfly_20230718	5	0	580.22665	480.21798	609.02910	454.78202
S3_1_4_Butterfly_20230718	5	1	777.96018	475.80381	839.10567	465.81744
S3_1_4_Butterfly_20230718	6	0	1325.37979	566.15259	1351.60337	596.79564
S3_1_4_Butterfly_20230718	6	1	1520.90812	492.58311	1552.27718	539.41144
S3_1_4_Butterfly_20230718	7	0	384.99541	579.85286	373.53599	543.68937
S3_1_4_Butterfly_20230718	7	1	605.51608	501.13351	596.26187	486.30518
S3_1_4_Butterfly_20230718	8	0	131.32006	424.70300	44.10413	347.47411
S3_1_4_Butterfly_20230718	8	1	383.44870	351.86921	344.74732	295.23978
S3_1_4_Butterfly_20230718	9	0	865.47626	457.86649	855.77489	454.18801
S3_1_4_Butterfly_20230718	9	1	1040.42266	326.17711	1028.51608	334.26975
S3_1_4_Butterfly_20230718	10	0	1050.01072	513.07357	1124.26799	526.96730
S3_1_4_Butterfly_20230718	10	1	1328.60184	460.10354	1401.38897	498.27520
S3_1_4_Butterfly_20230718	11	0	1129.95865	590.31608	1222.61868	609.45232
S3_1_4_Butterfly_20230718	11	1	1383.55743	493.20436	1513.70597	532.94005
S3_2_1_Butterfly_20230718	0	0	860.51852	479.42308	803.67026	481.63014
S3_2_1_Butterfly_20230718	0	1	1036.81481	498.70879	993.00770	494.94521
S3_2_1_Butterfly_20230718	1	0	799.70370	485.39011	822.61633	488.53425
S3_2_1_Butterfly_20230718	1	1	1047.85185	508.38462	1100.70570	507.02740
S3_2_1_Butterfly_20230718	2	0	1811.11111	653.28571	1845.30046	635.21918
S3_2_1_Butterfly_20230718	2	1	1576.29630	552.40659	1606.40986	545.71233
S3_2_1_Butterfly_20230718	3	0	1138.22222	288.51099	1136.64715	289.57534
S3_2_1_Butterfly_20230718	3	1	1344.88889	313.73077	1324.50539	313.98630
S3_2_1_Butterfly_20230718	4	0	1235.51852	518.42308	1298.65794	512.23288
S3_2_1_Butterfly_20230718	4	1	1419.22222	579.24725	1490.21418	569.93151
S3_2_1_Butterfly_20230718	5	0	1015.25926	524.97253	1097.61787	530.76712
S3_2_1_Butterfly_20230718	5	1	1187.11111	556.86813	1261.06934	554.43836
S3_2_2_Butterfly_20230718	0	0	643.14454	136.05587	669.86567	95.53073
S3_2_2_Butterfly_20230718	0	1	807.04085	114.68715	878.00393	103.82682
S3_2_2_Butterfly_20230718	1	0	507.21603	467.90503	567.92616	451.68156
S3_2_2_Butterfly_20230718	1	1	655.05420	292.40782	716.95679	267.77654
S3_2_3_Butterfly_20230718	0	0	153.50689	596.28883	248.22665	636.64578
S3_2_3_Butterfly_20230718	0	1	477.67228	576.42507	560.63093	608.68937
S3_2_3_Butterfly_20230718	1	0	279.47320	194.39782	375.79786	188.19891
S3_2_3_Butterfly_20230718	1	1	502.19908	295.92371	598.52374	304.43869
S3_2_4_Butterfly_20230718	0	0	1461.13017	345.39237	1562.16692	409.33515
S3_2_4_Butterfly_20230718	0	1	1653.71822	494.73842	1706.24043	554.26703
S3_2_4_Butterfly_20230718	1	0	186.13323	290.43324	418.80858	217.00272
S3_2_4_Butterfly_20230718	1	1	414.73966	241.14169	702.54518	186.10354
S4_1_1_40Acres_20230713	0	0	380.46554	429.16621	181.14089	433.86649
S4_1_1_40Acres_20230713	0	1	620.09801	304.09809	476.63859	294.82016
S4_1_1_40Acres_20230713	1	0	890.75651	403.64578	872.54364	390.12534
S4_1_1_40Acres_20230713	1	1	1053.94181	379.36785	1032.05360	373.94005
S4_1_2_40Acres_20230713	0	0	375.62529	566.63128	275.64022	537.36313
S4_1_2_40Acres_20230713	0	1	549.32522	605.09497	489.30872	585.88268
S4_1_2_40Acres_20230713	1	0	703.10055	402.70950	945.52474	396.38547
S4_1_2_40Acres_20230713	1	1	976.23959	336.36872	1219.02042	343.84358
S4_1_2_40Acres_20230713	2	0	181.55381	340.43575	65.83268	266.79330
S4_1_2_40Acres_20230713	2	1	530.69442	243.22346	481.28908	191.38547
S4_1_3_40Acres_20230713	0	0	152.89433	457.15531	80.85758	465.11172
S4_1_3_40Acres_20230713	0	1	266.83002	623.42234	183.62940	659.08174
S4_1_3_40Acres_20230713	1	0	648.68913	381.94823	644.77489	401.58311
S4_1_3_40Acres_20230713	1	1	780.26646	484.94550	780.76263	503.10899
S4_1_3_40Acres_20230713	2	0	507.52527	531.21253	451.60337	559.84741
S4_1_3_40Acres_20230713	2	1	649.39357	613.61035	611.11332	642.98093
S4_1_3_40Acres_20230713	3	0	337.74119	430.73297	312.49158	447.05450
S4_1_3_40Acres_20230713	3	1	536.20980	546.97275	530.07198	577.27248
S4_1_4_40Acres_20230713	0	0	1407.89127	425.49864	1371.01378	471.47684
S4_1_4_40Acres_20230713	0	1	1587.24809	557.18801	1521.70291	602.43052
S4_2_1_40Acres_20230801	0	0	1138.55224	262.96648	1243.32286	268.06145
S4_2_1_40Acres_20230801	0	1	1606.83425	337.18994	1711.61744	345.53631
S4_2_1_40Acres_20230801	1	0	880.56088	453.62570	977.37785	456.06704
S4_2_1_40Acres_20230801	1	1	1060.04242	438.54190	1163.14375	434.19553
S4_2_1_40Acres_20230801	2	0	715.17046	235.41899	869.97408	234.86592
S4_2_1_40Acres_20230801	2	1	893.64650	228.12849	1075.09584	230.59218
S4_2_1_40Acres_20230801	3	0	702.98115	557.21229	830.16496	567.93855
S4_2_1_40Acres_20230801	3	1	858.83346	584.61453	1022.71799	590.31285
S4_2_1_40Acres_20230801	4	0	1215.37942	128.18436	1246.29301	134.58659
S4_2_1_40Acres_20230801	4	1	1380.78397	84.69274	1395.60958	99.13966
S4_2_1_40Acres_20230801	5	0	237.12647	518.72626	297.93716	539.45810
S4_2_1_40Acres_20230801	5	1	401.02278	552.16201	468.87196	562.83799
S4_2_1_40Acres_20230801	6	0	593.97015	92.30168	690.69678	72.20112
S4_2_1_40Acres_20230801	6	1	726.69599	169.73184	859.62058	162.20112
S4_2_1_40Acres_20230801	7	0	1279.70228	682.11173	1328.83268	668.38547
S4_2_1_40Acres_20230801	7	1	1454.40770	625.79888	1498.76198	608.30168
S4_2_2_40Acres_20230801	0	0	161.51761	499.37330	94.82389	458.53951
S4_2_2_40Acres_20230801	0	1	489.35835	420.65395	451.33231	390.11989
S4_2_2_40Acres_20230801	1	0	446.56202	574.83924	833.03216	563.72480
S4_2_2_40Acres_20230801	1	1	846.98315	464.51771	1268.28178	473.59673
S4_2_2_40Acres_20230801	2	0	841.52067	362.76022	961.79020	360.72480
S4_2_2_40Acres_20230801	2	1	1089.23890	335.53951	1237.44104	345.27520
S4_2_2_40Acres_20230801	3	0	707.54364	402.51771	784.60337	382.02452
S4_2_2_40Acres_20230801	3	1	923.65391	412.81744	1008.79939	401.88828
S4_2_2_40Acres_20230801	4	0	1262.47626	608.56676	1549.52527	615.95095
S4_2_2_40Acres_20230801	4	1	1538.89740	456.36785	1919.26493	490.91826
S4_2_2_40Acres_20230801	5	0	627.10260	526.53951	1040.21593	530.69482
S4_2_2_40Acres_20230801	5	1	1036.81164	422.97548	1415.83614	443.88283
S4_2_2_40Acres_20230801	6	0	101.04441	326.28338	328.33538	276.45504
S4_2_2_40Acres_20230801	6	1	429.62021	439.58038	665.73201	413.29428
S4_2_2_40Acres_20230801	7	0	696.35375	471.70300	1363.27412	484.40327
S4_2_2_40Acres_20230801	7	1	1151.55743	469.74659	1877.36600	512.36785
S4_2_2_40Acres_20230801	8	0	964.54671	435.98910	1201.06279	442.63760
S4_2_2_40Acres_20230801	8	1	1492.46861	206.13896	1749.46401	255.63215
S4_2_2_40Acres_20230801	9	0	704.79786	410.77384	736.67841	398.35150
S4_2_2_40Acres_20230801	9	1	1068.99081	204.26703	1039.87136	193.26158
S4_2_2_40Acres_20230801	10	0	151.42420	314.71117	299.84686	247.44959
S4_2_2_40Acres_20230801	10	1	473.65544	449.14714	600.49005	426.22343
S4_2_2_40Acres_20230801	11	0	960.84686	231.96730	1069.03675	234.46049
S4_2_2_40Acres_20230801	11	1	1300.44870	195.91826	1373.35528	224.89646
S4_2_2_40Acres_20230801	12	0	55.86524	244.25068	814.45636	220.70845
S4_2_2_40Acres_20230801	12	1	567.47320	482.61580	1337.82542	503.21526
S4_2_2_40Acres_20230801	13	0	70.56662	500.61853	414.70138	485.84741
S4_2_2_40Acres_20230801	13	1	468.23890	560.20981	829.28025	557.94550
S4_2_3_40Acres_20230801	0	0	504.08798	742.40223	760.35585	788.59777
S4_2_3_40Acres_20230801	0	1	796.93951	852.26257	1085.46504	878.86592
S4_2_3_40Acres_20230801	1	0	1115.19403	759.79888	1339.21210	779.30726
S4_2_3_40Acres_20230801	1	1	1452.16889	735.94413	1700.48547	737.87709
S4_2_3_40Acres_20230801	2	0	613.08798	577.57542	742.00707	609.00000
S4_2_3_40Acres_20230801	2	1	813.43362	586.87709	960.70306	614.78212
S4_2_3_40Acres_20230801	3	0	939.90259	334.38547	1119.55774	356.25698
S4_2_3_40Acres_20230801	3	1	1182.47918	321.06145	1354.09034	354.49721
S4_2_3_40Acres_20230801	4	0	1016.88217	694.74302	1113.26551	718.83240
S4_2_3_40Acres_20230801	4	1	1187.56559	713.34637	1267.10683	732.15642
S4_2_3_40Acres_20230801	5	0	499.94108	644.19553	678.86960	679.98324
S4_2_3_40Acres_20230801	5	1	704.05734	585.36872	909.38020	608.83799
S4_2_3_40Acres_20230801	6	0	429.29144	375.95531	520.86017	387.66480
S4_2_3_40Acres_20230801	6	1	618.32522	317.12849	708.63708	335.37430
S4_2_3_40Acres_20230801	7	0	442.31343	245.73743	359.27494	254.72626
S4_2_3_40Acres_20230801	7	1	645.67557	248.25140	590.03692	255.48045
S4_2_3_40Acres_20230801	8	0	159.24745	345.02235	135.66379	350.98324
S4_2_3_40Acres_20230801	8	1	398.05342	439.04469	367.71092	463.59218
S4_2_3_40Acres_20230801	9	0	847.27808	549.74860	959.08720	575.20670
S4_2_3_40Acres_20230801	9	1	1204.14768	664.03911	1312.52710	683.51955
S4_2_3_40Acres_20230801	10	0	606.93716	280.18436	553.44933	293.12291
S4_2_3_40Acres_20230801	10	1	773.59859	313.87151	736.95287	335.86034
S4_2_4_40Acres_20230801	0	0	1224.10260	517.31063	1463.26034	542.04632
S4_2_4_40Acres_20230801	0	1	1443.15314	520.25341	1717.59418	556.76022
S4_2_4_40Acres_20230801	1	0	609.43185	567.28883	704.34609	548.10354
S4_2_4_40Acres_20230801	1	1	804.22511	565.08174	896.19908	559.87466
S4_2_4_40Acres_20230801	2	0	314.44257	305.14714	800.03982	252.40599
S4_2_4_40Acres_20230801	2	1	634.96478	458.68937	1032.32159	440.74387
