OpCode	ImagePtPair	FilenameLeft	FrameLeft	FilenameRight	FrameRight	Time	Period	PeriodTime	X	Y	Z	sX	sY	sZ	RMS	Range	Direction	Family	Genus	Species	Code	Number	Stage	Activity	Comment	Attribute9	Attribute10
HM_191	12	HM_191_L_000001.MTS	16389	HM_191_R_000001.MTS	16884	10.926	Timeseabed	8.798	2450.41052	619.06179	-5442.13581	17.17083	5.01676	40.18313	4.49512	6000.3826	24.97429	NA	NA	NA	NA	0	NA	NA	Max distance	NA	NA
HM_192	1	HM_192_L_000001.MTS	5742	HM_192_R_000001.MTS	6162	3.828	Timeseabed	0.07867	-493.90405	735.49715	-5383.77695	4.66694	6.42475	43.82439	10.49695	5456.1847	9.41919	NA	NA	NA	NA	0	NA	NA	Max distance	NA	NA
HM_193	0	HM_193_L_000001.MTS	6911	HM_193_R_000001.MTS	7277	4.60733	Timeseabed	0.00533	2222.47121	-243.29862	-6176.15523	19.02517	3.75998	55.14135	0.88683	6568.36859	19.88434	NA	NA	NA	NA	0	NA	NA	Max distance	NA	NA
HM_22	9	HM_22_L_MAH00059123.MP4	27221	HM_22_R_MAH00063117.MP4	26250	15.1379	Timeseabed	10.44766	539.35109	-1679.11042	-10426.23407	9.55582	24.22564	159.30956	4.86551	10574.34009	10.24838	NA	NA	NA	NA	0	NA	NA	Max distance	NA	NA
HM_229	1	HM_229_190814_LEFT.mts	3215	HM_229_190814_RIGHT.mts	3222	2.14333	Timeseabed	0	439.47693	-817.38825	-5304.32053	4.28479	7.80228	42.64652	6.85483	5384.89366	8.99663	NA	NA	NA	NA	0	NA	NA	Max distance	NA	NA
HM_242	3	HM_242_190815_LEFT.mts	5974	HM_242_190815_RIGHT.mts	5974	3.98267	Timeseabed	2.21867	-1084.84135	874.95296	-4068.41674	6.45089	5.17366	24.7863	0.1028	4300.51604	19.5979	NA	NA	NA	NA	0	NA	NA	Max distance	NA	NA
HM_309	1	HM_309_190716_LEFT.mts	6892	HM_309_190726_RIGHT.mts	6892	4.59467	Timeseabed	0.34733	113.62073	-207.37574	-2177.03317	1.16808	1.38538	7.42948	2.5067	2189.83739	5.28644	NA	NA	NA	NA	0	NA	NA	Max distance	NA	NA
HM_6	1	HM_6_L_MAH0005753.MP4	11514	HM_6_R_MAH0005643.MP4	12273	6.40306	Timeseabed	1.0238	393.17572	517.91789	-4036.72148	2.96774	3.85578	23.94792	0.58111	4088.75854	8.63693	NA	NA	NA	NA	0	NA	NA	Max distance	NA	NA
HM_66	1	HM_66_L_MAH0006629.MP4	12411	HM_66_R_MAH0006625.MP4	12375	6.90189	Timeseabed	0	-1737.18345	546.68588	-10541.44825	26.4897	10.72108	160.83933	17.94403	10697.60735	9.69058	NA	NA	NA	NA	0	NA	NA	Max distance	NA	NA
HM_77	8	HM_77_L_00000_51.MTS	5381	HM_77_R_00011_62.MTS	5724	3.58733	Timeseabed	0.94133	125.07922	1403.91611	-4478.58719	2.37846	9.71086	31.00785	0.60173	4695.14307	17.68191	NA	NA	NA	NA	0	NA	NA	Max distance	NA	NA
HM_97	1	HM_97_R_000022.MTS	4645	HM_97_L_000031.MTS	6003	3.09667	Timeseabed	0.03	1318.54763	-1041.32056	-5398.67402	10.61129	8.65431	44.09423	9.66917	5654.07795	17.17123	NA	NA	NA	NA	0	NA	NA	Max distance	NA	NA
HP_1	1	HP_1_L1.1.MP4	23180	HP_1_R1.1.MP4	24114	12.89066	Timeseabed	0	-462.03024	-438.68138	-1927.98166	1.53998	1.52376	5.60983	4.64124	2030.52372	18.59453	NA	NA	NA	NA	0	NA	NA	Max distance	NA	NA
HP_105	4	HP_105_L1.1.MP4	14083	HP_105_R1.1.MP4	14338	7.83171	Timeseabed	0.2002	1572.73832	571.93632	-6150.11656	14.11216	6.5927	55.50634	5.71425	6373.73914	14.97822	NA	NA	NA	NA	0	NA	NA	Max distance	NA	NA
HP_106	0	HP_106_L1.1.MP4	18536	HP_106_R1.1.MP4	18465	10.30808	Timeseabed	0.15182	-723.73787	722.71038	-3924.55248	4.40029	4.76113	22.53651	3.12819	4055.64039	14.15071	NA	NA	NA	NA	0	NA	NA	Max distance	NA	NA
HP_108	1	HP_108_L1.1.MP4	4974	HP_108_R1.1.MP4	6084	2.7661	Timeseabed	0	641.48498	11.6869	-4649.27285	4.79808	2.32327	31.76897	11.0014	4693.33331	7.87797	NA	NA	NA	NA	0	NA	NA	Max distance	NA	NA
HP_109	1	HP_109_L1.1.MP4	12391	HP_109_R1.1.MP4	11775	6.89077	Timeseabed	0.01502	1010.5163	83.42792	-6533.96844	9.91338	3.65243	62.49568	7.313	6612.17415	8.79099	NA	NA	NA	NA	0	NA	NA	Max distance	NA	NA
HP_111	5	HP_111_L1.1.MP4	28055	HP_111_R1.1.MP4	26969	15.6017	Timeseabed	5.07062	-551.8485	16.83774	-2294.36921	2.06947	1.12479	7.87399	1.63274	2359.86236	13.52612	NA	NA	NA	NA	0	NA	NA	Max distance	NA	NA
HP_112	14	HP_112_L1.1.MP4	53433	HP_112_R1.1.MP4	52384	29.71468	Timeseabed	24.07294	187.37637	-74.70361	-2412.30998	1.34043	1.18554	8.68086	0.04196	2420.72923	5.0989	NA	NA	NA	NA	0	NA	NA	Max distance	NA	NA
HP_113	1	HP_113_L1.1.MP4	4145	HP_113_R1.1.MP4	3214	2.30508	Timeseabed	0	388.06418	316.80159	-4991.24871	3.64345	3.53523	36.62432	9.14482	5016.32543	5.4617	NA	NA	NA	NA	0	NA	NA	Max distance	NA	NA
HP_115	1	HP_115_L1.1.MP4	14392	HP_115_R1.1.MP4	13914	8.00355	Timeseabed	0	243.58387	-79.5685	-4985.05419	2.95423	2.46964	36.45717	1.25178	4991.63596	3.36239	NA	NA	NA	NA	0	NA	NA	Max distance	NA	NA
HP_173	15	HP_173_L1.1.MP4	42893	HP_173_R1.1.MP4	42909	23.85327	Timeseabed	20.37257	826.37799	791.9333	-5604.32422	7.1149	7.36631	45.98293	2.62872	5720.00952	11.88972	NA	NA	NA	NA	0	NA	NA	Max distance	NA	NA
HP_174	1	HP_174_L1.1.MP4	11108	HP_174_R1.1.MP4	11106	6.17728	Timeseabed	0.59448	-667.9843	1786.45138	-6552.44033	6.84448	17.81994	61.60071	4.32317	6824.37439	15.54089	NA	NA	NA	NA	0	NA	NA	Max distance	NA	NA
HP_175	45	HP_175_L1.1.MP4	59417	HP_175_R1.1.MP4	59229	33.04245	Timeseabed	23.89776	1900.41783	933.11233	-5138.20398	13.81729	7.60526	38.25395	4.65366	5557.28592	22.61529	NA	NA	NA	NA	0	NA	NA	Max distance	NA	NA
HP_176	1	HP_176_L1.1.MP4	9365	HP_176_R1.1.MP4	9352	5.20798	Timeseabed	0.00667	-43.58865	501.93357	-7250.00796	3.48107	6.77158	76.55908	3.64152	7267.49287	3.5821	NA	NA	NA	NA	0	NA	NA	Max distance	NA	NA
HP_177	1	HP_177_L1.1.MP4	4853	HP_177_R1.1.MP4	4857	2.69881	Timeseabed	0.03059	2243.23841	-1451.39361	-8941.99657	28.96974	17.81745	116.92655	36.6796	9332.62904	17.07985	NA	NA	NA	NA	0	NA	NA	Max distance	NA	NA
HP_19	1	HP-19L_1.1.MP4	4327	HP-19R_1.1.MP4	5051	2.40629	Timeseabed	0	-1196.17194	974.38934	-3670.66835	6.26426	5.55095	19.55462	1.73496	3981.71672	22.51975	NA	NA	NA	NA	0	NA	NA	Max distance	NA	NA
HP_2	3	HP_2_L1.1.MP4	21456	HP_2_R1.1.MP4	12326	11.93192	Timeseabed	1.35135	678.26637	-90.53881	-2154.7967	2.29905	1.07417	7.05469	1.31686	2260.83864	17.7231	NA	NA	NA	NA	0	NA	NA	Max distance	NA	NA
HP_20	1	HP-20L_1.1.MP4	24559	HP-20R_1.1.MP4	24560	13.65753	Timeseabed	0	-163.67151	943.58196	-6372.50269	3.37921	9.94292	59.29923	0.51325	6444.06128	7.87935	NA	NA	NA	NA	0	NA	NA	Max distance	NA	NA
HP_52	1	HP_52_L1.1.MP4	31313	HP_52_R1.1.MP4	31192	17.41351	Timeseabed	0.01168	-583.36919	621.94303	-5692.16251	5.41781	6.40957	47.08551	23.33949	5755.67952	9.1136	NA	NA	NA	NA	0	NA	NA	Max distance	NA	NA
HP_54	9	HP_54_L1.1.MP4	28815	HP_54_R1.1.MP4	29784	16.02434	Timeseabed	7.0248	164.18532	1035.62211	-4406.04047	2.3475	7.17653	28.4944	7.30891	4529.09071	12.94846	NA	NA	NA	NA	0	NA	NA	Max distance	NA	NA
HP_55	54	HP_55_L1.1.MP4	52844	HP_55_R1.1.MP4	52584	29.38714	Timeseabed	25.00387	-1147.53892	698.95384	-4806.94649	8.04438	5.62098	33.55895	1.1839	4991.20392	15.8791	NA	NA	NA	NA	0	NA	NA	Max distance	NA	NA
HP_56	1	HP_56_L1.1.MP4	9983	HP_56_R1.1.MP4	10043	5.55166	Timeseabed	0	-674.56764	268.28668	-4492.43626	4.76737	2.91262	29.58961	0.90725	4550.71454	9.04091	NA	NA	NA	NA	0	NA	NA	Max distance	NA	NA
HP_57	0	HP_57_L1.1.MP4	24052	HP_57_R1.1.MP4	24308	13.37558	Timeseabed	4.11745	-142.90776	324.97539	-5150.73754	2.69231	3.90382	38.84313	1.36229	5162.95737	3.23183	NA	NA	NA	NA	0	NA	NA	Max distance	NA	NA
HP_58	1	HP_58_L1.1.MP4	11194	HP_58_R1.1.MP4	11194	6.22511	Timeseabed	0.04783	-451.55718	-290.2838	-5103.35061	4.06713	2.94748	38.10371	1.26492	5131.50621	6.56862	NA	NA	NA	NA	0	NA	NA	Max distance	NA	NA
HP_60	1	HP_60_L_00001165.MTS	13008	HP_60_R_00002153.MTS	8728	20.116	Timeseabed	0	-1282.10256	-311.73058	-2937.35865	5.13683	1.9493	12.4667	0.01869	3220.09919	24.14581	NA	NA	NA	NA	0	NA	NA	Max distance	NA	NA
HP_63	1	HP_63_L1.1.MP4	11227	HP_63_R1.1.MP4	10102	6.24346	Timeseabed	0.43599	1440.46764	66.69391	-5788.33355	12.13022	3.12057	48.97821	9.92275	5965.2494	13.97447	NA	NA	NA	NA	0	NA	NA	Max distance	NA	NA
HP_65	1	HP_65_L1.1.MP4	12746	HP_65_R1.1.MP4	11227	7.08819	Timeseabed	0	840.47342	782.53071	-4554.09807	5.84008	6.038	30.46949	1.61863	4696.65403	14.70367	NA	NA	NA	NA	0	NA	NA	Max distance	NA	NA
HP_66	1	HP_66_L1.1.MP4	9239	HP_66_R1.1.MP4	10004	5.13791	Timeseabed	0.01835	487.70277	114.09949	-5110.77832	4.30403	2.72251	38.42835	3.83479	5135.26316	5.51314	NA	NA	NA	NA	0	NA	NA	Max distance	NA	NA
HP_67	1	HP_67_L1.1.MP4	5833	HP_67_R1.1.MP4	4905	3.2438	Timeseabed	0	684.27418	1104.81933	-4919.55561	5.31446	8.65332	35.37183	3.9345	5088.30859	14.20973	NA	NA	NA	NA	0	NA	NA	Max distance	NA	NA
HP_68	1	HP_68_L1.1.MP4	4959	HP_68_R1.1.MP4	5005	2.75776	Timeseabed	0	-811.95494	158.39858	-4905.28697	6.07163	2.86099	35.25004	1.79783	4974.55538	9.46211	NA	NA	NA	NA	0	NA	NA	Max distance	NA	NA
HP_69	1	HP_69_L1.1.MP4	10245	HP_69_R1.1.MP4	9741	5.69736	Timeseabed	0.15905	-1859.6562	622.2163	-5445.7794	14.26631	5.98246	42.73882	1.64839	5788.09015	19.58926	NA	NA	NA	NA	0	NA	NA	Max distance	NA	NA
HP_70	1	HP_70_L1.1.MP4	6824	HP_70_R1.1.MP4	6787	3.7949	Timeseabed	0	904.94927	423.24785	-6327.82129	8.71194	5.65553	58.60816	0.62226	6406.19967	9.33474	NA	NA	NA	NA	0	NA	NA	Max distance	NA	NA
HP_72	1	HP_72_L1.1.MP4	5493	HP_72_R1.1.MP4	5619	3.05472	Timeseabed	0	2138.61363	330.67598	-7992.05996	24.70106	5.9919	93.52634	12.99925	8279.85732	15.08925	NA	NA	NA	NA	0	NA	NA	Max distance	NA	NA
HP_73	30	2019_HSMB_LongReef_HP73_L.1.MP4	45950	2019_HSMB_LongReef_HP73_R.1.MP4	46745	25.55331	time seabed	9.58847	910.63198	955.88598	-8045.06113	11.14392	12.91141	94.09892	5.32209	8152.66688	8.82789	NA	NA	NA	NA	0	NA	NA	Max distance	NA	NA
HP_74	121	2019_HSMB_LongReef_HP74_L.1.MP4	39760	2019_HSMB_LongReef_HP74_R.1.MP4	39172	22.11098	time seabed	18.4868	2402.52191	297.64252	-5955.91255	20.19458	4.2663	51.31051	0.51352	6429.121	22.0486	NA	NA	NA	NA	0	NA	NA	Max distance	NA	NA
HP_75	33	2019_HSMB_LongReef_HP75_L.1.MP4	40805	2019_HSMB_LongReef_HP75_R.1.MP4	40513	22.69211	time seabed	18.30273	-1333.28424	925.50295	-4328.70689	8.21849	6.41916	27.09634	0.93945	4622.97587	20.15611	NA	NA	NA	NA	0	NA	NA	Max distance	NA	NA
HP_76	7	2019_HSMB_LongReef_HP76_L1.1.MP4	16362	HP-76_R1.1.MP4	15658	9.09909	time seabed	5.07952	-319.84841	-1290.23972	-7164.3807	4.71572	13.29598	75.0591	20.30057	7286.65714	10.94225	NA	NA	NA	NA	0	NA	NA	Max distance	NA	NA
HP_79	0	HP_79_L1.1.MP4	14905	HP_79_R1.1.MP4	14611	8.28884		-1	-1806.41903	-235.4477	-4327.00411	10.93008	2.41095	27.08685	0.89147	4694.84291	22.89275	NA	NA	NA	NA	0	NA	NA	Max distance	NA	NA
HP_8	1	HP_8_L.01.MP4	11943	HP_8_R1.1.MP4	10181	6.64163	Timeseabed	0.01335	859.82046	350.75153	-3808.74371	4.97039	2.87234	21.41221	0.20253	3920.31205	13.46745	NA	NA	NA	NA	0	NA	NA	Max distance	NA	NA
HP_81	1	HP_81_L1.1.MP4	7093	HP_81_R1.1.MP4	7254	3.9445	Timeseabed	0.1774	375.97974	-385.64638	-3985.90637	2.87076	2.7395	23.49424	0.70199	4022.13046	7.14962	NA	NA	NA	NA	0	NA	NA	Max distance	NA	NA
HP_82	27	HP_82_L1.1.MP4	38995	HP_82_R1.1.MP4	39768	21.68555	Timeseabed	18.28382	-958.95511	558.98033	-2213.49787	3.01459	2.11186	7.06934	3.82629	2476.21217	26.30694	NA	NA	NA	NA	0	NA	NA	Max distance	NA	NA
HP_84	3	HP_84_L1.1.MP4	5253	HP_84_R1.1.MP4	6934	2.92125	Timeseabed	0.56223	-574.46234	216.63825	-6691.37572	6.26872	4.37445	64.89482	1.52968	6719.48273	5.03878	NA	NA	NA	NA	0	NA	NA	Max distance	NA	NA
HP_88	0	HP_88_L1.1.MP4	7504	HP_88_R1.1.MP4	7491	4.17306	Timeseabed	0.08342	2213.871	-242.87727	-5434.32523	17.16109	2.97993	43.26016	8.07457	5872.99794	22.2122	NA	NA	NA	NA	0	NA	NA	Max distance	NA	NA
HP_94	1	HP_94_L1.1.MP4	3920	HP_94_R1.1.MP4	3896	2.17996	Timeseabed	0.24803	299.53243	-936.57662	-5376.47678	3.46937	7.30507	42.45815	0.78634	5465.65623	11.0299	NA	NA	NA	NA	0	NA	NA	Max distance	NA	NA
HP_97	1	HP_97_L1.1.MP4	6078	HP_97_R1.1.MP4	5745	3.38004	Timeseabed	0.19686	-1659.37362	272.78839	-4311.56891	10.12216	2.87461	26.93208	1.90882	4627.91106	21.21027	NA	NA	NA	NA	0	NA	NA	Max distance	NA	NA
