OpCode	Camera	MovieSeqIndex	StartTimeOffset	Format	Filename	Frames	Rate
S101_D1	0	0	0.00000	0	S101_D1_L1.1.MP4	63212	29.97003
S101_D1	0	0	0.00000	0	S101_D1_L1.2.MP4	10967	29.97003
S101_D1	1	0	0.00000	0	S101_D1_R1.1.MP4	63212	29.97003
S101_D1	1	0	0.00000	0	S101_D1_R1.2.MP4	11537	29.97003
S101_D2	0	0	0.00000	0	S101_D2_L2.1.MP4	63212	29.97003
S101_D2	0	0	0.00000	0	S101_D2_L2.2.MP4	15737	29.97003
S101_D2	1	0	0.00000	0	S101_D2_R2.1.MP4	63212	29.97003
S101_D2	1	0	0.00000	0	S101_D2_R2.2.MP4	13457	29.97003
S101_D3	0	0	0.00000	0	S101_D3_L3.1.MP4	63212	29.97003
S101_D3	0	0	0.00000	0	S101_D3_L3.2.MP4	19877	29.97003
S101_D3	1	0	0.00000	0	S101_D3_R3.1.MP4	63212	29.97003
S101_D3	1	0	0.00000	0	S101_D3_R3.2.MP4	17417	29.97003
S101_D4	0	0	0.00000	0	S101_D4_L4.1.MP4	63212	29.97003
S101_D4	0	0	0.00000	0	S101_D4_L4.2.MP4	20372	29.97003
S101_D4	1	0	0.00000	0	S101_D4_R4.1.MP4	63212	29.97003
S101_D4	1	0	0.00000	0	S101_D4_R4.2.MP4	18917	29.97003
S102_D1	0	0	0.00000	0	S102_D1_L1.1.MP4	63212	29.97003
S102_D1	0	0	0.00000	0	S102_D1_L1.2.MP4	13547	29.97003
S102_D1	1	0	0.00000	0	S102_D1_R1.1.MP4	63212	29.97003
S102_D1	1	0	0.00000	0	S102_D1_R1.2.MP4	13187	29.97003
S102_D4	0	0	0.00000	0	S102_D4_L4.1.MP4	63212	29.97003
S102_D4	0	0	0.00000	0	S102_D4_L4.2.MP4	12392	29.97003
S102_D4	1	0	0.00000	0	S102_D4_R4.1.MP4	63212	29.97003
S102_D4	1	0	0.00000	0	S102_D4_R4.2.MP4	11912	29.97003
S103_D1	0	0	0.00000	0	S103_D1_L1.1.MP4	63212	29.97003
S103_D1	0	0	0.00000	0	S103_D1_L1.2.MP4	20132	29.97003
S103_D1	1	0	0.00000	0	S103_D1_R1.1.MP4	63212	29.97003
S103_D1	1	0	0.00000	0	S103_D1_R1.2.MP4	19802	29.97003
S103_D2	0	0	0.00000	0	S103_D2_L2.1.MP4	63212	29.97003
S103_D2	0	0	0.00000	0	S103_D2_L2.2.MP4	24707	29.97003
S103_D2	1	0	0.00000	0	S103_D2_R2.1.MP4	63212	29.97003
S103_D2	1	0	0.00000	0	S103_D2_R2.2.MP4	24812	29.97003
S103_D3	0	0	0.00000	0	S103_D3_L3.1.MP4	63212	29.97003
S103_D3	0	0	0.00000	0	S103_D3_L3.2.MP4	9137	29.97003
S103_D3	1	0	0.00000	0	S103_D3_R3.1.MP4	63212	29.97003
S103_D3	1	0	0.00000	0	S103_D3_R3.2.MP4	9752	29.97003
S103_D4	0	0	0.00000	0	S103_D4_L4.1.MP4	63212	29.97003
S103_D4	0	0	0.00000	0	S103_D4_L4.2.MP4	11357	29.97003
S103_D4	1	0	0.00000	0	S103_D4_R4.1.MP4	63212	29.97003
S103_D4	1	0	0.00000	0	S103_D4_R4.2.MP4	10142	29.97003
S104_D1	0	0	0.00000	0	S104_D1_L1.1.MP4	63212	29.97003
S104_D1	0	0	0.00000	0	S104_D1_L1.2.MP4	20567	29.97003
S104_D1	1	0	0.00000	0	S104_D1_R1.1.MP4	63212	29.97003
S104_D1	1	0	0.00000	0	S104_D1_R1.2.MP4	18632	29.97003
S104_D2	0	0	0.00000	0	S104_D2_L2.1.MP4	63212	29.97003
S104_D2	0	0	0.00000	0	S104_D2_L2.2.MP4	20942	29.97003
S104_D2	1	0	0.00000	0	S104_D2_R2.1.MP4	63212	29.97003
S104_D2	1	0	0.00000	0	S104_D2_R2.2.MP4	18857	29.97003
S104_D3	0	0	0.00000	0	S104_D3_L3.1.MP4	63212	29.97003
S104_D3	0	0	0.00000	0	S104_D3_L3.2.MP4	20822	29.97003
S104_D3	1	0	0.00000	0	S104_D3_R3.1.MP4	63212	29.97003
S104_D3	1	0	0.00000	0	S104_D3_R3.2.MP4	20867	29.97003
S104_D4	0	0	0.00000	0	S104_D4_L4.1.MP4	63212	29.97003
S104_D4	0	0	0.00000	0	S104_D4_L4.2.MP4	25082	29.97003
S104_D4	1	0	0.00000	0	S104_D4_R4.1.MP4	63212	29.97003
S104_D4	1	0	0.00000	0	S104_D4_R4.2.MP4	24167	29.97003
S10_D1	0	0	0.00000	0	S10_D1_L1.1.MP4	63212	29.97003
S10_D1	0	0	0.00000	0	S10_D1_L1.2.MP4	12722	29.97003
S10_D1	1	0	0.00000	0	S10_D1_R1.1.MP4	63212	29.97003
S10_D1	1	0	0.00000	0	S10_D1_R1.2.MP4	12452	29.97003
S10_D2	0	0	0.00000	0	S10_D2_L2.1.MP4	63212	29.97003
S10_D2	0	0	0.00000	0	S10_D2_L2.2.MP4	23567	29.97003
S10_D2	1	0	0.00000	0	S10_D2_R2.1.MP4	63212	29.97003
S10_D2	1	0	0.00000	0	S10_D2_R2.2.MP4	23237	29.97003
S10_D3	0	0	0.00000	0	S10_D3_L3.1.MP4	63212	29.97003
S10_D3	0	0	0.00000	0	S10_D3_L3.2.MP4	16187	29.97003
S10_D3	1	0	0.00000	0	S10_D3_R3.1.MP4	63212	29.97003
S10_D3	1	0	0.00000	0	S10_D3_R3.2.MP4	16022	29.97003
S10_D4	0	0	0.00000	0	S10_D4_L4.1.MP4	63212	29.97003
S10_D4	0	0	0.00000	0	S10_D4_L4.2.MP4	13067	29.97003
S10_D4	1	0	0.00000	0	S10_D4_R4.1.MP4	63212	29.97003
S10_D4	1	0	0.00000	0	S10_D4_R4.2.MP4	13457	29.97003
S11_D1	0	0	0.00000	0	S11_D1_L1.1.MP4	63212	29.97003
S11_D1	0	0	0.00000	0	S11_D1_L1.2.MP4	18512	29.97003
S11_D1	1	0	0.00000	0	S11_D1_R1.1.MP4	63212	29.97003
S11_D1	1	0	0.00000	0	S11_D1_R1.2.MP4	18917	29.97003
S11_D2	0	0	0.00000	0	S11_D2_L2.1.MP4	63212	29.97003
S11_D2	0	0	0.00000	0	S11_D2_L2.2.MP4	15812	29.97003
S11_D2	1	0	0.00000	0	S11_D2_R2.1.MP4	63212	29.97003
S11_D2	1	0	0.00000	0	S11_D2_R2.2.MP4	15782	29.97003
S11_D3	0	0	0.00000	0	S11_D3_L3.1.MP4	63212	29.97003
S11_D3	0	0	0.00000	0	S11_D3_L3.2.MP4	12452	29.97003
S11_D3	1	0	0.00000	0	S11_D3_R3.1.MP4	63212	29.97003
S11_D3	1	0	0.00000	0	S11_D3_R3.2.MP4	12317	29.97003
S11_D4	0	0	0.00000	0	S11_D4_L4.1.MP4	63212	29.97003
S11_D4	0	0	0.00000	0	S11_D4_L4.2.MP4	15227	29.97003
S11_D4	1	0	0.00000	0	S11_D4_R4.1.MP4	63212	29.97003
S11_D4	1	0	0.00000	0	S11_D4_R4.2.MP4	14597	29.97003
S12_D1	0	0	0.00000	0	S12_D1_L1.1.MP4	63212	29.97003
S12_D1	0	0	0.00000	0	S12_D1_L1.2.MP4	10832	29.97003
S12_D1	1	0	0.00000	0	S12_D1_R1.1.MP4	63212	29.97003
S12_D1	1	0	0.00000	0	S12_D1_R1.2.MP4	11342	29.97003
S12_D2	0	0	0.00000	0	S12_D2_L2.1.MP4	63212	29.97003
S12_D2	0	0	0.00000	0	S12_D2_L2.2.MP4	14147	29.97003
S12_D2	1	0	0.00000	0	S12_D2_R2.1.MP4	63212	29.97003
S12_D2	1	0	0.00000	0	S12_D2_R2.2.MP4	14372	29.97003
S12_D3	0	0	0.00000	0	S12_D3_L3.1.MP4	63212	29.97003
S12_D3	0	0	0.00000	0	S12_D3_L3.2.MP4	11807	29.97003
S12_D3	1	0	0.00000	0	S12_D3_R3.1.MP4	63212	29.97003
S12_D3	1	0	0.00000	0	S12_D3_R3.2.MP4	11972	29.97003
S12_D4	0	0	0.00000	0	S12_D4_L4.1.MP4	63212	29.97003
S12_D4	0	0	0.00000	0	S12_D4_L4.2.MP4	8807	29.97003
S12_D4	1	0	0.00000	0	S12_D4_R4.1.MP4	63212	29.97003
S12_D4	1	0	0.00000	0	S12_D4_R4.2.MP4	9092	29.97003
S13_D1	0	0	0.00000	0	S13_D1_L1.1.MP4	63212	29.97003
S13_D1	0	0	0.00000	0	S13_D1_L1.2.MP4	10442	29.97003
S13_D1	1	0	0.00000	0	S13_D1_R1.1.MP4	63212	29.97003
S13_D1	1	0	0.00000	0	S13_D1_R1.2.MP4	11012	29.97003
S13_D2	0	0	0.00000	0	S13_D2_L2.1.MP4	63212	29.97003
S13_D2	0	0	0.00000	0	S13_D2_L2.2.MP4	10157	29.97003
S13_D2	1	0	0.00000	0	S13_D2_R2.1.MP4	63212	29.97003
S13_D2	1	0	0.00000	0	S13_D2_R2.2.MP4	11312	29.97003
S13_D3	0	0	0.00000	0	S13_D3_L3.1.MP4	63212	29.97003
S13_D3	0	0	0.00000	0	S13_D3_L3.2.MP4	10997	29.97003
S13_D3	1	0	0.00000	0	S13_D3_R3.1.MP4	63212	29.97003
S13_D3	1	0	0.00000	0	S13_D3_R3.2.MP4	13007	29.97003
S13_D4	0	0	0.00000	0	S13_D4_L4.1.MP4	63212	29.97003
S13_D4	0	0	0.00000	0	S13_D4_L4.2.MP4	14012	29.97003
S13_D4	1	0	0.00000	0	S13_D4_R4.1.MP4	63212	29.97003
S13_D4	1	0	0.00000	0	S13_D4_R4.2.MP4	13952	29.97003
S18_D1	0	0	0.00000	0	S18_D1_L1.1.MP4	63212	29.97003
S18_D1	0	0	0.00000	0	S18_D1_L1.2.MP4	12602	29.97003
S18_D1	1	0	0.00000	0	S18_D1_R1.1.MP4	63212	29.97003
S18_D1	1	0	0.00000	0	S18_D1_R1.2.MP4	13367	29.97003
S18_D2	0	0	0.00000	0	S18_D2_L2.1.MP4	63212	29.97003
S18_D2	0	0	0.00000	0	S18_D2_L2.2.MP4	13142	29.97003
S18_D2	1	0	0.00000	0	S18_D2_R2.1.MP4	63212	29.97003
S18_D2	1	0	0.00000	0	S18_D2_R2.2.MP4	13997	29.97003
S18_D3	0	0	0.00000	0	S18_D3_L3.1.MP4	63212	29.97003
S18_D3	0	0	0.00000	0	S18_D3_L3.2.MP4	12827	29.97003
S18_D3	1	0	0.00000	0	S18_D3_R3.1.MP4	63212	29.97003
S18_D3	1	0	0.00000	0	S18_D3_R3.2.MP4	12692	29.97003
S18_D4	0	0	0.00000	0	S18_D4_L4.1.MP4	63212	29.97003
S18_D4	0	0	0.00000	0	S18_D4_L4.2.MP4	12782	29.97003
S18_D4	1	0	0.00000	0	S18_D4_R4.1.MP4	63212	29.97003
S18_D4	1	0	0.00000	0	S18_D4_R4.2.MP4	12947	29.97003
S19_D1	0	0	0.00000	0	S19_D1_L1.1.MP4	63212	29.97003
S19_D1	0	0	0.00000	0	S19_D1_L1.2.MP4	13217	29.97003
S19_D1	1	0	0.00000	0	S19_D1_R1.1.MP4	63212	29.97003
S19_D1	1	0	0.00000	0	S19_D1_R1.2.MP4	13247	29.97003
S19_D2	0	0	0.00000	0	S19_D2_L2.1.MP4	63212	29.97003
S19_D2	0	0	0.00000	0	S19_D2_L2.2.MP4	13262	29.97003
S19_D2	1	0	0.00000	0	S19_D2_R2.1.MP4	63212	29.97003
S19_D2	1	0	0.00000	0	S19_D2_R2.2.MP4	13817	29.97003
S19_D3	0	0	0.00000	0	S19_D3_L3.1.MP4	63212	29.97003
S19_D3	0	0	0.00000	0	S19_D3_L3.2.MP4	11342	29.97003
S19_D3	1	0	0.00000	0	S19_D3_R3.1.MP4	63212	29.97003
S19_D3	1	0	0.00000	0	S19_D3_R3.2.MP4	11237	29.97003
S19_D4	0	0	0.00000	0	S19_D4_L4.1.MP4	63212	29.97003
S19_D4	0	0	0.00000	0	S19_D4_L4.2.MP4	12182	29.97003
S19_D4	1	0	0.00000	0	S19_D4_R4.1.MP4	63212	29.97003
S19_D4	1	0	0.00000	0	S19_D4_R4.2.MP4	12677	29.97003
S201_D1	0	0	0.00000	0	S201_D1_L1.1.MP4	63212	29.97003
S201_D1	0	0	0.00000	0	S201_D1_L1.2.MP4	20642	29.97003
S201_D1	1	0	0.00000	0	S201_D1_R1.1.MP4	63212	29.97003
S201_D1	1	0	0.00000	0	S201_D1_R1.2.MP4	20552	29.97003
S201_D2	0	0	0.00000	0	S201_D2_L2.1.MP4	63212	29.97003
S201_D2	0	0	0.00000	0	S201_D2_L2.2.MP4	20282	29.97003
S201_D2	1	0	0.00000	0	S201_D2_R2.1.MP4	63212	29.97003
S201_D2	1	0	0.00000	0	S201_D2_R2.2.MP4	20657	29.97003
S201_D3	0	0	0.00000	0	S201_D3_L3.1.MP4	63212	29.97003
S201_D3	0	0	0.00000	0	S201_D3_L3.2.MP4	23807	29.97003
S201_D3	1	0	0.00000	0	S201_D3_R3.1.MP4	63212	29.97003
S201_D3	1	0	0.00000	0	S201_D3_R3.2.MP4	24452	29.97003
S201_D4	0	0	0.00000	0	S201_D4_L4.1.MP4	63212	29.97003
S201_D4	0	0	0.00000	0	S201_D4_L4.2.MP4	27557	29.97003
S201_D4	1	0	0.00000	0	S201_D4_R4.1.MP4	63212	29.97003
S201_D4	1	0	0.00000	0	S201_D4_R4.2.MP4	28382	29.97003
S201_D5	0	0	0.00000	0	S201_D5_R5.1.MP4	63212	29.97003
S201_D5	0	0	0.00000	0	S201_D5_R5.2.MP4	26792	29.97003
S202_D1	0	0	0.00000	0	S202_D1_L1.1.MP4	63212	29.97003
S202_D1	0	0	0.00000	0	S202_D1_L1.2.MP4	23792	29.97003
S202_D1	1	0	0.00000	0	S202_D1_R1.1.MP4	63212	29.97003
S202_D1	1	0	0.00000	0	S202_D1_R1.2.MP4	24062	29.97003
S202_D2	0	0	0.00000	0	S202_D2_L2.1.MP4	63212	29.97003
S202_D2	0	0	0.00000	0	S202_D2_L2.2.MP4	15182	29.97003
S202_D2	1	0	0.00000	0	S202_D2_R2.1.MP4	63212	29.97003
S202_D2	1	0	0.00000	0	S202_D2_R2.2.MP4	16127	29.97003
S202_D3	0	0	0.00000	0	S202_D3_L3.1.MP4	63212	29.97003
S202_D3	0	0	0.00000	0	S202_D3_L3.2.MP4	13757	29.97003
S202_D3	1	0	0.00000	0	S202_D3_R3.1.MP4	63212	29.97003
S202_D3	1	0	0.00000	0	S202_D3_R3.2.MP4	14117	29.97003
S202_D4	0	0	0.00000	0	S202_D4_L4.1.MP4	63212	29.97003
S202_D4	0	0	0.00000	0	S202_D4_L4.2.MP4	13322	29.97003
S202_D4	1	0	0.00000	0	S202_D4_R4.1.MP4	63212	29.97003
S202_D4	1	0	0.00000	0	S202_D4_R4.2.MP4	13802	29.97003
S203_D1	0	0	0.00000	0	S203_D1_L1.1.MP4	63212	29.97003
S203_D1	0	0	0.00000	0	S203_D1_L1.2.MP4	18932	29.97003
S203_D1	1	0	0.00000	0	S203_D1_R1.1.MP4	63212	29.97003
S203_D1	1	0	0.00000	0	S203_D1_R1.2.MP4	19787	29.97003
S203_D2	0	0	0.00000	0	S203_D2_L2.1.MP4	63212	29.97003
S203_D2	0	0	0.00000	0	S203_D2_L2.2.MP4	24332	29.97003
S203_D2	1	0	0.00000	0	S203_D2_R2.1.MP4	63212	29.97003
S203_D2	1	0	0.00000	0	S203_D2_R2.2.MP4	24542	29.97003
S203_D3	0	0	0.00000	0	S203_D3_L3.1.MP4	63212	29.97003
S203_D3	0	0	0.00000	0	S203_D3_L3.2.MP4	22892	29.97003
S203_D3	1	0	0.00000	0	S203_D3_R3.1.MP4	63212	29.97003
S203_D3	1	0	0.00000	0	S203_D3_R3.2.MP4	23252	29.97003
S203_D4	0	0	0.00000	0	S203_D4_L4.1.MP4	63212	29.97003
S203_D4	0	0	0.00000	0	S203_D4_L4.2.MP4	23612	29.97003
S203_D4	1	0	0.00000	0	S203_D4_R4.1.MP4	63212	29.97003
S203_D4	1	0	0.00000	0	S203_D4_R4.2.MP4	23717	29.97003
S203_D5	0	0	0.00000	0	S203_D5_L5.1.MP4	63212	29.97003
S203_D5	0	0	0.00000	0	S203_D5_L5.2.MP4	25367	29.97003
S203_D5	1	0	0.00000	0	S203_D5_R5.1.MP4	63212	29.97003
S203_D5	1	0	0.00000	0	S203_D5_R5.2.MP4	25457	29.97003
S204_D1	0	0	0.00000	0	S204_D1_L1.1.MP4	63212	29.97003
S204_D1	0	0	0.00000	0	S204_D1_L1.2.MP4	10382	29.97003
S204_D1	1	0	0.00000	0	S204_D1_R1.1.MP4	63212	29.97003
S204_D1	1	0	0.00000	0	S204_D1_R1.2.MP4	10652	29.97003
S204_D2	0	0	0.00000	0	S204_D2_L2.1.MP4	63212	29.97003
S204_D2	0	0	0.00000	0	S204_D2_L2.2.MP4	8147	29.97003
S204_D2	1	0	0.00000	0	S204_D2_R2.1.MP4	63212	29.97003
S204_D2	1	0	0.00000	0	S204_D2_R2.2.MP4	8267	29.97003
S204_D3	0	0	0.00000	0	S204_D3_L3.1.MP4	63212	29.97003
S204_D3	0	0	0.00000	0	S204_D3_L3.2.MP4	10352	29.97003
S204_D3	1	0	0.00000	0	S204_D3_R3.1.MP4	63212	29.97003
S204_D3	1	0	0.00000	0	S204_D3_R3.2.MP4	10502	29.97003
S204_D4	0	0	0.00000	0	S204_D4_L4.1.MP4	63212	29.97003
S204_D4	0	0	0.00000	0	S204_D4_L4.2.MP4	9917	29.97003
S204_D4	1	0	0.00000	0	S204_D4_R4.1.MP4	63212	29.97003
S204_D4	1	0	0.00000	0	S204_D4_R4.2.MP4	10112	29.97003
S6_D1	0	0	0.00000	0	S6_D1_L1.1.MP4	63212	29.97003
S6_D1	0	0	0.00000	0	S6_D1_L1.2.MP4	47207	29.97003
S6_D1	1	0	0.00000	0	S6_D1_R1.1.MP4	63212	29.97003
S6_D1	1	0	0.00000	0	S6_D1_R1.2.MP4	47117	29.97003
S6_D2	0	0	0.00000	0	S6_D2_L1.1.MP4	63212	29.97003
S6_D2	0	0	0.00000	0	S6_D2_L1.2.MP4	26612	29.97003
S6_D2	1	0	0.00000	0	S6_D2_R1.1.MP4	63212	29.97003
S6_D2	1	0	0.00000	0	S6_D2_R1.2.MP4	26312	29.97003
S6_D3	0	0	0.00000	0	S6_D3_L1.1.MP4	63212	29.97003
S6_D3	0	0	0.00000	0	S6_D3_L1.2.MP4	54062	29.97003
S6_D3	1	0	0.00000	0	S6_D3_R1.1.MP4	63212	29.97003
S6_D3	1	0	0.00000	0	S6_D3_R1.2.MP4	53882	29.97003
S6_D4	0	0	0.00000	0	S6_D4_L1.1.MP4	63212	29.97003
S6_D4	0	0	0.00000	0	S6_D4_L1.2.MP4	42182	29.97003
S6_D4	1	0	0.00000	0	S6_D4_R1.1.MP4	63212	29.97003
S6_D4	1	0	0.00000	0	S6_D4_R1.2.MP4	43397	29.97003
S6_D5	0	0	0.00000	0	S6_D5_L1.1.MP4	63212	29.97003
S6_D5	0	0	0.00000	0	S6_D5_L1.2.MP4	8612	29.97003
S6_D5	1	0	0.00000	0	S6_D5_R1.1.MP4	63212	29.97003
S6_D5	1	0	0.00000	0	S6_D5_R1.2.MP4	8837	29.97003
S6_D6	0	0	0.00000	0	S6_D6_L1.1.MP4	63212	29.97003
S6_D6	0	0	0.00000	0	S6_D6_L1.2.MP4	9782	29.97003
S6_D6	1	0	0.00000	0	S6_D6_R1.1.MP4	63212	29.97003
S6_D6	1	0	0.00000	0	S6_D6_R1.2.MP4	9887	29.97003
S7_D1	0	0	0.00000	0	S7_D1_L1.1.MP4	63212	29.97003
S7_D1	0	0	0.00000	0	S7_D1_L1.2.MP4	11822	29.97003
S7_D1	1	0	0.00000	0	S7_D1_R1.1.MP4	63212	29.97003
S7_D1	1	0	0.00000	0	S7_D1_R1.2.MP4	11852	29.97003
S7_D2	0	0	0.00000	0	S7_D2_L2.1.MP4	63212	29.97003
S7_D2	0	0	0.00000	0	S7_D2_L2.2.MP4	11957	29.97003
S7_D2	1	0	0.00000	0	S7_D2_R2.1.MP4	63212	29.97003
S7_D2	1	0	0.00000	0	S7_D2_R2.2.MP4	11252	29.97003
S7_D3	0	0	0.00000	0	S7_D3_L1.1.MP4	63212	29.97003
S7_D3	0	0	0.00000	0	S7_D3_L1.2.MP4	11417	29.97003
S7_D3	1	0	0.00000	0	S7_D3_R1.1.MP4	63212	29.97003
S7_D3	1	0	0.00000	0	S7_D3_R1.2.MP4	11762	29.97003
S7_D4	0	0	0.00000	0	S7_D4_L4.1.MP4	63212	29.97003
S7_D4	0	0	0.00000	0	S7_D4_L4.2.MP4	14117	29.97003
S7_D4	1	0	0.00000	0	S7_D4_R4.1.MP4	63212	29.97003
S7_D4	1	0	0.00000	0	S7_D4_R4.2.MP4	14222	29.97003
S7_D5	0	0	0.00000	0	S7_D5_L5.1.MP4	63212	29.97003
S7_D5	0	0	0.00000	0	S7_D5_L5.2.MP4	4247	29.97003
S7_D5	1	0	0.00000	0	S7_D5_R5.1.MP4	63212	29.97003
S7_D5	1	0	0.00000	0	S7_D5_R5.2.MP4	4262	29.97003
S7_D6	0	0	0.00000	0	S7_D6_L1.1.MP4	63212	29.97003
S7_D6	0	0	0.00000	0	S7_D6_L1.2.MP4	4847	29.97003
S7_D6	1	0	0.00000	0	S7_D6_R1.1.MP4	63212	29.97003
S7_D6	1	0	0.00000	0	S7_D6_R1.2.MP4	4307	29.97003
S8_D1	0	0	0.00000	0	S8_D1_L1.1.MP4	63212	29.97003
S8_D1	0	0	0.00000	0	S8_D1_L1.2.MP4	8927	29.97003
S8_D1	1	0	0.00000	0	S8_D1_R1.1.MP4	63212	29.97003
S8_D1	1	0	0.00000	0	S8_D1_R1.2.MP4	8552	29.97003
S8_D2	0	0	0.00000	0	S8_D2_L2.1.MP4	63212	29.97003
S8_D2	0	0	0.00000	0	S8_D2_L2.2.MP4	11207	29.97003
S8_D2	1	0	0.00000	0	S8_D2_R2.1.MP4	63212	29.97003
S8_D2	1	0	0.00000	0	S8_D2_R2.2.MP4	10742	29.97003
S8_D3	0	0	0.00000	0	S8_D3_L3.1.MP4	63212	29.97003
S8_D3	0	0	0.00000	0	S8_D3_L3.2.MP4	13472	29.97003
S8_D3	1	0	0.00000	0	S8_D3_R3.1.MP4	63212	29.97003
S8_D3	1	0	0.00000	0	S8_D3_R3.2.MP4	12827	29.97003
S8_D4	0	0	0.00000	0	S8_D4_L4.1.MP4	63212	29.97003
S8_D4	0	0	0.00000	0	S8_D4_L4.2.MP4	20042	29.97003
S8_D4	1	0	0.00000	0	S8_D4_R4.1.MP4	63212	29.97003
S8_D4	1	0	0.00000	0	S8_D4_R4.2.MP4	19952	29.97003
S9_D1	0	0	0.00000	0	S9_D1_L1.1.MP4	63212	29.97003
S9_D1	0	0	0.00000	0	S9_D1_L1.2.MP4	13247	29.97003
S9_D1	1	0	0.00000	0	S9_D1_R1.1.MP4	63212	29.97003
S9_D1	1	0	0.00000	0	S9_D1_R1.2.MP4	12617	29.97003
S9_D2	0	0	0.00000	0	S9_D2_L2.1.MP4	63212	29.97003
S9_D2	0	0	0.00000	0	S9_D2_L2.2.MP4	4322	29.97003
S9_D2	1	0	0.00000	0	S9_D2_R2.1.MP4	33392	29.97003
S9_D3	0	0	0.00000	0	S9_D3_L3.1.MP4	63212	29.97003
S9_D3	0	0	0.00000	0	S9_D3_L3.2.MP4	10817	29.97003
S9_D3	1	0	0.00000	0	S9_D3_R.MP4	47057	29.97003
S9_D4	0	0	0.00000	0	S9_D4_L4.1.MP4	63212	29.97003
S9_D4	0	0	0.00000	0	S9_D4_L4.2.MP4	11657	29.97003
S9_D4	1	0	0.00000	0	S9_D4_R4.1.MP4	63212	29.97003
S9_D4	1	0	0.00000	0	S9_D4_R4.2.MP4	11132	29.97003
