OpCode	ImagePtPair	FilenameLeft	FrameLeft	FilenameRight	FrameRight	Time	Period	PeriodTime	X	Y	Z	sX	sY	sZ	RMS	Range	Direction	Family	Genus	Species	Code	Number	Stage	Activity	Comment	Attribute9	Attribute10
S101_D1	17	S101_D1_L1.1.MP4	3652	S101_D1_R1.1.MP4	4255	2.03092	Timeseabed	0.90368	1622.2599	-1236.80605	-4128.76105	9.40713	7.17446	24.78274	0.69225	4605.22358	26.85384				NA	0			Vis		NA
S101_D2	1	S101_D2_L2.1.MP4	4139	S101_D2_R2.1.MP4	1598	2.30174	Timeseabed	0	-114.27316	-462.74231	-4523.25622	2.29152	3.69138	29.76914	11.78708	4548.3003	6.08658				NA	0			Vis		NA
S101_D3	2	S101_D3_L3.1.MP4	7969	S101_D3_R3.1.MP4	5307	4.43165	Timeseabed	1.74174	-380.64898	56.23197	-2934.94284	2.12744	1.49081	12.83463	0.35566	2960.0583	7.39619				NA	0			Vis		NA
S101_D4	1	S101_D4_L4.1.MP4	5266	S101_D4_R4.1.MP4	3597	2.92848	Timeseabed	0	1072.32551	0.64678	-3517.67041	5.61628	1.72808	18.44483	10.06997	3677.48386	16.96124				NA	0			Vis		NA
S102_D1	1	S102_D1_L1.1.MP4	4239	S102_D1_R1.1.MP4	3112	2.35736	Timeseabed	0	233.47883	-65.65878	-2466.46987	1.45269	1.21437	9.04679	1.99621	2478.36581	5.7845				NA	0			Vis		NA
S102_D4	2	S102_D4_L4.1.MP4	4710	S102_D4_R4.1.MP4	3266	2.61928	Timeseabedd	0.40596	-130.13254	-309.94222	-2717.62633	1.41286	1.69389	10.87751	0.1344	2738.33737	7.87178				NA	0			Vis		NA
S103_D1	9	S103_D1_L1.1.MP4	22618	S103_D1_R1.1.MP4	21661	12.57812	Timeseabed	5.55388	-1074.02413	-919.06643	-4720.46033	7.30522	6.16068	32.04819	2.48209	4927.57107	17.19392				NA	0			Vis		NA
S103_D2	49	S103_D2_L2.1.MP4	58295	S103_D2_R2.1.MP4	58449	32.4185	Timeseabed	22.11598	297.79586	-207.83769	-3975.57899	2.53133	2.24632	23.12691	0.69333	3992.13066	5.26151				NA	0			Vis		NA
S103_D3	11	S103_D3_L3.1.MP4	41956	S103_D3_R3.1.MP4	42254	23.3322	Timeseabed	21.94915	933.78581	-551.3574	-4821.55853	6.80387	4.20358	34.34561	0.55576	4942.00137	13.03621				NA	0			Vis		NA
S103_D4	43	S103_D4_L4.1.MP4	42330	S103_D4_R4.1.MP4	41085	23.54018	Timeseabed	21.48146	-1809.91287	-1160.97012	-4952.42235	12.22258	7.99024	34.39999	10.45339	5399.08542	23.76379				NA	0			Vis		NA
S104_D1	16	S104_D1_L1.1.MP4	28819	S104_D1_R1.1.MP4	26538	16.02657	Timeseabed	13.71426	-196.44139	63.54085	-2878.94732	1.60002	1.47633	12.13917	1.07221	2886.341	3.92118				NA	0			Vis		NA
S104_D2	9	S104_D2_L2.1.MP4	17845	S104_D2_R2.1.MP4	15693	9.9238	Timeseabed	7.56923	-45.71955	739.35131	-3216.28653	1.56786	3.77092	15.12824	0.79854	3300.48931	12.89684				NA	0			Vis		NA
S104_D3	1	S104_D3_L3.1.MP4	2794	S104_D3_R3.1.MP4	2890	1.55377	Timeseabed	0	1838.32538	192.42001	-4499.3536	11.7976	2.74269	29.67034	7.44856	4864.22126	22.26645				NA	0			Vis		NA
S104_D4	1	S104_D4_L4.1.MP4	5440	S104_D4_R4.1.MP4	4612	3.02524	Timeseabed	0	593.74991	496.93148	-5039.36639	4.89301	4.67462	37.07732	0.53317	5098.49914	8.40006				NA	0			Vis		NA
S10_D1	38	S10_D1_L1.1.MP4	52276	S10_D1_R1.1.MP4	51811	29.07126	Timeseabed	27.06593	-1102.49044	147.8554	-3211.29593	5.07335	1.74721	15.07637	1.85262	3398.49495	19.04826				NA	0			Vis		NA
S10_D2	55	S10_D2_L2.2.MP4	4368	S10_D2_R2.2.MP4	3853	37.58199	Timeseabed	30.25801	976.88719	918.75696	-2743.88136	3.90572	3.98711	11.03297	0.74639	3054.06415	25.60466				NA	0			Vis		NA
S10_D3	21	S10_D3_L3.1.MP4	32347	S10_D3_R3.1.MP4	31957	17.98853	Timeseabed	14.57345	1042.52915	-27.14056	-2144.567	3.19507	1.04587	6.84402	1.72702	2384.69522	25.97009				NA	0			Vis		NA
S10_D4	15	S10_D4_L4.1.MP4	5575	S10_D4_R4.1.MP4	5676	3.10032	Timeseabed	0.69625	1053.16044	838.84764	-4463.97067	7.00598	6.1319	29.30142	5.38058	4662.60082	16.45474				NA	0			Vis		NA
S11_D1	10	S11_D1_L1.1.MP4	9364	S11_D1_R1.1.MP4	9362	5.20742	Timeseabed	2.6026	-1412.76667	342.55902	-4931.24227	9.79137	3.78146	34.69773	0.88508	5141.05112	16.23944				NA	0			Vis		NA
S11_D2	2	S11_D2_L2.1.MP4	7583	S11_D2_R2.1.MP4	7535	4.21699	Timeseabed	2.51863	-18.87596	-567.69365	-4396.77117	2.13468	3.93035	28.65805	0.08843	4433.30905	8.11844				NA	0			Vis		NA
S11_D3	12	S11_D3_L3.1.MP4	3964	S11_D3_R3.1.MP4	3665	2.20442	Timeseabed	0.05283	-401.06759	725.84741	-4898.90767	3.59058	5.90961	34.60691	2.6868	4968.60202	9.14142				NA	0			Vis		NA
S11_D4	3	S11_D4_L4.1.MP4	15025	S11_D4_R4.1.MP4	14461	8.35557	Timeseabed	3.85774	228.56254	-584.80872	-3487.80828	2.03798	3.3635	17.9654	7.04152	3543.87481	10.40582				NA	0			Vis		NA
S12_D1	1	S12_D1_L1.1.MP4	2528	S12_D1_R1.1.MP4	2900	1.40585	Timeseabed	0	274.17067	1500.86601	-7874.80427	4.84061	18.48106	88.62255	10.62366	8021.24121	10.1897				NA	0			Vis		NA
S12_D2	5	S12_D2_L2.1.MP4	19710	S12_D2_R2.1.MP4	19754	10.96095	Timeseabed	8.1854	-4481.67488	1918.95441	-10849.79536	66.03952	29.41093	163.23746	11.12418	11894.78268	24.1511				NA	0			Vis		NA
S12_D3	1	S12_D3_L3.1.MP4	3818	S12_D3_R3.1.MP4	3843	2.12323	Timeseabed	0	2474.57692	-365.03808	-6041.18756	21.25007	3.86985	53.24703	1.93494	6538.55725	22.61438				NA	0			Vis		NA
S12_D4	1	S12_D4_L4.1.MP4	1895	S12_D4_R4.1.MP4	2037	1.05383	Timeseabed	0	-1657.27754	-269.3331	-6689.8537	15.62667	3.7861	63.7064	12.73274	6897.33656	14.18496				NA	0			Vis		NA
S13_D1	0	S13_D1_L1.1.MP4	2947	S13_D1_R1.1.MP4	3527	1.63886	Timeseabed	0	-3.36129	-102.78481	-632.80074	0.33827	0.33563	0.64528	0.97409	641.10279	9.76759				NA	0			Diode		NA
S13_D1	2	S13_D1_L1.1.MP4	4249	S13_D1_R1.1.MP4	4829	2.36292	Timeseabed	0.72406	1293.67044	1700.03641	-6065.04762	11.50137	15.702	53.52365	0.62261	6430.28069	18.97896				NA	0			Vis		NA
S13_D2	8	S13_D2_L2.1.MP4	11546	S13_D2_R2.1.MP4	11863	6.42086	Timeseabed	4.48448	-10.19276	1087.64533	-3178.59195	1.54051	5.46606	14.89553	0.95788	3359.54209	18.13295				NA	0			Vis		NA
S13_D3	1	S13_D3_L3.1.MP4	4880	S13_D3_R3.1.MP4	6930	2.71382	Timeseabed	0.28918	485.67237	-676.14734	-8814.32816	7.34678	9.32291	111.79072	15.3687	8853.55486	5.48937				NA	0			Vis		NA
S13_D4	2	S13_D4_L4.1.MP4	4453	S13_D4_R4.1.MP4	4399	2.47636	Timeseabed	0.12791	-1069.03665	872.92979	-3117.0331	4.62353	4.26381	13.71089	0.83204	3408.92081	23.31748				NA	0			Vis		NA
S18_D1	1	S18_D1_L1.1.MP4	4368	S18_D1_R1.1.MP4	4441	2.42909	Timeseabed	0	2274.32758	-1412.09535	-8368.07433	27.10275	16.10622	101.26365	6.61398	8785.85495	18.16826				NA	0			Vis		NA
S18_D2	1	S18_D2_L2.1.MP4	3450	S18_D2_R2.1.MP4	3444	1.91858	Timeseabed	0	3833.23432	1333.20915	-8243.01617	43.44956	15.97856	96.06878	24.35102	9187.95121	26.18943				NA	0			Vis		NA
S18_D3	1	S18_D3_L3.1.MP4	2381	S18_D3_R3.1.MP4	2193	1.3241	Timeseabed	0	-1788.11593	-1222.59792	-7837.88996	20.38632	13.34271	89.99844	4.03002	8131.70482	15.88866				NA	0			Vis		NA
S18_D4	1	S18_D4_L4.1.MP4	4792	S18_D4_R4.1.MP4	4805	2.66488	Timeseabed	0.45657	-749.77025	606.49411	-7917.6011	9.10066	8.6112	89.82484	8.56223	7976.1142	6.61971				NA	0			Vis		NA
S19_D1	13	S19_D1_L1.1.MP4	21881	S19_D1_R1.1.MP4	21732	12.16827	Timeseabed	10.78188	1301.13587	3692.47356	-10977.90605	20.95105	59.98869	173.01197	1.66216	11655.11633	19.12178				NA	0			Vis		NA
S19_D2	6	S19_D2_L2.1.MP4	8764	S19_D2_R2.1.MP4	8905	4.87376	Timeseabed	2.79168	2654.03363	-649.80803	-5671.36549	21.04288	5.39511	46.46164	8.63159	6295.2785	25.91438				NA	0			Vis		NA
S19_D3	22	S19_D3_L3.1.MP4	31274	S19_D3_R3.1.MP4	30956	17.39182	Timeseabed	15.54775	1772.20886	62.67933	-6503.69161	16.49066	3.19284	61.40905	4.06791	6741.11694	15.24805				NA	0			Vis		NA
S19_D4	1	S19_D4_L4.1.MP4	5124	S19_D4_R4.1.MP4	5556	2.84951	Timeseabed	0.01001	-910.2608	65.81295	-9823.19077	13.30427	5.78375	137.60221	4.04334	9865.49457	5.30948				NA	0			Vis		NA
S201_D1	23	S201_D1_L1.1.MP4	4042	S201_D1_R1.1.MP4	3624	2.2478	Timeseabed	0.06284	-146.19208	999.77746	-3459.04154	1.80534	5.50042	17.3723	2.2595	3603.5948	15.41307				NA	0			Vis		NA
S201_D2	2	S201_D2_L2.1.MP4	11143	S201_D2_R2.1.MP4	10954	6.19675	Timeseabed	3.9445	-1321.31767	-42.55086	-5048.75877	9.46282	2.43339	36.39989	3.70941	5218.97079	14.70018				NA	0			Vis		NA
S201_D3	18	S201_D3_L3.1.MP4	6744	S201_D3_R3.1.MP4	6734	3.75041	Timeseabed	1.73507	2119.43755	-120.94212	-4055.883	11.83691	1.98855	23.63383	3.71352	4577.86298	27.68065				NA	0			Vis	QAQC moved	NA
S201_D3	20	S201_D3_L3.1.MP4	6794	S201_D3_R3.1.MP4	6784	3.77822	Timeseabed	1.76287	245.05386	-1034.67142	-6549.04034	3.89683	9.64925	63.26783	6.72264	6634.79658	9.96082				NA	0			Vis	QAQC added	NA
S201_D4	17	S201_D4_L4.1.MP4	32364	S201_D4_R4.1.MP4	32159	17.99798	Timeseabed	15.28749	16.02163	-231.39338	-4366.56971	2.10573	2.54067	27.7687	1.54447	4372.72576	3.11374				NA	0			Vis		NA
S202_D1	18	S202_D1_L1.1.MP4	58041	S202_D1_R1.1.MP4	58349	32.27725	Timeseabed	24.1102	-1759.25933	1402.51525	-5519.41829	13.29828	11.63088	42.6261	10.13979	5960.37085	21.69392				NA	0			Vis		NA
S202_D2	1	S202_D2_L2.1.MP4	4651	S202_D2_R2.1.MP4	5568	2.58647	Timeseabed	0.07563	-571.79242	45.94879	-4552.79253	4.2118	2.21134	30.05449	0.839	4588.78826	7.17572				NA	0			Vis		NA
S202_D3	7	S202_D3_L3.1.MP4	18496	S202_D3_R3.1.MP4	18395	10.28583	Timeseabed	8.18262	2228.92746	999.68713	-4508.8669	13.75741	7.03323	28.83125	1.15734	5128.0964	28.14597				NA	0			Vis	QAQC added	NA
S202_D4	57	S202_D4_L4.1.MP4	47967	S202_D4_R4.1.MP4	48016	26.67498	Timeseabed	24.16025	422.78892	245.8328	-4822.16404	3.71294	3.10798	33.93385	2.21098	4846.9011	5.54058				NA	0			Vis		NA
S203_D1	11	S203_D1_L1.1.MP4	31325	S203_D1_R1.1.MP4	31309	17.42018	Timeseabed	15.59614	334.87742	291.24492	-3163.48541	2.12705	2.1984	14.68221	2.82094	3194.46497	7.43688				NA	0			Vis		NA
S203_D2	82	S203_D2_L2.1.MP4	56951	S203_D2_R2.1.MP4	56767	31.67108	Timeseabed	30.0617	115.46417	-1056.9543	-4973.19799	2.52397	7.90441	36.008	0.81107	5085.58577	12.1407				NA	0			Vis		NA
S203_D3	22	S203_D3_L3.1.MP4	57866	S203_D3_R3.1.MP4	57615	32.17993	Timeseabed	29.8893	1924.16739	-174.32197	-3723.5464	9.90179	1.90767	20.01543	1.56135	4194.95007	27.5015				NA	0			Vis		NA
S203_D4	1	S203_D4_L4.1.MP4	4843	S203_D4_R4.1.MP4	4285	2.69325	Timeseabed	0	1752.02528	-433.41153	-3415.71573	8.18299	2.45439	16.81634	0.23983	3863.23078	28.07494				NA	0			Vis		NA
S203_D5	50	S203_D5_L5.1.MP4	44683	S203_D5_R5.1.MP4	44204	24.84871	Timeseabed	22.15658	-1427.11399	-230.59569	-4815.79459	9.65617	2.63609	33.03928	0.61793	5028.09171	16.80272				NA	0			Vis		NA
S204_D1	1	S204_D1_L1.1.MP4	4502	S204_D1_R1.1.MP4	4441	2.50361	Timeseabed	0	1941.31995	-393.45968	-3869.09245	10.62296	2.7357	22.00118	1.05299	4346.65504	27.22168				NA	0			Vis		NA
S204_D2	20	S204_D2_L2.1.MP4	48962	S204_D2_R2.1.MP4	48942	27.22831	Timeseabed	25.7624	1845.2922	-208.10909	-3647.9138	9.34716	1.9411	19.28565	0.93478000000000006	4093.3712	27.07321				NA	0			Vis		NA
S204_D3	46	S204_D3_L3.1.MP4	58940	S204_D3_R3.1.MP4	58808	32.77719	Timeseabed	30.04668	1126.10712	600.13975	-1948.16289	2.88947	1.84554	5.3203	6.35036	2328.86745	33.17072				NA	0			Vis		NA
S204_D4	3	S204_D4_L4.1.MP4	11256	S204_D4_R4.1.MP4	11222	6.25959	Timeseabed	4.23201	995.25604	404.55621	-3861.55067	5.67682	3.21848	21.86275	2.182	4008.21331	15.2366				NA	0			Vis		NA
S6_D1	56	S6_D1_L1.1.MP4	54963	S6_D1_R1.1.MP4	55003	30.56554	Timeseabed	28.63249	2287.2889	733.37666	-6863.7251	22.72511	8.66203	69.1519	4.93579	7271.88105	19.13325				NA	0			Vis		NA
S6_D2	21	S6_D2_L1.1.MP4	34271	S6_D2_R1.1.MP4	34043	19.05848	Timeseabed	17.00866	2218.61106	-95.6069	-7209.0036	22.62388	3.53821	74.93738	4.80836	7543.28235	17.12684				NA	0			Vis		NA
S6_D3	27	S6_D3_L1.2.MP4	18443	S6_D3_R1.2.MP4	18175	45.40925	Timeseabed	29.65741	861.56333	-428.50404	-4726.67499	6.09561	3.50569	32.51152	2.01444	4823.62556	11.71925				NA	0			Vis		NA
S6_D4	1	S6_D4_L1.1.MP4	7963	S6_D4_R1.1.MP4	9052	4.42831	Timeseabed	0	573.38705	943.96848	-5481.89413	5.13138	8.44718	43.30308	19.61513	5592.04904	10.72456				NA	0			Vis		NA
S6_D5	10	S6_D5_L1.1.MP4	26982	S6_D5_R1.1.MP4	26854	15.00499	Timeseabed	13.06361	1268.7169	-151.53005	-4761.14033	8.74474	2.40262	32.99413	0.36112	4929.61065	15.15655				NA	0			Vis		NA
S6_D6	4	S6_D6_L1.1.MP4	22988	S6_D6_R1.1.MP4	23048	12.78388	Timeseabed	11.6978	-117.6978	-157.83762	-6734.97259	3.40463	3.41828	65.40895	6.61852	6737.8499	2.12004				NA	0			Vis		NA
S7_D1	1	S7_D1_L1.1.MP4	4841	S7_D1_R1.1.MP4	4679	2.69213	Timeseabed	0	3737.66088	2113.29409	-14377.43082	77.45329	47.323480000000004	299.81372	18.39524	15004.88713	16.37504				NA	0			Vis		NA
S7_D2	20	S7_D2_L2.1.MP4	37224	S7_D2_R2.1.MP4	36037	20.70068	Timeseabed	18.19707	989.46397	911.95771	-6488.59539	9.51286	9.95987	60.46896	6.42383	6626.65647	11.11943				NA	0			Vis		NA
S7_D3	0	S7_D3_L1.1.MP4	1757	S7_D3_R1.1.MP4	1516	0.97709		-1	1717.44297	194.67687	-4467.04796	10.69622	2.59559	28.77914	1.26092	4789.7836	21.10585	Carangidae	Trachurus	novaezelandiae	37337003	5000	AD	Passing	First Appearance		NA
S7_D4	1	S7_D4_L4.1.MP4	3759	S7_D4_R4.1.MP4	3557	2.09042	Timeseabed	0.27694	-30.39121	-901.32675	-9796.47868	4.66638	13.13828	137.247	26.14501	9837.90161	5.38524				NA	0			Vis		NA
S7_D5	1	S7_D5_L5.1.MP4	6136	S7_D5_R5.1.MP4	5728	3.4123	Timeseabed	0.24803	-2501.20961	1050.7339	-7660.17982	26.47108	11.98873	82.81721	2.71173	8126.40425	19.45391				NA	0			Vis		NA
S7_D6	18	S7_D6_L1.1.MP4	6927	S7_D6_R1.1.MP4	6122	3.85218	Timeseabed	1.8018	-1581.18682	-275.44005	-9644.95684	21.90215	5.46735	133.47401	8.19344	9777.5872	9.53771				NA	0			Vis		NA
S8_D1	52	S8_D1_L1.1.MP4	57752	S8_D1_R1.1.MP4	57297	32.11653	Timeseabed	28.64028	1024.49663	-1007.59896	-4745.68467	7.19193	6.82072	33.0268	0.73528	4958.46468	17.47529				NA	0			Vis		NA
S8_D2	1	S8_D2_L2.1.MP4	4964	S8_D2_R2.1.MP4	4329	2.76054	Timeseabed	0	-1689.64409	314.35755	-4761.99951	11.52304	3.48036	33.0954	1.00598	5062.6433	19.71978				NA	0			Vis		NA
S8_D3	5	S8_D3_L3.1.MP4	6340	S8_D3_R3.1.MP4	5738	3.52574	Timeseabed	0.21021	432.93807	-434.2324	-4005.55609	3.12863	3.02203	23.59077	3.39778	4052.21825	9.09167				NA	0			Vis		NA
S8_D4	1	S8_D4_L4.1.MP4	10631	S8_D4_R4.1.MP4	10540	5.91202	Timeseabed	0	-302.85816	-441.2038	-4969.85281	3.18252	3.74162	35.87989	6.66165	4998.58188	6.54128				NA	0			Vis		NA
S9_D1	1	S9_D1_L1.1.MP4	4996	S9_D1_R1.1.MP4	4696	2.77833	Timeseabed	0.02614	-661.63283	768.38845	-3734.31781	3.81289	4.75436	20.07702	0.52318	3869.53593	14.53428				NA	0			Vis		NA
S9_D3	1	S9_D3_L3.1.MP4	3175	S9_D3_R.MP4	3094	1.76565	Timeseabed	5.6e-4	-83.74481	6.50561	-4929.52629	2.43954	2.42636	35.24489	0.65958	4930.24188	1.07714				NA	0			Vis		NA
S9_D4	1	S9_D4_L4.1.MP4	3699	S9_D4_R4.1.MP4	3426	2.05706	Timeseabed	0	232.65254	76.58672	-4758.70962	2.76334	2.44271	32.90371	2.28392	4765.00892	2.83436				NA	0			Vis		NA
