OpCode	Camera	MovieSeqIndex	StartTimeOffset	Format	Filename	Frames	Rate
01	0	0	0.00000	0	Beagle_181021_1_286_287_286.avi	110412	25.00000
01	1	0	0.00000	0	Beagle_181021_1_286_287_287.avi	109440	25.00000
02	0	0	0.00000	0	Beagle_180925_02_286_287_286.avi	99216	25.00000
02	1	0	0.00000	0	Beagle_180925_02_286_287_287.avi	120035	25.00000
03	0	0	0.00000	0	Beagle_180926_03_406_407_406.avi	111780	25.00000
03	1	0	0.00000	0	Beagle_180926_03_406_407_407.avi	111360	25.00000
04	0	0	0.00000	0	Beagle_180925_04_282_283_282.avi	111252	25.00000
04	1	0	0.00000	0	Beagle_180925_04_282_283_283.avi	110124	25.00000
06	0	0	0.00000	0	Beagle_181022_06_827_828_828.avi	234382	50.00000
06	1	0	0.00000	0	Beagle_181022_06_827_828_827.avi	237407	50.00000
07	0	0	0.00000	0	Beagle_180925_07_282_283_282.avi	117203	25.00000
07	1	0	0.00000	0	Beagle_180925_07_282_283_283.avi	114814	25.00000
08	0	0	0.00000	0	Beagle_181021_8_282_283_282.avi	100464	25.00000
08	1	0	0.00000	0	Beagle_181021_8_282_283_283.avi	103403	25.00000
09	0	0	0.00000	0	Beagle_181022_09_406_407_406.avi	102948	25.00000
09	1	0	0.00000	0	Beagle_181022_09_406_407_407.avi	102899	25.00000
10	0	0	0.00000	0	Beagle_180924_10_282_283_282.avi	112894	25.00000
10	1	0	0.00000	0	Beagle_180924_10_282_283_283.avi	112728	25.00000
100	0	0	0.00000	0	Beagle_181021_100_827_828_828.avi	217055	50.00000
100	1	0	0.00000	0	Beagle_181021_100_827_828_827.avi	244966	50.00000
101	0	0	0.00000	0	Beagle_181022_101_286_287_286.avi	119145	25.00000
101	1	0	0.00000	0	Beagle_181022_101_286_287_287.avi	120108	25.00000
102	0	0	0.00000	0	Beagle_181022_102_286_287_286.avi	119988	25.00000
102	1	0	0.00000	0	Beagle_181022_102_286_287_287.avi	125928	25.00000
103	0	0	0.00000	0	Beagle_180926_103_827_828_828.avi	244991	50.00000
103	1	0	0.00000	0	Beagle_180926_103_827_828_827.avi	245278	50.00000
104	0	0	0.00000	0	Beagle_181022_104_406_407_407.avi	102888	25.00000
104	0	0	0.00000	0	Beagle_181022_104_406_407_406.avi	102888	25.00000
104	1	0	0.00000	0	Beagle_181022_104_406_407_406.avi	102888	25.00000
105	0	0	0.00000	0	Beagle_180924_105_827_828_828.avi	419064	50.00000
105	1	0	0.00000	0	Beagle_180924_105_827_828_827.avi	419394	50.00000
107	0	0	0.00000	0	Beagle_180926_107_286_287_286.avi	127536	25.00000
107	1	0	0.00000	0	Beagle_180926_107_286_287_287.avi	126431	25.00000
108	0	0	0.00000	0	Beagle_180925_108_406_407_406.avi	126000	25.00000
108	1	0	0.00000	0	Beagle_180925_108_406_407_407.avi	126696	25.00000
109	0	0	0.00000	0	Beagle_181019_109_827_828_827.avi	320443	50.00000
109	1	0	0.00000	0	Beagle_181019_109_827_828_828.avi	170448	50.00000
11	0	0	0.00000	0	Beagle_180926_11_286_287_286.avi	168252	25.00000
11	1	0	0.00000	0	Beagle_180926_11_286_287_287.avi	167759	25.00000
110	0	0	0.00000	0	Beagle_180925_110_827_828_828.avi	232727	50.00000
110	1	0	0.00000	0	Beagle_180925_110_827_828_827.avi	234765	50.00000
111	0	0	0.00000	0	Beagle_181019_111_406_407_406.avi	107196	25.00000
111	1	0	0.00000	0	Beagle_181019_111_406_407_407.avi	108646	25.00000
112	0	0	0.00000	0	Beagle_180924_112_406_407_406.avi	266292	25.00000
112	1	0	0.00000	0	Beagle_180924_112_406_407_407.avi	266352	25.00000
113	0	0	0.00000	0	Beagle_181022_113_282_283_282.avi	113352	25.00000
113	1	0	0.00000	0	Beagle_181022_113_282_283_283.avi	114840	25.00000
114	0	0	0.00000	0	Beagle_181022_114_827_828_827.avi	241056	50.00000
115	0	0	0.00000	0	Beagle_180926_115_282_283_282.avi	43872	25.00000
115	1	0	0.00000	0	Beagle_180926_115_282_283_283.avi	11351	25.00000
116	0	0	0.00000	0	Beagle_180924_116_282_283_283.avi	173123	25.00000
116	1	0	0.00000	0	Beagle_180924_116_282_283_282.avi	218856	25.00000
117	0	0	0.00000	0	Beagle_181021_117_827_828_827.avi	217438	50.00000
12	0	0	0.00000	0	Beagle_181022_12_282_283_282.avi	108288	25.00000
12	1	0	0.00000	0	Beagle_181022_12_282_283_283.avi	107904	25.00000
120	0	0	0.00000	0	Beagle_181021_120_406_407_406.avi	133656	25.00000
120	1	0	0.00000	0	Beagle_181021_120_406_407_407.avi	132251	25.00000
121	0	0	0.00000	0	Beagle_180925_121_282_283_283.avi	109308	25.00000
121	1	0	0.00000	0	Beagle_180925_121_282_283_282.avi	45300	25.00000
122	0	0	0.00000	0	Beagle_181022_122_827_828_828.avi	280389	50.00000
122	1	0	0.00000	0	Beagle_181022_122_827_828_827.avi	284445	50.00000
123	0	0	0.00000	0	Beagle_180924_123_286_287_286.avi	102828	25.00000
123	1	0	0.00000	0	Beagle_180924_123_286_287_287.avi	101908	25.00000
124	0	0	0.00000	0	Beagle_180924_124_827_828_828.avi	256343	50.00000
124	1	0	0.00000	0	Beagle_180924_124_827_828_827.avi	244750	50.00000
125	0	0	0.00000	0	Beagle_181019_125_406_407_406.avi	171264	25.00000
127	0	0	0.00000	0	Beagle_180925_127_406_407_406.avi	108924	25.00000
127	1	0	0.00000	0	Beagle_180925_127_406_407_407.avi	108264	25.00000
128	0	0	0.00000	0	Beagle_181021_128_282_283_282.avi	109051	25.00000
128	1	0	0.00000	0	Beagle_181021_128_282_283_283.avi	109341	25.00000
129	0	0	0.00000	0	Beagle_181002_129_827_828_828.avi	307582	50.00000
129	1	0	0.00000	0	Beagle_181002_129_827_828_827.avi	305901	50.00000
13	0	0	0.00000	0	Beagle_181021_13_827_828_828.avi	214293	50.00000
13	1	0	0.00000	0	Beagle_181021_13_827_828_827.avi	213287	50.00000
130	0	0	0.00000	0	Beagle_180924_130_406_407_406.avi	109943	25.00000
130	1	0	0.00000	0	Beagle_180924_130_406_407_407.avi	110076	25.00000
131	0	0	0.00000	0	Beagle_181002_131_282_283_282.avi	148572	25.00000
131	1	0	0.00000	0	Beagle_181002_131_282_283_283.avi	148236	25.00000
132	0	0	0.00000	0	Beagle_181001_132_827_828_828.avi	218733	50.00000
132	1	0	0.00000	0	Beagle_181001_132_827_828_827.avi	217173	50.00000
134	0	0	0.00000	0	Beagle_181001_134_282_283_282.avi	108708	25.00000
134	1	0	0.00000	0	Beagle_181001_134_282_283_283.avi	108684	25.00000
135	0	0	0.00000	0	Beagle_181002_135_282_283_282.avi	118744	25.00000
135	1	0	0.00000	0	Beagle_181002_135_282_283_283.avi	117718	25.00000
136	0	0	0.00000	0	Beagle_181001_136_827_828_828.avi	254038	50.00000
136	1	0	0.00000	0	Beagle_181001_136_827_828_827.avi	252285	50.00000
137	0	0	0.00000	0	Beagle_180924_137_282_283_283.avi	98208	25.00000
137	0	0	0.00000	0	Beagle_180924_137_282_283_282.avi	104387	25.00000
137	1	0	0.00000	0	Beagle_180924_137_282_283_282.avi	104387	25.00000
138	0	0	0.00000	0	Beagle_181002_138_282_283_282.avi	113135	25.00000
138	1	0	0.00000	0	Beagle_181002_138_282_283_283.avi	113159	25.00000
139	0	0	0.00000	0	Beagle_181001_139_827_828_828.avi	226748	50.00000
139	1	0	0.00000	0	Beagle_181001_139_827_828_827.avi	226678	50.00000
14	0	0	0.00000	0	Beagle_180924_14_282_283_283.avi	96588	25.00000
140	0	0	0.00000	0	Beagle_181002_140_286_287_286.avi	154272	25.00000
140	1	0	0.00000	0	Beagle_181002_140_286_287_287.avi	157704	25.00000
141	0	0	0.00000	0	Beagle_181002_141_282_283_282.avi	107651	25.00000
141	1	0	0.00000	0	Beagle_181002_141_282_283_283.avi	108033	25.00000
142	0	0	0.00000	0	Beagle_180926_142_282_283_282.avi	123935	25.00000
142	1	0	0.00000	0	Beagle_180926_142_282_283_283.avi	116399	25.00000
143	0	0	0.00000	0	Beagle_180926_143_282_283_282.avi	139938	25.00000
143	1	0	0.00000	0	Beagle_180926_143_282_283_283.avi	83748	25.00000
144	0	0	0.00000	0	Beagle_181002_144_282_283_282.avi	107112	25.00000
144	1	0	0.00000	0	Beagle_181002_144_282_283_283.avi	107147	25.00000
145	0	0	0.00000	0	Beagle_181019_145_406_407_406.avi	119916	25.00000
145	1	0	0.00000	0	Beagle_181019_145_406_407_407.avi	119928	25.00000
147	0	0	0.00000	0	Beagle_180926_147_827_828_828.avi	343581	50.00000
147	1	0	0.00000	0	Beagle_180926_147_827_828_827.avi	247988	50.00000
149	0	0	0.00000	0	Beagle_181019_149_286_287_286.avi	177047	25.00000
149	1	0	0.00000	0	Beagle_181019_149_286_287_287.avi	177108	25.00000
15	0	0	0.00000	0	Beagle_181019_15_827_828_828.avi	224014	50.00000
15	1	0	0.00000	0	Beagle_181019_15_827_828_827.avi	224876	50.00000
16	0	0	0.00000	0	Beagle_181022_16_286_287_286.avi	131064	25.00000
16	1	0	0.00000	0	Beagle_181022_16_286_287_287.avi	132240	25.00000
18	0	0	0.00000	0	Beagle_181022_18_406_407_406.avi	102876	25.00000
18	1	0	0.00000	0	Beagle_181022_18_406_407_407.avi	102864	25.00000
21	0	0	0.00000	0	Beagle_181022_21_827_828_828.avi	276406	50.00000
21	1	0	0.00000	0	Beagle_181022_21_827_828_827.avi	279093	50.00000
22	0	0	0.00000	0	Beagle_180926_22_406_407_406.avi	112343	25.00000
22	1	0	0.00000	0	Beagle_180926_22_406_407_407.avi	112427	25.00000
23	0	0	0.00000	0	Beagle_181021_23_406_407_406.avi	115764	25.00000
23	1	0	0.00000	0	Beagle_181021_23_406_407_407.avi	117936	25.00000
24	0	0	0.00000	0	Beagle_180926_24_286_287_286.avi	119748	25.00000
24	1	0	0.00000	0	Beagle_180926_24_286_287_287.avi	143688	25.00000
25	0	0	0.00000	0	Beagle_180925_25_827_828_828.avi	263974	50.00000
25	1	0	0.00000	0	Beagle_180925_25_827_828_827.avi	267021	50.00000
26	0	0	0.00000	0	Beagle_181022_26_282_283_282.avi	112848	25.00000
26	1	0	0.00000	0	Beagle_181022_26_282_283_283.avi	114240	25.00000
28	0	0	0.00000	0	Beagle_180925_28_286_287_286.avi	113532	25.00000
28	1	0	0.00000	0	Beagle_180925_28_286_287_287.avi	113208	25.00000
29	0	0	0.00000	0	Beagle_181022_29_827_828_828.avi	245109	50.00000
29	1	0	0.00000	0	Beagle_181022_29_827_828_827.avi	244821	50.00000
30	0	0	0.00000	0	Beagle_180926_30_406_407_406.avi	111000	25.00000
30	1	0	0.00000	0	Beagle_180926_30_406_407_407.avi	110268	25.00000
31	0	0	0.00000	0	Beagle_180925_31_406_407_406.avi	109800	25.00000
31	1	0	0.00000	0	Beagle_180925_31_406_407_407.avi	110580	25.00000
32	0	0	0.00000	0	Beagle_181021_32_282_283_282.avi	110652	25.00000
32	1	0	0.00000	0	Beagle_181021_32_282_283_283.avi	110280	25.00000
34	0	0	0.00000	0	Beagle_181021_34_282_283_282.avi	149580	25.00000
34	1	0	0.00000	0	Beagle_181021_34_282_283_283.avi	149075	25.00000
35	0	0	0.00000	0	Beagle_181022_35_282_283_282.avi	113784	25.00000
35	1	0	0.00000	0	Beagle_181022_35_282_283_283.avi	115020	25.00000
36	0	0	0.00000	0	Beagle_180924_36_827_828_828.avi	211727	50.00000
36	1	0	0.00000	0	Beagle_180924_36_827_828_827.avi	209855	50.00000
37	0	0	0.00000	0	Beagle_180925_37_827_828_828.avi	261021	50.00000
37	1	0	0.00000	0	Beagle_180925_37_827_828_827.avi	261623	50.00000
38	0	0	0.00000	0	Beagle_181002_38_406_407_406.avi	162120	25.00000
38	1	0	0.00000	0	Beagle_181002_38_406_407_407.avi	162588	25.00000
39	0	0	0.00000	0	Beagle_181021_39_286_287_286.avi	92988	25.00000
39	1	0	0.00000	0	Beagle_181021_39_286_287_287.avi	93756	25.00000
40	0	0	0.00000	0	Beagle_181019_40_827_828_828.avi	173806	50.00000
40	1	0	0.00000	0	Beagle_181019_40_827_828_827.avi	177863	50.00000
41	0	0	0.00000	0	Beagle_181021_41_286_287_286.avi	156166	25.00000
41	1	0	0.00000	0	Beagle_181021_41_286_287_287.avi	157188	25.00000
42	0	0	0.00000	0	Beagle_180924_42_286_287_286.avi	118200	25.00000
42	1	0	0.00000	0	Beagle_180924_42_286_287_287.avi	118512	25.00000
43	0	0	0.00000	0	Beagle_180925_43_286_287_286.avi	143003	25.00000
43	1	0	0.00000	0	Beagle_180925_43_286_287_287.avi	143363	25.00000
44	0	0	0.00000	0	Beagle_180926_44_406_407_406.avi	154093	25.00000
44	1	0	0.00000	0	Beagle_180926_44_406_407_407.avi	154083	25.00000
46	0	0	0.00000	0	Beagle_180924_46_286_287_286.avi	130152	25.00000
46	1	0	0.00000	0	Beagle_180924_46_286_287_287.avi	128424	25.00000
47	0	0	0.00000	0	Beagle_180925_47_282_283_282.avi	132384	25.00000
47	1	0	0.00000	0	Beagle_180925_47_282_283_283.avi	131400	25.00000
48	0	0	0.00000	0	Beagle_181022_48_286_287_286.avi	119988	25.00000
48	1	0	0.00000	0	Beagle_181022_48_286_287_287.avi	124248	25.00000
49	0	0	0.00000	0	Beagle_180925_49_286_287_286.avi	122700	25.00000
49	1	0	0.00000	0	Beagle_180925_49_286_287_287.avi	119964	25.00000
50	0	0	0.00000	0	Beagle_180924_50R_286_287_286.avi	111432	25.00000
50	1	0	0.00000	0	Beagle_180924_50R_286_287_287.avi	104016	25.00000
51	0	0	0.00000	0	Beagle_181022_51_282_283_282.avi	110196	25.00000
51	1	0	0.00000	0	Beagle_181022_51_282_283_283.avi	110988	25.00000
52	0	0	0.00000	0	Beagle_181022_52_282_283_282.avi	112667	25.00000
52	1	0	0.00000	0	Beagle_181022_52_282_283_283.avi	113832	25.00000
53	0	0	0.00000	0	Beagle_181021_53_827_828_828.avi	285405	50.00000
53	1	0	0.00000	0	Beagle_181021_53_827_828_827.avi	287828	50.00000
55	0	0	0.00000	0	Beagle_180925_55_282_283_282.avi	105141	25.00000
55	1	0	0.00000	0	Beagle_180925_55_282_283_283.avi	105550	25.00000
56	0	0	0.00000	0	Beagle_181021_56_827_828_827.avi	292654	50.00000
57	0	0	0.00000	0	Beagle_180925_57_406_407_406.avi	105624	25.00000
57	1	0	0.00000	0	Beagle_180925_57_406_407_407.avi	104136	25.00000
59	0	0	0.00000	0	Beagle_180925_59_827_828_828.avi	224807	50.00000
59	1	0	0.00000	0	Beagle_180925_59_827_828_827.avi	227254	50.00000
60	0	0	0.00000	0	Beagle_180926_60_282_283_282.avi	116064	25.00000
60	1	0	0.00000	0	Beagle_180926_60_282_283_283.avi	115726	25.00000
61	0	0	0.00000	0	Beagle_181022_61_286_287_286.avi	118020	25.00000
61	1	0	0.00000	0	Beagle_181022_61_286_287_287.avi	118680	25.00000
62	0	0	0.00000	0	Beagle_180925_62_286_287_286.avi	112992	25.00000
62	1	0	0.00000	0	Beagle_180925_62_286_287_287.avi	71856	25.00000
64	0	0	0.00000	0	Beagle_180925_64_827_828_828.avi	305157	50.00000
64	1	0	0.00000	0	Beagle_180925_64_827_828_827.avi	302350	50.00000
65	0	0	0.00000	0	Beagle_181022_65_406_407_406.avi	108276	25.00000
65	1	0	0.00000	0	Beagle_181022_65_406_407_407.avi	109763	25.00000
66	0	0	0.00000	0	Beagle_181021_66_406_407_406.avi	107064	25.00000
66	1	0	0.00000	0	Beagle_181021_66_406_407_407.avi	107784	25.00000
67	0	0	0.00000	0	Beagle_180925_67_282_283_282.avi	101327	25.00000
67	1	0	0.00000	0	Beagle_180925_67_282_283_283.avi	100679	25.00000
68	0	0	0.00000	0	Beagle_181022_68_406_407_406.avi	100019	25.00000
68	1	0	0.00000	0	Beagle_181022_68_406_407_407.avi	102756	25.00000
71	0	0	0.00000	0	Beagle_180924_71_827_828_828.avi	226224	50.00000
71	1	0	0.00000	0	Beagle_180924_71_827_828_827.avi	212470	50.00000
72	0	0	0.00000	0	Beagle_180925_72_406_407_406.avi	105156	25.00000
72	1	0	0.00000	0	Beagle_180925_72_406_407_407.avi	105239	25.00000
73	0	0	0.00000	0	Beagle_181022_73_406_407_406.avi	95458	25.00000
73	1	0	0.00000	0	Beagle_181022_73_406_407_407.avi	95040	25.00000
75	0	0	0.00000	0	Beagle_181019_75_282_283_282.avi	150336	25.00000
75	1	0	0.00000	0	Beagle_181019_75_282_283_283.avi	151692	25.00000
76	0	0	0.00000	0	Beagle_181022_76_827_828_828.avi	269182	50.00000
76	1	0	0.00000	0	Beagle_181022_76_827_828_827.avi	268341	50.00000
77	0	0	0.00000	0	Beagle_181019_77_282_283_282.avi	112221	25.00000
77	1	0	0.00000	0	Beagle_181019_77_282_283_283.avi	110831	25.00000
78	0	0	0.00000	0	Beagle_180925_78_286_287_286.avi	105969	25.00000
78	1	0	0.00000	0	Beagle_180925_78_286_287_287.avi	62363	25.00000
79	0	0	0.00000	0	Beagle_180925_79_406_407_406.avi	102336	25.00000
79	1	0	0.00000	0	Beagle_180925_79_406_407_407.avi	102744	25.00000
80	0	0	0.00000	0	Beagle_181022_80_406_407_406.avi	102864	25.00000
80	1	0	0.00000	0	Beagle_181022_80_406_407_407.avi	102840	25.00000
82	0	0	0.00000	0	Beagle_181021_82_286_287_286.avi	145824	25.00000
82	1	0	0.00000	0	Beagle_181021_82_286_287_287.avi	149352	25.00000
84	0	0	0.00000	0	Beagle_180925_84_827_828_828.avi	254948	50.00000
84	1	0	0.00000	0	Beagle_180925_84_827_828_827.avi	254376	50.00000
85	0	0	0.00000	0	Beagle_181019_85_406_407_406.avi	102839	25.00000
85	1	0	0.00000	0	Beagle_181019_85_406_407_407.avi	102840	25.00000
87	0	0	0.00000	0	Beagle_180926_87_827_828_828.avi	269949	50.00000
87	1	0	0.00000	0	Beagle_180926_87_827_828_827.avi	267551	50.00000
88	0	0	0.00000	0	Beagle_180926_88_827_828_828.avi	348911	50.00000
88	1	0	0.00000	0	Beagle_180926_88_827_828_827.avi	351236	50.00000
89	0	0	0.00000	0	Beagle_180925_89_406_407_406.avi	96142	25.00000
89	1	0	0.00000	0	Beagle_180925_89_406_407_407.avi	96537	25.00000
90	0	0	0.00000	0	Beagle_180925_90_286_287_287.avi	107796	25.00000
90	1	0	0.00000	0	Beagle_180925_90_286_287_286.avi	62868	25.00000
91	0	0	0.00000	0	Beagle_181001_91R_282_283_282.avi	117402	25.00000
91	1	0	0.00000	0	Beagle_181001_91R_282_283_283.avi	117609	25.00000
92	0	0	0.00000	0	Beagle_180925_92_282_283_283.avi	114947	25.00000
92	1	0	0.00000	0	Beagle_180925_92_282_283_282.avi	26856	25.00000
93	0	0	0.00000	0	Beagle_181022_93_286_287_287.avi	116316	25.00000
93	1	0	0.00000	0	Beagle_181022_93_286_287_286.avi	114131	25.00000
94	0	0	0.00000	0	Beagle_180924_94_406_407_406.avi	140004	25.00000
94	1	0	0.00000	0	Beagle_180924_94_406_407_407.avi	141528	25.00000
95	0	0	0.00000	0	Beagle_181021_95_406_407_407.avi	102888	25.00000
96	0	0	0.00000	0	Beagle_180925_96_827_828_828.avi	229103	50.00000
96	1	0	0.00000	0	Beagle_180925_96_827_828_827.avi	232151	50.00000
97	0	0	0.00000	0	Beagle_181021_97_286_287_286.avi	119940	25.00000
97	1	0	0.00000	0	Beagle_181021_97_286_287_287.avi	119916	25.00000
98	0	0	0.00000	0	Beagle_181019_98_282_283_282.avi	101423	25.00000
98	1	0	0.00000	0	Beagle_181019_98_282_283_283.avi	102816	25.00000
