OpCode	Camera	MovieSeqIndex	StartTimeOffset	Format	Filename	Frames	Rate
FB_S1_R1	0	0	0.00000	0	GOPR8513.MP4	43072	59.94006
FB_S1_R1	0	0	0.00000	0	GP018513.MP4	43072	59.94006
FB_S1_R1	0	0	0.00000	0	GP028513.MP4	43072	59.94006
FB_S1_R1	0	0	0.00000	0	GP038513.MP4	43072	59.94006
FB_S1_R1	0	0	0.00000	0	GP048513.MP4	43072	59.94006
FB_S1_R1	0	0	0.00000	0	GP058513.MP4	43072	59.94006
FB_S1_R1	0	0	0.00000	0	GP068513.MP4	39766	59.94006
FB_S1_R10	0	0	0.00000	0	GOPR5870.MP4	43104	59.94006
FB_S1_R10	0	0	0.00000	0	GP015870.MP4	43072	59.94006
FB_S1_R10	0	0	0.00000	0	GP025870.MP4	43072	59.94006
FB_S1_R10	0	0	0.00000	0	GP035870.MP4	43072	59.94006
FB_S1_R10	0	0	0.00000	0	GP045870.MP4	43072	59.94006
FB_S1_R10	0	0	0.00000	0	GP055870.MP4	43072	59.94006
FB_S1_R10	0	0	0.00000	0	GP065870.MP4	41568	59.94006
FB_S1_R11	0	0	0.00000	0	GOPR8529.MP4	43072	59.94006
FB_S1_R11	0	0	0.00000	0	GP018529.MP4	43072	59.94006
FB_S1_R11	0	0	0.00000	0	GP028529.MP4	43072	59.94006
FB_S1_R11	0	0	0.00000	0	GP038529.MP4	43072	59.94006
FB_S1_R11	0	0	0.00000	0	GP048529.MP4	43072	59.94006
FB_S1_R11	0	0	0.00000	0	GP058529.MP4	43072	59.94006
FB_S1_R11	0	0	0.00000	0	GP068529.MP4	42876	59.94006
FB_S1_R12	0	0	0.00000	0	GOPR5921.MP4	43072	59.94006
FB_S1_R12	0	0	0.00000	0	GP015921.MP4	43072	59.94006
FB_S1_R12	0	0	0.00000	0	GP025921.MP4	43104	59.94006
FB_S1_R12	0	0	0.00000	0	GP035921.MP4	43072	59.94006
FB_S1_R12	0	0	0.00000	0	GP045921.MP4	43072	59.94006
FB_S1_R12	0	0	0.00000	0	GP055921.MP4	43072	59.94006
FB_S1_R12	0	0	0.00000	0	GP065921.MP4	41647	59.94006
FB_S1_R2	0	0	0.00000	0	GOPR5863.MP4	43072	59.94006
FB_S1_R2	0	0	0.00000	0	GP015863.MP4	43072	59.94006
FB_S1_R2	0	0	0.00000	0	GP025863.MP4	43072	59.94006
FB_S1_R2	0	0	0.00000	0	GP035863.MP4	43072	59.94006
FB_S1_R2	0	0	0.00000	0	GP045863.MP4	43072	59.94006
FB_S1_R2	0	0	0.00000	0	GP055863.MP4	43072	59.94006
FB_S1_R2	0	0	0.00000	0	GP065863.MP4	30756	59.94006
FB_S1_R3	0	0	0.00000	0	GOPR5869.MP4	43104	59.94006
FB_S1_R3	0	0	0.00000	0	GP015869.MP4	43104	59.94006
FB_S1_R3	0	0	0.00000	0	GP025869.MP4	43072	59.94006
FB_S1_R3	0	0	0.00000	0	GP035869.MP4	43072	59.94006
FB_S1_R3	0	0	0.00000	0	GP045869.MP4	43072	59.94006
FB_S1_R3	0	0	0.00000	0	GP055869.MP4	43072	59.94006
FB_S1_R3	0	0	0.00000	0	GP065869.MP4	30938	59.94006
FB_S1_R4	0	0	0.00000	0	GH015689.MP4	42420	59.94006
FB_S1_R4	0	0	0.00000	0	GH025689.MP4	42420	59.94006
FB_S1_R4	0	0	0.00000	0	GH035689.MP4	42420	59.94006
FB_S1_R4	0	0	0.00000	0	GH045689.MP4	42420	59.94006
FB_S1_R4	0	0	0.00000	0	GH055689.MP4	42420	59.94006
FB_S1_R4	0	0	0.00000	0	GH065689.MP4	42420	59.94006
FB_S1_R4	0	0	0.00000	0	GH075689.MP4	31684	59.94006
FB_S1_R5	0	0	0.00000	0	GOPR8528.MP4	43104	59.94006
FB_S1_R5	0	0	0.00000	0	GP018528.MP4	43072	59.94006
FB_S1_R5	0	0	0.00000	0	GP028528.MP4	43072	59.94006
FB_S1_R5	0	0	0.00000	0	GP038528.MP4	43072	59.94006
FB_S1_R5	0	0	0.00000	0	GP048528.MP4	43072	59.94006
FB_S1_R5	0	0	0.00000	0	GP058528.MP4	43072	59.94006
FB_S1_R5	0	0	0.00000	0	GP068528.MP4	29685	59.94006
FB_S1_R6	0	0	0.00000	0	GOPR5920.MP4	43136	59.94006
FB_S1_R6	0	0	0.00000	0	GP015920.MP4	43168	59.94006
FB_S1_R6	0	0	0.00000	0	GP025920.MP4	43072	59.94006
FB_S1_R6	0	0	0.00000	0	GP035920.MP4	43072	59.94006
FB_S1_R6	0	0	0.00000	0	GP045920.MP4	43072	59.94006
FB_S1_R6	0	0	0.00000	0	GP055920.MP4	43104	59.94006
FB_S1_R6	0	0	0.00000	0	GP065920.MP4	30839	59.94006
FB_S1_R7	0	0	0.00000	0	GOPR8514.MP4	43104	59.94006
FB_S1_R7	0	0	0.00000	0	GP018514.MP4	43104	59.94006
FB_S1_R7	0	0	0.00000	0	GP028514.MP4	43072	59.94006
FB_S1_R7	0	0	0.00000	0	GP038514.MP4	43104	59.94006
FB_S1_R7	0	0	0.00000	0	GP048514.MP4	10212	59.94006
FB_S1_R8	0	0	0.00000	0	GOPR5864.MP4	43552	59.94006
FB_S1_R8	0	0	0.00000	0	GP015864.MP4	43360	59.94006
FB_S1_R8	0	0	0.00000	0	GP025864.MP4	43296	59.94006
FB_S1_R8	0	0	0.00000	0	GP035864.MP4	43136	59.94006
FB_S1_R8	0	0	0.00000	0	GP045864.MP4	43072	59.94006
FB_S1_R8	0	0	0.00000	0	GP055864.MP4	43072	59.94006
FB_S1_R8	0	0	0.00000	0	GP065864.MP4	33278	59.94006
FB_S1_R9	0	0	0.00000	0	GH015690.MP4	22271	59.94006
FB_S2_R1	0	0	0.00000	0	GOPR8517.MP4	43072	59.94006
FB_S2_R1	0	0	0.00000	0	GP018517.MP4	43072	59.94006
FB_S2_R1	0	0	0.00000	0	GP028517.MP4	43072	59.94006
FB_S2_R1	0	0	0.00000	0	GP038517.MP4	43072	59.94006
FB_S2_R1	0	0	0.00000	0	GP048517.MP4	43072	59.94006
FB_S2_R1	0	0	0.00000	0	GP058517.MP4	43072	59.94006
FB_S2_R1	0	0	0.00000	0	GP068517.MP4	43072	59.94006
FB_S2_R1	0	0	0.00000	0	GP078517.MP4	23999	59.94006
FB_S2_R10	0	0	0.00000	0	GH015693.MP4	42420	59.94006
FB_S2_R10	0	0	0.00000	0	GH025693.MP4	42420	59.94006
FB_S2_R10	0	0	0.00000	0	GH035693.MP4	42420	59.94006
FB_S2_R10	0	0	0.00000	0	GH045693.MP4	42420	59.94006
FB_S2_R10	0	0	0.00000	0	GH055693.MP4	42420	59.94006
FB_S2_R10	0	0	0.00000	0	GH065693.MP4	42420	59.94006
FB_S2_R10	0	0	0.00000	0	GH075693.MP4	18757	59.94006
FB_S2_R11	0	0	0.00000	0	GOPR5925.MP4	43392	59.94006
FB_S2_R11	0	0	0.00000	0	GP015925.MP4	43072	59.94006
FB_S2_R11	0	0	0.00000	0	GP025925.MP4	43072	59.94006
FB_S2_R11	0	0	0.00000	0	GP035925.MP4	43072	59.94006
FB_S2_R11	0	0	0.00000	0	GP045925.MP4	43072	59.94006
FB_S2_R11	0	0	0.00000	0	GP055925.MP4	43072	59.94006
FB_S2_R11	0	0	0.00000	0	GP065925.MP4	40477	59.94006
FB_S2_12	0	0	0.00000	0	GOPR0003.MP4	43072	59.94006
FB_S2_12	0	0	0.00000	0	GP010003.MP4	43072	59.94006
FB_S2_12	0	0	0.00000	0	GP020003.MP4	43072	59.94006
FB_S2_12	0	0	0.00000	0	GP030003.MP4	43072	59.94006
FB_S2_12	0	0	0.00000	0	GP040003.MP4	43072	59.94006
FB_S2_12	0	0	0.00000	0	GP050003.MP4	37352	59.94006
FB_S2_R2	0	0	0.00000	0	GOPR5869.MP4	43168	59.94006
FB_S2_R2	0	0	0.00000	0	GP015869.MP4	43200	59.94006
FB_S2_R2	0	0	0.00000	0	GP025869.MP4	43072	59.94006
FB_S2_R2	0	0	0.00000	0	GP035869.MP4	43168	59.94006
FB_S2_R2	0	0	0.00000	0	GP045869.MP4	43104	59.94006
FB_S2_R2	0	0	0.00000	0	GP055869.MP4	43104	59.94006
FB_S2_R2	0	0	0.00000	0	GP065869.MP4	43136	59.94006
FB_S2_R2	0	0	0.00000	0	GP075869.MP4	18773	59.94006
FB_S2_R3	0	0	0.00000	0	GOPR5873.MP4	43072	59.94006
FB_S2_R3	0	0	0.00000	0	GP015873.MP4	43072	59.94006
FB_S2_R3	0	0	0.00000	0	GP025873.MP4	43072	59.94006
FB_S2_R3	0	0	0.00000	0	GP035873.MP4	43072	59.94006
FB_S2_R3	0	0	0.00000	0	GP045873.MP4	43072	59.94006
FB_S2_R3	0	0	0.00000	0	GP055873.MP4	43072	59.94006
FB_S2_R3	0	0	0.00000	0	GP065873.MP4	43072	59.94006
FB_S2_R3	0	0	0.00000	0	GP075873.MP4	43072	59.94006
FB_S2_R3	0	0	0.00000	0	GP085873.MP4	3292	59.94006
FB_S2_R4	0	0	0.00000	0	GH015692.MP4	42420	59.94006
FB_S2_R4	0	0	0.00000	0	GH025692.MP4	42420	59.94006
FB_S2_R4	0	0	0.00000	0	GH035692.MP4	42420	59.94006
FB_S2_R4	0	0	0.00000	0	GH045692.MP4	42420	59.94006
FB_S2_R4	0	0	0.00000	0	GH055692.MP4	42420	59.94006
FB_S2_R4	0	0	0.00000	0	GH065692.MP4	42420	59.94006
FB_S2_R4	0	0	0.00000	0	GH075692.MP4	22936	59.94006
FB_S2_R5	0	0	0.00000	0	GOPR0002.MP4	43232	59.94006
FB_S2_R5	0	0	0.00000	0	GP010002.MP4	43136	59.94006
FB_S2_R5	0	0	0.00000	0	GP020002.MP4	43104	59.94006
FB_S2_R5	0	0	0.00000	0	GP030002.MP4	43104	59.94006
FB_S2_R5	0	0	0.00000	0	GP040002.MP4	43104	59.94006
FB_S2_R5	0	0	0.00000	0	GP050002.MP4	43136	59.94006
FB_S2_R5	0	0	0.00000	0	GP060002.MP4	43104	59.94006
FB_S2_R5	0	0	0.00000	0	GP070002.MP4	37158	59.94006
FB_S2_R6	0	0	0.00000	0	GOPR5924.MP4	43072	59.94006
FB_S2_R6	0	0	0.00000	0	GP015924.MP4	43072	59.94006
FB_S2_R6	0	0	0.00000	0	GP025924.MP4	43072	59.94006
FB_S2_R6	0	0	0.00000	0	GP035924.MP4	43072	59.94006
FB_S2_R6	0	0	0.00000	0	GP045924.MP4	43072	59.94006
FB_S2_R6	0	0	0.00000	0	GP055924.MP4	43072	59.94006
FB_S2_R6	0	0	0.00000	0	GP065924.MP4	43072	59.94006
FB_S2_R6	0	0	0.00000	0	GP075924.MP4	31844	59.94006
FB_S2_R7	0	0	0.00000	0	GOPR8518.MP4	43072	59.94006
FB_S2_R7	0	0	0.00000	0	GP018518.MP4	43072	59.94006
FB_S2_R7	0	0	0.00000	0	GP028518.MP4	43072	59.94006
FB_S2_R7	0	0	0.00000	0	GP038518.MP4	43072	59.94006
FB_S2_R7	0	0	0.00000	0	GP048518.MP4	43072	59.94006
FB_S2_R7	0	0	0.00000	0	GP058518.MP4	43072	59.94006
FB_S2_R7	0	0	0.00000	0	GP068518.MP4	43072	59.94006
FB_S2_R7	0	0	0.00000	0	GP078518.MP4	43072	59.94006
FB_S2_R7	0	0	0.00000	0	GP088518.MP4	33213	59.94006
FB_S2_R8	0	0	0.00000	0	GOPR5870.MP4	43072	59.94006
FB_S2_R8	0	0	0.00000	0	GP015870.MP4	43072	59.94006
FB_S2_R8	0	0	0.00000	0	GP025870.MP4	43072	59.94006
FB_S2_R8	0	0	0.00000	0	GP035870.MP4	43072	59.94006
FB_S2_R8	0	0	0.00000	0	GP045870.MP4	43072	59.94006
FB_S2_R8	0	0	0.00000	0	GP055870.MP4	43072	59.94006
FB_S2_R8	0	0	0.00000	0	GP065870.MP4	43072	59.94006
FB_S2_R8	0	0	0.00000	0	GP075870.MP4	43072	59.94006
FB_S2_R8	0	0	0.00000	0	GP085870.MP4	43072	59.94006
FB_S2_R8	0	0	0.00000	0	GP095870.MP4	43072	59.94006
FB_S2_R8	0	0	0.00000	0	GP105870.MP4	7569	59.94006
FB_S2_R9	0	0	0.00000	0	GOPR5874.MP4	43072	59.94006
FB_S2_R9	0	0	0.00000	0	GP015874.MP4	43168	59.94006
FB_S2_R9	0	0	0.00000	0	GP025874.MP4	43264	59.94006
FB_S2_R9	0	0	0.00000	0	GP035874.MP4	43264	59.94006
FB_S2_R9	0	0	0.00000	0	GP045874.MP4	43264	59.94006
FB_S2_R9	0	0	0.00000	0	GP055874.MP4	43360	59.94006
FB_S2_R9	0	0	0.00000	0	GP065874.MP4	43264	59.94006
FB_S2_R9	0	0	0.00000	0	GP075874.MP4	25629	59.94006
FB_S3_R1	0	0	0.00000	0	GOPR8510.MP4	12372	59.94006
FB_S3_R10	0	0	0.00000	0	GH015688.MP4	42420	59.94006
FB_S3_R10	0	0	0.00000	0	GH025688.MP4	42420	59.94006
FB_S3_R10	0	0	0.00000	0	GH035688.MP4	42420	59.94006
FB_S3_R10	0	0	0.00000	0	GH045688.MP4	42420	59.94006
FB_S3_R10	0	0	0.00000	0	GH055688.MP4	42420	59.94006
FB_S3_R10	0	0	0.00000	0	GH065688.MP4	42420	59.94006
FB_S3_R10	0	0	0.00000	0	GH075688.MP4	27279	59.94006
FB_S3_R11	0	0	0.00000	0	GOPR8527.MP4	8897	59.94006
FB_S3_R12	0	0	0.00000	0	GOPR5919.MP4	43104	59.94006
FB_S3_R12	0	0	0.00000	0	GP015919.MP4	20003	59.94006
FB_S3_R2	0	0	0.00000	0	GOPR5860.MP4	43072	59.94006
FB_S3_R2	0	0	0.00000	0	GP015860.MP4	1828	59.94006
FB_S3_R3	0	0	0.00000	0	GOPR5867.MP4	43072	59.94006
FB_S3_R3	0	0	0.00000	0	GP015867.MP4	43104	59.94006
FB_S3_R3	0	0	0.00000	0	GP025867.MP4	43072	59.94006
FB_S3_R3	0	0	0.00000	0	GP035867.MP4	43104	59.94006
FB_S3_R3	0	0	0.00000	0	GP045867.MP4	43072	59.94006
FB_S3_R3	0	0	0.00000	0	GP055867.MP4	43072	59.94006
FB_S3_R3	0	0	0.00000	0	GP065867.MP4	38466	59.94006
FB_S3_R4	0	0	0.00000	0	GH015687.MP4	42420	59.94006
FB_S3_R4	0	0	0.00000	0	GH025687.MP4	42420	59.94006
FB_S3_R4	0	0	0.00000	0	GH035687.MP4	42420	59.94006
FB_S3_R4	0	0	0.00000	0	GH045687.MP4	42420	59.94006
FB_S3_R4	0	0	0.00000	0	GH055687.MP4	42420	59.94006
FB_S3_R4	0	0	0.00000	0	GH065687.MP4	26169	59.94006
FB_S3_R5	0	0	0.00000	0	GOPR8526.MP4	43072	59.94006
FB_S3_R5	0	0	0.00000	0	GP018526.MP4	43072	59.94006
FB_S3_R5	0	0	0.00000	0	GP028526.MP4	37231	59.94006
FB_S3_R6	0	0	0.00000	0	GOPR5918.MP4	43104	59.94006
FB_S3_R6	0	0	0.00000	0	GP015918.MP4	43104	59.94006
FB_S3_R6	0	0	0.00000	0	GP025918.MP4	43072	59.94006
FB_S3_R6	0	0	0.00000	0	GP035918.MP4	43072	59.94006
FB_S3_R6	0	0	0.00000	0	GP045918.MP4	43072	59.94006
FB_S3_R6	0	0	0.00000	0	GP055918.MP4	43072	59.94006
FB_S3_R6	0	0	0.00000	0	GP065918.MP4	31531	59.94006
FB_S3_R7	0	0	0.00000	0	GOPR8512.MP4	43072	59.94006
FB_S3_R7	0	0	0.00000	0	GP018512.MP4	37009	59.94006
FB_S3_R8	0	0	0.00000	0	GOPR5861.MP4	43104	59.94006
FB_S3_R8	0	0	0.00000	0	GP015861.MP4	43232	59.94006
FB_S3_R8	0	0	0.00000	0	GP025861.MP4	43104	59.94006
FB_S3_R8	0	0	0.00000	0	GP035861.MP4	43136	59.94006
FB_S3_R8	0	0	0.00000	0	GP045861.MP4	43168	59.94006
FB_S3_R8	0	0	0.00000	0	GP055861.MP4	43072	59.94006
FB_S3_R8	0	0	0.00000	0	GP065861.MP4	43168	59.94006
FB_S3_R8	0	0	0.00000	0	GP075861.MP4	43104	59.94006
FB_S3_R8	0	0	0.00000	0	GP085861.MP4	25553	59.94006
FB_S3_R9	0	0	0.00000	0	GOPR5868.MP4	43072	59.94006
FB_S3_R9	0	0	0.00000	0	GP015868.MP4	43072	59.94006
FB_S3_R9	0	0	0.00000	0	GP025868.MP4	43072	59.94006
FB_S3_R9	0	0	0.00000	0	GP035868.MP4	43072	59.94006
FB_S3_R9	0	0	0.00000	0	GP045868.MP4	43072	59.94006
FB_S3_R9	0	0	0.00000	0	GP055868.MP4	43072	59.94006
FB_S3_R9	0	0	0.00000	0	GP065868.MP4	43072	59.94006
FB_S3_R9	0	0	0.00000	0	GP075868.MP4	43072	59.94006
FB_S3_R9	0	0	0.00000	0	GP085868.MP4	20325	59.94006
FB_S4_R1	0	0	0.00000	0	GOPR8515.MP4	43072	59.94006
FB_S4_R1	0	0	0.00000	0	GP018515.MP4	43072	59.94006
FB_S4_R1	0	0	0.00000	0	GP028515.MP4	43072	59.94006
FB_S4_R1	0	0	0.00000	0	GP038515.MP4	43072	59.94006
FB_S4_R1	0	0	0.00000	0	GP048515.MP4	43072	59.94006
FB_S4_R1	0	0	0.00000	0	GP058515.MP4	43072	59.94006
FB_S4_R1	0	0	0.00000	0	GP068515.MP4	43072	59.94006
FB_S4_R1	0	0	0.00000	0	GP078515.MP4	43072	59.94006
FB_S4_R1	0	0	0.00000	0	GP088515.MP4	31117	59.94006
FB_S4_R10	0	0	0.00000	0	GOPR0001.MP4	43296	59.94006
FB_S4_R10	0	0	0.00000	0	GP010001.MP4	43328	59.94006
FB_S4_R10	0	0	0.00000	0	GP020001.MP4	43296	59.94006
FB_S4_R10	0	0	0.00000	0	GP030001.MP4	37010	59.94006
FB_S4_R11	0	0	0.00000	0	GOPR8531.MP4	43072	59.94006
FB_S4_R11	0	0	0.00000	0	GP018531.MP4	43104	59.94006
FB_S4_R11	0	0	0.00000	0	GP028531.MP4	43072	59.94006
FB_S4_R11	0	0	0.00000	0	GP038531.MP4	43104	59.94006
FB_S4_R11	0	0	0.00000	0	GP048531.MP4	43072	59.94006
FB_S4_R11	0	0	0.00000	0	GP058531.MP4	43104	59.94006
FB_S4_R11	0	0	0.00000	0	GP068531.MP4	43072	59.94006
FB_S4_R11	0	0	0.00000	0	GP078531.MP4	43072	59.94006
FB_S4_R11	0	0	0.00000	0	GP088531.MP4	23985	59.94006
FB_S4_R12	0	0	0.00000	0	GOPR5923.MP4	43072	59.94006
FB_S4_R12	0	0	0.00000	0	GP015923.MP4	43072	59.94006
FB_S4_R12	0	0	0.00000	0	GP025923.MP4	43072	59.94006
FB_S4_R12	0	0	0.00000	0	GP035923.MP4	43072	59.94006
FB_S4_R12	0	0	0.00000	0	GP045923.MP4	43072	59.94006
FB_S4_R12	0	0	0.00000	0	GP055923.MP4	30912	59.94006
FB_S4_R2	0	0	0.00000	0	GOPR5865.MP4	43072	59.94006
FB_S4_R2	0	0	0.00000	0	GP015865.MP4	43072	59.94006
FB_S4_R2	0	0	0.00000	0	GP025865.MP4	43072	59.94006
FB_S4_R2	0	0	0.00000	0	GP035865.MP4	43072	59.94006
FB_S4_R2	0	0	0.00000	0	GP045865.MP4	43072	59.94006
FB_S4_R2	0	0	0.00000	0	GP055865.MP4	43072	59.94006
FB_S4_R2	0	0	0.00000	0	GP065865.MP4	43072	59.94006
FB_S4_R2	0	0	0.00000	0	GP075865.MP4	43072	59.94006
FB_S4_R2	0	0	0.00000	0	GP085865.MP4	30640	59.94006
FB_S4_R3	0	0	0.00000	0	GOPR5871.MP4	43104	59.94006
FB_S4_R3	0	0	0.00000	0	GP015871.MP4	43072	59.94006
FB_S4_R3	0	0	0.00000	0	GP025871.MP4	43072	59.94006
FB_S4_R3	0	0	0.00000	0	GP035871.MP4	43104	59.94006
FB_S4_R3	0	0	0.00000	0	GP045871.MP4	43104	59.94006
FB_S4_R3	0	0	0.00000	0	GP055871.MP4	43072	59.94006
FB_S4_R3	0	0	0.00000	0	GP065871.MP4	43072	59.94006
FB_S4_R3	0	0	0.00000	0	GP075871.MP4	43072	59.94006
FB_S4_R3	0	0	0.00000	0	GP085871.MP4	29072	59.94006
FB_S4_R4	0	0	0.00000	0	GH015691.MP4	42420	59.94006
FB_S4_R4	0	0	0.00000	0	GH025691.MP4	42420	59.94006
FB_S4_R4	0	0	0.00000	0	GH035691.MP4	42420	59.94006
FB_S4_R4	0	0	0.00000	0	GH045691.MP4	42420	59.94006
FB_S4_R4	0	0	0.00000	0	GH055691.MP4	42420	59.94006
FB_S4_R4	0	0	0.00000	0	GH065691.MP4	42420	59.94006
FB_S4_R4	0	0	0.00000	0	GH075691.MP4	21544	59.94006
FB_S4_R5	0	0	0.00000	0	GOPR8530.MP4	43072	59.94006
FB_S4_R5	0	0	0.00000	0	GP018530.MP4	43104	59.94006
FB_S4_R5	0	0	0.00000	0	GP028530.MP4	43072	59.94006
FB_S4_R5	0	0	0.00000	0	GP038530.MP4	43104	59.94006
FB_S4_R5	0	0	0.00000	0	GP048530.MP4	43104	59.94006
FB_S4_R5	0	0	0.00000	0	GP058530.MP4	43104	59.94006
FB_S4_R5	0	0	0.00000	0	GP068530.MP4	43072	59.94006
FB_S4_R5	0	0	0.00000	0	GP078530.MP4	43104	59.94006
FB_S4_R5	0	0	0.00000	0	GP088530.MP4	37375	59.94006
FB_S4_R6	0	0	0.00000	0	GOPR5922.MP4	43072	59.94006
FB_S4_R6	0	0	0.00000	0	GP015922.MP4	43072	59.94006
FB_S4_R6	0	0	0.00000	0	GP025922.MP4	43072	59.94006
FB_S4_R6	0	0	0.00000	0	GP035922.MP4	43104	59.94006
FB_S4_R6	0	0	0.00000	0	GP045922.MP4	43072	59.94006
FB_S4_R6	0	0	0.00000	0	GP055922.MP4	43072	59.94006
FB_S4_R6	0	0	0.00000	0	GP065922.MP4	43072	59.94006
FB_S4_R6	0	0	0.00000	0	GP075922.MP4	43072	59.94006
FB_S4_R6	0	0	0.00000	0	GP085922.MP4	34535	59.94006
FB_S4_R7	0	0	0.00000	0	GOPR8516.MP4	43264	59.94006
FB_S4_R7	0	0	0.00000	0	GP018516.MP4	43264	59.94006
FB_S4_R7	0	0	0.00000	0	GP028516.MP4	43456	59.94006
FB_S4_R7	0	0	0.00000	0	GP038516.MP4	43296	59.94006
FB_S4_R7	0	0	0.00000	0	GP048516.MP4	43392	59.94006
FB_S4_R7	0	0	0.00000	0	GP058516.MP4	43328	59.94006
FB_S4_R7	0	0	0.00000	0	GP068516.MP4	43200	59.94006
FB_S4_R7	0	0	0.00000	0	GP078516.MP4	30120	59.94006
FB_S4_R8	0	0	0.00000	0	GOPR5868.MP4	43200	59.94006
FB_S4_R8	0	0	0.00000	0	GP015868.MP4	43104	59.94006
FB_S4_R8	0	0	0.00000	0	GP025868.MP4	4211	59.94006
FB_S4_R9	0	0	0.00000	0	GOPR5872.MP4	43072	59.94006
FB_S4_R9	0	0	0.00000	0	GP015872.MP4	43072	59.94006
FB_S4_R9	0	0	0.00000	0	GP025872.MP4	43072	59.94006
FB_S4_R9	0	0	0.00000	0	GP035872.MP4	43072	59.94006
FB_S4_R9	0	0	0.00000	0	GP045872.MP4	43072	59.94006
FB_S4_R9	0	0	0.00000	0	GP055872.MP4	15428	59.94006
