OpCode	ImagePtPair	Index	Lx	Ly	Rx	Ry
BAYULOC1_CAM10_RIG23	0	0	1620.90957	382.41636	156.57083	399.47955
BAYULOC1_CAM10_RIG23	1	0	1557.17721	687.31227	892.33821	669.70632
BAYULOC1_CAM10_RIG23	1	1	936.29221	611.88848	316.73968	593.42379
BAYULOC1_CAM11_RIG23	0	0	1657.0413	574.12639	885.22739	561.07807
BAYULOC1_CAM11_RIG23	0	1	1086.96289	363.34572	219.80136	380.40892
BAYULOC1_CAM13_RIG22	0	0	859.13225	603.2342	304.10873	578.14126
BAYULOC1_CAM13_RIG22	0	1	1533.59122	636.35688	905.30058	616.28253
BAYULOC1_CAM20_RIG30	0	0	986.36591	804.78455	339.76628	757.44428
BAYULOC1_CAM20_RIG30	1	0	959.19799	754.23477	222.77129	723.74443
BAYULOC1_CAM36_RIG29	0	0	1525.41353	677.20654	363.80634	669.18276
BAYULOC1_CAM36_RIG29	1	0	1275.18797	702.88262	54.49082	661.15899
BAYULOC1_CAM36_RIG29	2	0	1455.6391	773.86776	780.77129	810.40119
BAYULOC1_CAM36_RIG29	2	1	1809.32331	766.64636	1115.72955	817.62259
BAYULOC1_CAM36_RIG29	3	0	1732.33083	608.20208	198.73122	608.20208
BAYULOC1_CAM37_RIG22	0	0	1613.63409	649.92571	312.52087	667.57801
BAYULOC1_CAM37_RIG22	1	0	1626.46617	675.60178	46.47746	617.83061
BAYULOC1_CAM37_RIG22	2	0	983.25815	637.08767	506.44407	656.34473
BAYULOC1_CAM37_RIG22	3	0	1713.08271	526.35958	254.82471	507.10253
BAYULOC1_CAM40_RIG30	0	0	1716.29073	879.40565	185.90985	842.49629
BAYULOC1_CAM40_RIG30	1	0	1146.86717	580.92125	641.06845	561.66419
BAYULOC1_CAM40_RIG30	1	1	1469.27318	332.18425	977.62938	304.90342
BAYULOC1_CAM40_RIG30	2	0	816.33083	763.70579	282.77129	708.4844
BAYULOC1_CAM40_RIG30	2	1	1271.86967	633.72065	738.73122	622.63001
BAYULOC1_CAM40_RIG30	3	0	1108.37093	503.89302	442.33723	484.63596
BAYULOC1_CAM40_RIG30	3	1	1685.81454	479.82169	903.90651	444.51709
BAYULOC1_CAM42_RIG25	0	0	1623.25815	718.93016	383.0384	710.90639
BAYULOC1_CAM42_RIG25	1	0	773.13283	422.05052	358.99833	545.61664
BAYULOC1_CAM42_RIG25	2	0	941.55388	596.9688	339.76628	584.13076
BAYULOC1_CAM43_RIG27	0	0	1746.76692	728.55869	365.40902	694.85884
BAYULOC1_CAM43_RIG27	1	0	986.60401	838.36999	342.17028	804.00594
BAYULOC1_CAM43_RIG27	1	1	1171.86717	771.77266	621.03506	769.50371
BAYULOC1_CAM43_RIG27	2	0	927.57393	738.94651	396.91152	740.0104
BAYULOC1_CAM43_RIG27	2	1	1218.70175	788.69391	696.61102	788.95542
BAYULOC1_CAM43_RIG27	3	0	1021.2381	681.21842	421.90484	687.06835
BAYULOC1_CAM43_RIG27	3	1	1138.33083	794.35364	652.68948	791.37741
BAYULOC1_CAM43_RIG27	4	0	1292.3985	803.89153	859.03172	803.98217
BAYULOC1_CAM43_RIG27	4	1	1509.74185	763.77266	1126.6778	770.28232
BAYULOC1_CAM44_RIG28	0	0	1674.58647	731.7682	235.59265	656.34473
BAYULOC1_CAM44_RIG28	1	0	993.26817	913.1055	397.34891	863.3581
BAYULOC1_CAM44_RIG28	1	1	1269.9599	860.14859	645.76294	833.67013
BAYULOC1_CAM44_RIG28	2	0	1178.55639	808.79643	948.40234	792.1679
BAYULOC1_CAM44_RIG28	2	1	1342.16541	858.54383	1125.4975	847.53195
BAYULOC1_CAM44_RIG28	3	0	1304.06015	998.1575	671.5192	980.5052
BAYULOC1_CAM44_RIG28	4	0	920.06266	881.81278	335.59766	865.76523
BAYULOC1_CAM44_RIG28	4	1	1195.15038	884.21991	633.69449	858.54383
BAYULOC1_CAM45_RIG28	0	0	1616.84211	792.74889	28.84808	775.09658
BAYULOC1_CAM45_RIG28	1	0	927.50877	737.38484	469.56928	710.91085
BAYULOC1_CAM45_RIG28	1	1	1152.87218	763.8633	648.26711	739.79643
BAYULOC1_CAM47_RIG25	0	0	1727.5188	701.27786	466.3773	627.45914
BAYULOC1_CAM47_RIG25	1	0	750.12531	536.09212	231.58598	533.14413
BAYULOC1_CAM47_RIG25	1	1	1121.45363	640.40119	465.57596	645.47697
BAYULOC1_CAM47_RIG25	2	0	1028.17043	563.26895	496.82805	564.8737
BAYULOC1_CAM47_RIG25	3	0	729.82456	677.20654	674.72454	629.06389
BAYULOC1_CAM49_RIG30	0	0	1684.21053	850.52006	346.17696	802.37741
BAYULOC1_CAM49_RIG30	1	0	1316.09023	903.47697	486.34725	881.81278
BAYULOC1_CAM49_RIG30	1	1	1709.87469	880.20802	865.37896	852.12481
BAYULOC1_CAM49_RIG30	2	0	1212.63158	781.5156	411.88648	723.74443
BAYULOC1_CAM49_RIG30	3	0	1356.99248	874.59138	779.57262	850.52006
BAYULOC1_CAM49_RIG30	3	1	1624.06015	881.0104	1026.38397	864.16048
BAYULOC1_CAM50_RIG20	0	0	1531.82957	771.88707	472.78798	731.7682
BAYULOC1_CAM50_RIG20	1	0	981.86717	715.53492	474.10851	734.93462
BAYULOC1_CAM50_RIG20	1	1	1216.05263	800.58692	709.70117	815.97474
BAYULOC1_CAM50_RIG20	2	0	1525.41353	869.77712	921.40735	899.46508
BAYULOC1_CAM50_RIG20	2	1	1848.62155	859.34621	1218.70284	896.25557
BAYULOC1_CAM50_RIG20	3	0	1347.36842	839.28678	535.29215	844.10104
BAYULOC1_CAM50_RIG20	4	0	1267.16792	985.31947	139.43239	996.55275
BAYULOC1_CAM52_RIG22	0	0	1732.33083	762.25854	527.2788	710.90639
BAYULOC1_CAM52_RIG22	1	0	1426.76692	824.0416	708.2571	807.19168
BAYULOC1_CAM52_RIG22	1	1	1790.07519	816.82021	1060.84474	818.42496
BAYULOC1_CAM52_RIG22	2	0	939.13033	573.59881	474.23038	548.77266
BAYULOC1_CAM52_RIG22	2	1	1139.63158	551.93462	683.37896	529.5156
BAYULOC1_CAM52_RIG22	3	0	1354.58647	684.2318	352.58765	658.31055
BAYULOC1_CAM52_RIG22	3	1	1622.45614	605.59881	773.28881	597.32987
BAYULOC1_CAM53_RIG29	0	0	1717.89474	683.62556	349.3823	670.78752
BAYULOC1_CAM53_RIG29	1	0	862.2381	803.17979	244.40735	827.25111
BAYULOC1_CAM53_RIG29	1	1	1087.6015	707.69688	556.12688	753.43239
BAYULOC1_CAM53_RIG29	2	0	921.97995	609.88707	503.69449	641.18425
BAYULOC1_CAM53_RIG29	2	1	1151.35338	593.83952	643.12688	641.18425
BAYULOC1_CAM53_RIG29	3	0	795.58897	328.97474	334.95826	365.8841
BAYULOC1_CAM53_RIG29	3	1	1510.97744	941.99108	642.67112	1006.18128
BAYULOC2A_CAM10_RIG28	0	0	1869.81704	794.94424	226.82697	784.90706
BAYULOC2A_CAM10_RIG28	1	0	1861.78777	780.89219	1401.10821	761.82156
BAYULOC2A_CAM10_RIG28	1	1	938.42133	712.63941	480.75274	683.5316
BAYULOC2A_CAM3_RIG26	0	0	1787.51699	741.74721	340.24046	744.75836
BAYULOC2A_CAM3_RIG26	1	0	1054.84579	762.82528	399.45635	758.81041
BAYULOC2A_CAM3_RIG26	1	1	1694.17669	822.04461	927.38108	837.10037
BAYULOC2A_CAM4_RIG29	0	0	1768.44746	612.26766	230.84161	632.34201
BAYULOC2A_CAM4_RIG29	1	0	712.59801	54.20074	178.65133	134.49814
BAYULOC2A_CAM4_RIG29	1	1	1345.90695	502.86245	718.61997	541.00372
BAYULOC2A_CAM4_RIG29	2	0	932.39937	676.50558	453.65395	723.6803
BAYULOC2A_CAM4_RIG29	2	1	1753.39258	567.10037	1171.27026	625.31599
BAYULOC2A_CAM4_RIG29	3	0	702.56142	663.45725	1.00366	707.62082
BAYULOC2A_CAM4_RIG29	3	1	1561.69367	570.11152	891.24935	602.23048
BAYULOC2A_CAM5_RIG22	0	0	1507.49608	197.73234	1004.66283	170.63197
BAYULOC2A_CAM5_RIG22	0	1	993.62258	455.68773	643.34553	437.62082
BAYULOC2A_CAM5_RIG22	1	0	1442.7815	703.08178	861.38578	691.00372
BAYULOC2A_CAM5_RIG22	1	1	1173.80084	696.05576	613.9838	666.9145
BAYULOC2A_CAM5_RIG22	2	0	572.08573	583.15985	64.23419	557.0632
BAYULOC2A_CAM5_RIG22	2	1	1441.25457	316.171	883.22007	317.17472
BAYULOC2A_CAM7_RIG23	0	0	1722.27914	734.72119	150.54888	727.69517
BAYULOC2A_CAM7_RIG23	1	0	1207.40199	688.55019	747.72608	678.51301
BAYULOC2A_CAM7_RIG23	1	1	1855.76581	638.36431	1308.77156	618.28996
BAYULOC2_CAM17_RIG29	0	0	1753.39258	702.60223	253.92577	748.77323
BAYULOC2_CAM17_RIG29	1	0	1640.98275	827.0632	658.40042	878.25279
BAYULOC2_CAM17_RIG29	1	1	1195.35808	816.0223	338.23314	831.07807
BAYULOC2_CAM20_RIG24	0	0	1274.14532	841.6171	617.05698	866.71004
BAYULOC2_CAM20_RIG24	0	1	1624.42237	875.74349	794.70465	913.3829
BAYULOC2_CAM20_RIG24	1	0	1249.55567	866.20818	605.20648	911.37546
BAYULOC2_CAM20_RIG24	1	1	911.32253	760.81784	252.92211	793.94052
BAYULOC2_CAM20_RIG24	2	0	1709.23157	938.47584	847.08834	1002.71375
BAYULOC2_CAM20_RIG24	2	1	1370.99843	870.22305	483.76372	922.41636
BAYULOC2_CAM20_RIG24	3	0	1274.49922	880.78439	582.51438	920.43123
BAYULOC2_CAM20_RIG24	3	1	934.76059	782.92193	271.38003	816.54647
BAYULOC2_CAM20_RIG24	4	0	1770.45478	398.47584	994.62624	437.62082
BAYULOC2_CAM20_RIG24	4	1	1133.13121	603.2342	500.82593	643.3829
BAYULOC2_CAM20_RIG24	5	0	1020.70152	840.11152	386.91061	866.38662
BAYULOC2_CAM20_RIG24	5	1	1374.9932	799.96283	706.57606	844.80669
BAYULOC2_CAM20_RIG24	6	0	1290.0047	780.73234	734.58756	821.61338
BAYULOC2_CAM20_RIG24	6	1	1014.50026	757.14498	438.5081	789.49442
BAYULOC2_CAM22_RIG30	0	0	1403.11553	812.00743	799.91636	784.90706
BAYULOC2_CAM22_RIG30	0	1	1801.56822	699.59108	1151.19707	680.52045
BAYULOC2_CAM22_RIG30	1	0	1632.95348	593.19703	1019.71772	554.05204
BAYULOC2_CAM22_RIG30	1	1	1050.83116	553.04833	439.60272	526.95167
BAYULOC2_CAM22_RIG30	2	0	1809.59749	323.19703	638.32723	271.00372
BAYULOC2_CAM22_RIG30	2	1	863.14689	563.0855	12.04391	523.94052
BAYULOC2_CAM24_RIG29	0	0	1737.33403	633.34572	353.28803	671.48699
BAYULOC2_CAM24_RIG29	1	0	1725.29012	653.42007	671.44799	694.57249
BAYULOC2_CAM24_RIG29	1	1	1253.57031	561.07807	327.19289	612.26766
BAYULOC2_CAM24_RIG29	2	0	1342.89597	464.72119	417.52222	508.88476
BAYULOC2_CAM24_RIG29	2	1	1768.44746	352.30483	787.87245	383.42007
BAYULOC2_CAM27_RIG23	0	0	1799.5609	774.86989	257.94041	742.75093
BAYULOC2_CAM27_RIG23	1	0	1188.83429	857.17472	651.87454	846.13383
BAYULOC2_CAM27_RIG23	1	1	1605.35285	878.25279	1061.86932	895.81784
BAYULOC2_CAM29_RIG28	0	0	1727.29744	537.99257	819.98955	509.88848
BAYULOC2_CAM29_RIG28	0	1	923.36644	636.35688	227.83063	626.3197
BAYULOC2_CAM29_RIG28	1	0	1033.76895	461.71004	54.1976	449.66543
BAYULOC2_CAM29_RIG28	1	1	1824.65238	494.83271	847.08834	449.66543
BAYULOC2_CAM29_RIG28	2	0	1406.1265	492.82528	336.22582	467.73234
BAYULOC2_CAM29_RIG28	2	1	1841.71458	453.6803	1112.05436	410.52045
BAYULOC2_CAM49_RIG27	0	0	1791.53163	780.89219	350.27705	819.03346
BAYULOC2_CAM49_RIG27	1	0	1740.34501	959.5539	847.73393	999.20074
BAYULOC2_CAM49_RIG27	1	1	1397.5954	882.76952	504.98432	901.33829
BAYULOC2_CAM50_RIG28	0	0	1799.5609	690.55762	286.04286	687.54647
BAYULOC2_CAM50_RIG28	1	0	1759.91636	917.02974	740.14794	947.50929
BAYULOC2_CAM50_RIG28	1	1	1318.80815	759.94796	453.10141	762.32342
BAYULOC2_CAM50_RIG28	2	0	1270.14794	704.4684	647.862	692.13011
BAYULOC2_CAM50_RIG28	2	1	967.54469	699.44981	367.33926	671.5539
BAYULOC2_CAM50_RIG28	3	0	1280.20282	732.85502	582.62415	711.70632
BAYULOC2_CAM50_RIG28	3	1	938.45687	715.79182	287.04652	693.63941
BAYULOC2_CAM50_RIG28	4	0	1604.3931	787.92565	923.71563	766.90706
BAYULOC2_CAM50_RIG28	4	1	1332.40146	812.01487	704.4161	796.01487
BAYULOC2_CAM50_RIG28	5	0	1461.32776	468.73606	1072.91166	422.56506
BAYULOC2_CAM50_RIG28	5	1	587.14062	674.49814	74.27078	637.36059
BAYULOC2_CAM51_RIG28	0	0	1785.50967	654.42379	277.00993	652.41636
BAYULOC2_CAM51_RIG28	1	0	1319.81181	320.18587	646.35651	283.04833
BAYULOC2_CAM51_RIG28	1	1	702.56142	251.93309	108.39519	270
BAYULOC2_CAM51_RIG28	2	0	1244.1035	211.28253	842.53581	182.67658
BAYULOC2_CAM51_RIG28	2	1	877.7679	234.86989	408.95504	241.89591
BAYULOC2_CAM51_RIG28	3	0	1337.87768	214.79554	943.43962	175.65056
BAYULOC2_CAM51_RIG28	3	1	978.56769	258.95911	537.96132	236.87732
BAYULOC2_CAM51_RIG28	4	0	1604.85102	298.10409	1242.53006	227.84387
BAYULOC2_CAM51_RIG28	4	1	1223.46053	321.18959	845.08102	287.0632
BAYULOC2_CAM51_RIG28	5	0	1720.27182	609.17844	1117.72347	582.74349
BAYULOC2_CAM51_RIG28	5	1	1525.06012	519.84758	918.99895	495.42007
BAYULOC2_CAM51_RIG28	6	0	1485.30894	507.23048	803.86566	476.56877
BAYULOC2_CAM51_RIG28	6	1	1223.35389	402.34201	585.06796	387.73978
BAYULOC2_CAM51_RIG28	7	0	1543.68636	625.84015	735.83691	603.64684
BAYULOC2_CAM51_RIG28	7	1	1207.46053	537.51301	487.93309	517.32714
BAYULOC2_CAM51_RIG28	8	0	1606.85834	631.72119	943.70099	603.16357
BAYULOC2_CAM51_RIG28	8	1	1369.49294	542.89219	735.44171	527.88476
BAYULOC2_CAM51_RIG28	9	0	1004.96968	559.0855	397.44903	550.87732
BAYULOC2_CAM51_RIG28	9	1	1241.33142	481.2974	563.55463	463.05204
BAYULOC2_CAM51_RIG28	10	0	1637.46994	686.80669	879.22112	669.12639
BAYULOC2_CAM51_RIG28	10	1	1334.8667	550.30112	584.64715	540.65056
BAYULOC2_CAM51_RIG28	11	0	1421.22112	778.94052	631.30162	755.92937
BAYULOC2_CAM51_RIG28	11	1	1155.75327	633.90335	382.39415	615.40892
BAYULOC2_CAM51_RIG28	12	0	1152.65447	626.53532	333.21485	606.61338
BAYULOC2_CAM51_RIG28	12	1	1432.17355	619.00743	592.15891	600.08922
BAYULOC2_CAM51_RIG28	13	0	1081.03555	640.18216	297.86775	614.65056
BAYULOC2_CAM51_RIG28	13	1	1423.78515	618.60223	538.24412	596.58364
BAYULOC2_CAM51_RIG28	14	0	1584.78881	620.20074	827.82227	596.10409
BAYULOC2_CAM51_RIG28	14	1	1272.65081	540.4052	494.10559	526.34572
BAYULOC2_CAM51_RIG28	15	0	1338.89127	637.60967	876.17407	616.72862
BAYULOC2_CAM51_RIG28	15	1	1117.58442	576.3829	695.51542	545.46468
BAYULOC2_CAM51_RIG28	16	0	1467.74856	612.23792	744.84109	599.07807
BAYULOC2_CAM51_RIG28	16	1	1223.35755	510.36059	522.53058	484.65428
BAYULOC2_CAM51_RIG28	17	0	1378.67904	615.33829	756.2023	597.98885
BAYULOC2_CAM51_RIG28	17	1	1133.28437	457.25279	558.98327	448.9368
BAYULOC2_CAM51_RIG28	18	0	1336.10768	504.7658	673.02718	484.88476
BAYULOC2_CAM51_RIG28	18	1	1036.01359	470.13755	430.14166	447.24535
BAYULOC2_CAM51_RIG28	19	0	1275.14846	560.35316	662.85834	539.23048
BAYULOC2_CAM51_RIG28	19	1	1021.22269	450.94796	425.49294	422.79926
BAYULOC2_CAM51_RIG28	20	0	565.06012	458.69888	33.12075	475.76208
BAYULOC2_CAM51_RIG28	20	1	1091.98118	460.70632	572.08573	450.66914
BAYULOC2_CAM52_RIG27	0	0	1787.51699	724.68401	361.3173	783.90335
BAYULOC2_CAM52_RIG27	1	0	1385.04966	797.95539	848.092	807.99257
BAYULOC2_CAM52_RIG27	1	1	841.06639	541.00372	475.73445	560.07435
BAYULOC2_CAM52_RIG27	2	0	1118.07632	812.00743	722.63461	806.98885
BAYULOC2_CAM52_RIG27	2	1	627.28698	698.58736	288.05018	688.55019
BAYULOC2_CAM53_RIG20	0	0	1832.68165	716.65428	293.06848	772.86245
BAYULOC2_CAM53_RIG20	1	0	1369.99477	57.2119	997.63722	44.16357
BAYULOC2_CAM53_RIG20	1	1	552.01255	247.91822	179.65499	272.00743
BAYULOC2_CAM54_RIG23	0	0	1757.40721	631.33829	259.94773	634.34944
BAYULOC2_CAM54_RIG23	1	0	1144.17146	679.51673	617.25039	661.44981
BAYULOC2_CAM54_RIG23	1	1	1706.2206	455.68773	1267.62154	452.67658
BAYULOC2_CAM58_RIG26	0	0	1877.84631	739.73978	241.88186	746.7658
BAYULOC2_CAM58_RIG26	1	0	1384.54783	883.27138	686.59592	879.25651
BAYULOC2_CAM58_RIG26	1	1	1657.54313	853.66171	933.99791	867.2119
BAYULOC2_CAM58_RIG26	2	0	1861.78777	836.09665	886.23105	852.15613
BAYULOC2_CAM58_RIG26	2	1	1064.88238	709.62825	345.25876	696.57993
BAYULOC2_CAM59_RIG30	0	0	1819.63408	626.3197	193.70622	605.24164
BAYULOC2_CAM59_RIG30	1	0	1383.54417	780.68773	604.30685	753.30855
BAYULOC2_CAM59_RIG30	1	1	1697.68949	685.83643	932.00157	660.46468
BAYULOC2_CAM59_RIG30	2	0	1307.908	662.2658	688.82697	632.74907
BAYULOC2_CAM59_RIG30	2	1	1620.54783	671.55019	895.83168	644.54275
BAYULOC2_CAM59_RIG30	3	0	1394.08259	744.15242	578.49712	723.81784
BAYULOC2_CAM59_RIG30	3	1	1899.92682	364.24535	885.61683	309.78439
BAYULOC2_CAM59_RIG30	4	0	1313.78986	622.66914	632.27705	603.5316
BAYULOC2_CAM59_RIG30	4	1	1866.30423	585.5316	926.85102	551.84015
BAYULOC2_CAM60_RIG24	0	0	878.61108	831.35688	6.52378	854.16357
BAYULOC2_CAM60_RIG24	0	1	1344.81077	758.58736	423.04234	800.46468
BAYULOC2_CAM60_RIG24	1	0	1751.38526	745.33457	1088.14689	796.4684
BAYULOC2_CAM60_RIG24	1	1	1279.16362	641.44981	566.74595	694.59108
BAYULOC2_CAM60_RIG24	2	0	833.03711	716.65428	21.07684	743.75465
BAYULOC2_CAM60_RIG24	2	1	1508.49974	600.22305	526.92107	647.39777
BAYULOC2_CAM60_RIG24	3	0	1112.96393	595.89963	708.70465	633.63569
BAYULOC2_CAM60_RIG24	3	1	757.66858	584.85874	359.93309	619.08178
BAYULOC2_CAM60_RIG24	4	0	1029.08887	453.34572	419.02771	499.57249
BAYULOC2_CAM60_RIG24	4	1	680.3173	462.37918	106.38787	508.60595
BAYULOC2_CAM60_RIG24	5	0	912.02352	642.54275	554.52169	673.36803
BAYULOC2_CAM60_RIG24	5	1	705.26973	593.86245	337.22948	631.2119
BAYULOC2_CAM60_RIG24	6	0	1152.31626	778.18216	515.37899	816.69517
BAYULOC2_CAM60_RIG24	6	1	845.19655	692.86617	149.04339	732.3829
BAYULOC3_CAM10_RIG28	0	0	929.10037	730.39777	677.26555	701.03717
BAYULOC3_CAM10_RIG28	0	1	577.31783	533.66914	318.95923	525.88848
BAYULOC3_CAM10_RIG28	1	0	784.3356	581.63383	599.90591	559.49814
BAYULOC3_CAM10_RIG28	1	1	615.46994	577.86989	439.32044	554.73048
BAYULOC3_CAM10_RIG28	2	0	1254.4114	677.4368	1026.19812	652.2658
BAYULOC3_CAM10_RIG28	2	1	1087.05123	644.81599	858.08521	617.38662
BAYULOC3_CAM10_RIG28	3	0	1046.22844	623.55762	843.3403	603.11524
BAYULOC3_CAM10_RIG28	3	1	1187.49347	581.90335	988.61997	560.95911
BAYULOC3_CAM10_RIG28	4	0	1026.45687	635.92937	696.73706	607.24907
BAYULOC3_CAM10_RIG28	4	1	815.93936	648.9777	486.97229	629.33086
BAYULOC3_CAM10_RIG28	5	0	1809.59749	937.47212	1005.92368	938.9777
BAYULOC3_CAM10_RIG28	5	1	1445.77104	954.03346	633.56613	951.0223
BAYULOC3_CAM10_RIG28	6	0	1576.24673	762.48699	1177.17407	745.0223
BAYULOC3_CAM10_RIG28	6	1	1796.54992	786.07435	1379.91323	767.60595
BAYULOC3_CAM10_RIG28	7	0	584.03084	672.52788	277.51176	652.58364
BAYULOC3_CAM10_RIG28	7	1	399.35755	656.97026	95.84945	632.50929
BAYULOC3_CAM10_RIG28	8	0	1752.89075	998.69888	815.97491	991.67286
BAYULOC3_CAM10_RIG28	8	1	1285.6874	961.05948	429.56613	953.5316
BAYULOC3_CAM1_RIG24	0	0	1516.862	813.57993	1101.04914	870.72491
BAYULOC3_CAM1_RIG24	0	1	1283.00941	806.05204	916.87768	849.14498
BAYULOC3_CAM1_RIG24	1	0	851.86566	705.45725	478.74543	727.47212
BAYULOC3_CAM1_RIG24	1	1	598.94354	718.00372	190.19341	730.48327
BAYULOC3_CAM1_RIG24	2	0	897.56874	850.65056	432.07527	875.34944
BAYULOC3_CAM1_RIG24	2	1	593.96184	754.79554	160.58547	785.51673
BAYULOC3_CAM1_RIG24	3	0	925.12493	765.55019	666.03921	791.65428
BAYULOC3_CAM1_RIG24	3	1	731.92054	812.39033	460.7909	830.13011
BAYULOC3_CAM1_RIG24	4	0	1458.31678	801.62082	872.96289	857.67658
BAYULOC3_CAM1_RIG24	4	1	1808.59383	822.19703	1191.62467	886.28253
BAYULOC3_CAM1_RIG24	5	0	1566.58651	687.70632	1335.49556	736.82156
BAYULOC3_CAM1_RIG24	5	1	1039.66545	651.07063	777.96289	684.12639
BAYULOC3_CAM22_RIG30	0	0	1760.41819	734.72119	326.18923	727.69517
BAYULOC3_CAM24_RIG29	0	0	1798.55724	705.61338	272.9953	764.83271
BAYULOC3_CAM24_RIG29	1	0	1298.73497	790.36803	535.07527	831.0632
BAYULOC3_CAM24_RIG29	1	1	1858.77679	577.07807	957.11396	622.79182
BAYULOC3_CAM24_RIG29	2	0	1326.83743	690.55762	744.71511	732.71375
BAYULOC3_CAM24_RIG29	2	1	1871.82436	391.44981	1159.22635	422.56506
BAYULOC3_CAM24_RIG29	3	0	1722.27914	987.65799	253.92577	1011.74721
BAYULOC3_CAM25_RIG22	0	0	1840.71093	654.42379	327.19289	637.36059
BAYULOC3_CAM25_RIG22	1	0	1175.20596	738.89591	583.12598	710.76952
BAYULOC3_CAM25_RIG22	1	1	657.81965	641.53532	88.32201	609.89591
BAYULOC3_CAM25_RIG22	2	0	1023.20648	619.53532	484.76738	591.37546
BAYULOC3_CAM25_RIG22	2	1	677.4459	632.58364	159.07998	603.92193
BAYULOC3_CAM25_RIG22	3	0	1786.0115	265.48327	1599.85102	217.24907
BAYULOC3_CAM25_RIG22	3	1	1487.92473	227.84387	1235.02091	192.15613
BAYULOC3_CAM25_RIG22	4	0	1288.3011	703.71004	705.07057	682.03346
BAYULOC3_CAM25_RIG22	4	1	635.42081	626.92565	65.73968	587.68401
BAYULOC3_CAM25_RIG22	5	0	1423.70047	658.4684	857.97543	634.87732
BAYULOC3_CAM25_RIG22	5	1	908.82331	496.86989	417.87088	481.81041
BAYULOC3_CAM25_RIG22	6	0	1752.38892	588.82528	1266.84318	577.28253
BAYULOC3_CAM25_RIG22	6	1	1278.66179	467.37546	867.38683	452.82156
BAYULOC3_CAM25_RIG22	7	0	1431.37428	511.32714	678.4736	493.84015
BAYULOC3_CAM25_RIG22	7	1	854.77209	352.23792	189.69158	345.79182
BAYULOC3_CAM25_RIG22	8	0	1108.62363	681.69145	633.81077	657.12268
BAYULOC3_CAM25_RIG22	8	1	639.91479	650.07435	200.73183	614.96654
BAYULOC3_CAM25_RIG22	9	0	1545.97125	588.16729	922.44015	556.94796
BAYULOC3_CAM25_RIG22	9	1	939.76111	548.52045	331.28489	525.83271
BAYULOC3_CAM26_RIG25	0	0	1395.08625	691.56134	961.50549	701.59851
BAYULOC3_CAM26_RIG25	0	1	1888.88657	514.90706	1507.49608	535.98513
BAYULOC3_CAM27_RIG23	0	0	249.91113	702.60223	343.25144	652.41636
BAYULOC3_CAM27_RIG23	1	0	605.81129	266.98885	395.44171	262.4461
BAYULOC3_CAM27_RIG23	1	1	217.39519	257.95539	46.67015	262.94796
BAYULOC3_CAM27_RIG23	2	0	1418.23837	683.69888	920.91688	673.10409
BAYULOC3_CAM27_RIG23	2	1	799.98432	618.95911	340.80188	602.84387
BAYULOC3_CAM27_RIG23	3	0	900.36383	694.34201	464.19237	665.28253
BAYULOC3_CAM27_RIG23	3	1	627.36853	758.07807	219.29953	719.98513
BAYULOC3_CAM27_RIG23	4	0	796.90538	505.87361	672.45165	492.82528
BAYULOC3_CAM27_RIG23	4	1	228.83429	593.19703	175.64036	573.12268
BAYULOC3_CAM28_RIG20	0	0	1835.69263	787.91822	60.21955	812.00743
BAYULOC3_CAM28_RIG20	1	0	669.9425	459.37546	589.64976	472.01859
BAYULOC3_CAM28_RIG20	1	1	49.68113	500.52788	69.25248	509.15613
BAYULOC3_CAM29_RIG27	0	0	1834.68897	757.80669	440.60638	774.86989
BAYULOC3_CAM29_RIG27	1	0	510.47831	653.45725	492.71668	658.49814
BAYULOC3_CAM29_RIG27	1	1	745.83638	674.03346	682.91009	675.05948
BAYULOC3_CAM30_RIG28	0	0	571.21537	511.73978	394.75745	495.68401
BAYULOC3_CAM30_RIG28	0	1	846.71981	399.82528	644.66858	375.73978
BAYULOC3_CAM31_RIG28	0	0	1453.29848	823.04833	469.71249	802.97398
BAYULOC3_CAM31_RIG28	1	0	951.9242	535.3197	551.51072	515.95911
BAYULOC3_CAM31_RIG28	1	1	520.85259	423.90706	125.95923	426.62825
BAYULOC3_CAM31_RIG28	2	0	1194.66911	655.86989	601.64036	636.08178
BAYULOC3_CAM31_RIG28	2	1	1728.11396	371.31599	1150.14009	345.00372
BAYULOC3_CAM31_RIG28	3	0	1657.0413	361.72862	1470.99373	292.26766
BAYULOC3_CAM31_RIG28	3	1	1274.64715	412.41636	1094.11971	361.52416
BAYULOC3_CAM31_RIG28	4	0	1195.41767	608.25836	569.4506	580.19517
BAYULOC3_CAM31_RIG28	4	1	758.57501	600.73048	187.55829	591.73792
BAYULOC3_CAM32_RIG27	0	0	1727.24203	803.21561	1266.33717	834.20446
BAYULOC3_CAM32_RIG27	0	1	1525.33926	696.65428	1039.00836	716.60223
BAYULOC3_CAM32_RIG27	1	0	1503.14375	628.97398	1224.4161	638.63569
BAYULOC3_CAM32_RIG27	1	1	1674.6022	700.23792	1421.46785	713.24535
BAYULOC3_CAM32_RIG27	2	0	1604.84475	741.26394	1314.57867	760.16729
BAYULOC3_CAM32_RIG27	2	1	1808.75484	750.63197	1520.83063	771.71004
BAYULOC3_CAM32_RIG27	3	0	990.53842	499.72491	435.55044	508.68773
BAYULOC3_CAM32_RIG27	3	1	1265.70831	543.72119	664.05018	555.69517
BAYULOC3_CAM32_RIG27	4	0	1245.33089	446.02602	816.13121	455.71561
BAYULOC3_CAM32_RIG27	4	1	1547.68322	407.3829	1083.10455	406.53346
BAYULOC3_CAM32_RIG27	5	0	1339.54522	609.61896	954.62729	612.1803
BAYULOC3_CAM32_RIG27	5	1	1538.52065	461.57063	1185.97073	453.09108
BAYULOC3_CAM32_RIG27	6	0	1023.6874	605.45353	734.60847	616.72862
BAYULOC3_CAM32_RIG27	6	1	822.45374	492.53532	533.87663	508.32714
BAYULOC3_CAM32_RIG27	7	0	1435.08468	486.39033	1180.46053	487.2342
BAYULOC3_CAM32_RIG27	7	1	1227.57815	409.60595	994.03084	414.96654
BAYULOC3_CAM32_RIG27	8	0	1693.7334	376.35688	1452.31364	365.80855
BAYULOC3_CAM32_RIG27	8	1	1447.08416	311.86803	1221.97386	307.84387
BAYULOC3_CAM32_RIG27	9	0	1403.7632	687.15428	930.41924	698.21747
BAYULOC3_CAM32_RIG27	9	1	1617.29169	509.49628	1175.31208	510.27138
BAYULOC3_CAM32_RIG27	10	0	1214.1333	476.49628	940.48876	482.66914
BAYULOC3_CAM32_RIG27	10	1	1507.95452	403.22491	1240.58285	391.58178
BAYULOC3_CAM32_RIG27	11	0	1029.75431	563.0855	527.92473	577.13755
BAYULOC3_CAM32_RIG27	11	1	1689.15839	636.35688	1088.9702	647.39777
BAYULOC3_CAM32_RIG27	12	0	1734.69629	509.95167	1644.68531	509.44238
BAYULOC3_CAM32_RIG27	12	1	1423.56194	536.29926	1325.52169	540.80855
BAYULOC3_CAM32_RIG27	13	0	1227.15421	222.69703	1235.70047	216.13011
BAYULOC3_CAM32_RIG27	13	1	1001.33089	244.02602	1011.13173	249.25279
BAYULOC3_CAM32_RIG27	14	0	1421.35389	211.36059	1419.74595	196.76766
BAYULOC3_CAM32_RIG27	14	1	1178.46837	226.16543	1176.86043	223.11524
BAYULOC3_CAM32_RIG27	15	0	1312.68688	476.68216	1077.90852	481.68216
BAYULOC3_CAM32_RIG27	15	1	951.11866	517.33271	726.62781	525.34387
BAYULOC3_CAM33_RIG20	0	0	1228.79195	400.59294	638.42028	417.90706
BAYULOC3_CAM33_RIG20	0	1	1150.25562	423.42751	575.69158	444.00372
BAYULOC3_CAM33_RIG20	1	0	1415.87977	611.82156	750.9885	629.12268
BAYULOC3_CAM33_RIG20	1	1	1512.5656	600.27881	829.27392	622.26394
BAYULOC3_CAM33_RIG20	2	0	1407.65133	444.98513	793.38003	452.2974
BAYULOC3_CAM33_RIG20	2	1	1337.72974	425.41264	740.68792	434.39777
BAYULOC3_CAM33_RIG20	3	0	1025.71511	372.9777	494.9472	391.34201
BAYULOC3_CAM33_RIG20	3	1	1103.83325	352.40149	563.86513	368.08922
BAYULOC3_CAM33_RIG20	4	0	1330.22791	657.56506	583.13016	679.45353
BAYULOC3_CAM33_RIG20	4	1	1423.56822	677.30483	673.79404	699.19331
BAYULOC3_CAM33_RIG20	5	0	1186.40094	320.18587	656.21328	333.21561
BAYULOC3_CAM33_RIG20	5	1	1123.00314	289.4052	587.6299	307.28625
BAYULOC3_CAM33_RIG20	6	0	711.23157	538.66171	133.65395	559.77323
BAYULOC3_CAM33_RIG20	6	1	811.09566	533.64312	232.51438	556.92937
BAYULOC3_CAM33_RIG20	7	0	1244.32305	625.90706	508.87141	647.52045
BAYULOC3_CAM33_RIG20	7	1	1337.83063	653.67658	586.82227	675.45725
BAYULOC3_CAM33_RIG20	8	0	1077.56979	649.73606	122.4966	668.88848
BAYULOC3_CAM33_RIG20	8	1	1181.61579	614.10409	252.13591	634.09294
BAYULOC3_CAM33_RIG20	9	0	1322.5196	588.33086	634.54783	602.58364
BAYULOC3_CAM33_RIG20	9	1	1404.31783	573.77695	701.12389	590.37175
BAYULOC3_CAM33_RIG20	10	0	1510.88813	608.39033	868.99948	624.47584
BAYULOC3_CAM33_RIG20	10	1	1428.92263	594.171	798.74334	610.75836
BAYULOC3_CAM33_RIG20	11	0	1510.63774	591.97398	784.68792	609.72119
BAYULOC3_CAM33_RIG20	11	1	1433.02143	572.90335	709.41349	589.14498
BAYULOC3_CAM33_RIG20	12	0	1764.21537	713.98141	970.51699	741.63569
BAYULOC3_CAM33_RIG20	12	1	1651.47099	695.9145	868.14375	718.04833
BAYULOC3_CAM33_RIG20	13	0	1278.24464	612.81041	685.65865	627.92565
BAYULOC3_CAM33_RIG20	13	1	1193.76999	565.80297	613.72974	581.25279
BAYULOC3_CAM33_RIG20	14	0	1327.75379	685.65799	812.72347	704.81784
BAYULOC3_CAM33_RIG20	14	1	1251.81025	656.71747	742.63461	669.85502
BAYULOC3_CAM33_RIG20	15	0	1280.3633	708.93309	750.73811	727.11896
BAYULOC3_CAM33_RIG20	15	1	1371.86357	722.81784	826.01255	742.50929
BAYULOC3_CAM33_RIG20	16	0	869.83168	251.7119	641.27862	268.68587
BAYULOC3_CAM33_RIG20	16	1	567.47935	241.67472	365.52326	267.43123
BAYULOC3_CAM33_RIG20	17	0	1670.43231	668.48699	955.32253	690.9684
BAYULOC3_CAM33_RIG20	17	1	1280.2598	605.75465	585.72504	630.49442
BAYULOC3_CAM33_RIG20	18	0	1311.58547	429.39591	1111.59854	431.84201
BAYULOC3_CAM33_RIG20	18	1	1515.57919	364.65613	1311.32671	356.5632
BAYULOC3_CAM33_RIG20	19	0	1041.28803	635.54089	507.8045	652.37175
BAYULOC3_CAM33_RIG20	19	1	702.80397	462.39963	245.09671	486.25651
BAYULOC3_CAM33_RIG20	20	0	1360.75274	760.20818	715.22112	780.5316
BAYULOC3_CAM33_RIG20	20	1	1761.71458	720.56134	1015.31521	750.42007
BAYULOC3_CAM33_RIG20	21	0	472.6414	508.11896	183.00052	531.95911
BAYULOC3_CAM33_RIG20	21	1	305.69942	549.43866	67.91427	566.0855
BAYULOC3_CAM34_RIG23	0	0	1892.9012	800.96654	241.88186	837.10037
BAYULOC3_CAM34_RIG23	1	0	1668.58338	670.50558	1521.54731	667.80669
BAYULOC3_CAM34_RIG23	1	1	1836.19446	677.5316	1706.2206	678.34572
BAYULOC3_CAM34_RIG23	2	0	1916.48719	698.01859	1672.09618	703.8513
BAYULOC3_CAM34_RIG23	2	1	1669.58704	718.5948	1459.82227	719.91078
BAYULOC3_CAM34_RIG23	3	0	494.47151	358.71375	362.90748	346.69517
BAYULOC3_CAM34_RIG23	3	1	961.67486	471.13011	834.62729	449.07435
BAYULOC3_CAM34_RIG23	4	0	1542.12232	704.6171	1189.33612	697.81413
BAYULOC3_CAM34_RIG23	4	1	1900.42865	662.96283	1586.78515	664.18959
BAYULOC3_CAM34_RIG23	5	0	1075.98432	905.19703	461.37951	877.49814
BAYULOC3_CAM34_RIG23	5	1	1506.5541	587.52045	900.98223	573.87361
BAYULOC3_CAM36_RIG22	0	0	1858.77679	750.78067	312.138	754.79554
BAYULOC3_CAM36_RIG22	1	0	1067.54731	93.34572	584.10403	86.3197
BAYULOC3_CAM36_RIG22	1	1	642.49765	10.03717	8.00366	28.10409
BAYULOC3_CAM36_RIG22	2	0	1475.37899	277.02602	878.20178	247.91822
BAYULOC3_CAM36_RIG22	2	1	915.33717	407.50929	364.32828	385.42751
BAYULOC3_CAM36_RIG22	3	0	1197.08991	581.41822	838.80815	559.33086
BAYULOC3_CAM36_RIG22	3	1	807.41924	451.93866	526.16832	436.62639
BAYULOC3_CAM36_RIG22	4	0	1016.34187	237.71747	726.53581	225.75836
BAYULOC3_CAM36_RIG22	4	1	456.80188	407.34572	162.98118	391.37175
BAYULOC3_CAM37_RIG29	0	0	1803.57554	749.77695	1010.68479	814.01487
BAYULOC3_CAM37_RIG29	0	1	1145.17512	607.24907	142.5196	658.43866
BAYULOC3_CAM37_RIG29	1	0	1631.94982	954.53532	261.95504	959.5539
BAYULOC3_CAM37_RIG29	2	0	1916.48719	267.44238	1583.77418	274.4461
BAYULOC3_CAM37_RIG29	2	1	1472.86984	224.78439	1183.31417	254.37175
BAYULOC3_CAM37_RIG29	3	0	1329.49556	423.24164	1160.29064	461.47955
BAYULOC3_CAM37_RIG29	3	1	996.28071	331.40149	796.96602	379.67658
BAYULOC3_CAM38_RIG26	0	0	1606.85834	1029.81413	84.30737	968.58736
BAYULOC3_CAM38_RIG26	1	0	1717.76634	550.95167	1607.60899	538.04089
BAYULOC3_CAM38_RIG26	1	1	1381.03868	546.43494	1238.26242	529.00743
BAYULOC3_CAM38_RIG26	2	0	458.50078	698.18959	285.54104	662.08178
BAYULOC3_CAM38_RIG26	2	1	785.19185	666.57249	594.66806	636.48699
BAYULOC3_CAM3_RIG26	0	0	1426.19969	861.18959	87.31835	790.92937
BAYULOC3_CAM3_RIG26	1	0	1540.80293	536.57993	1233.25719	518.73978
BAYULOC3_CAM3_RIG26	1	1	1154.89597	496.93309	833.80084	476.58364
BAYULOC3_CAM3_RIG26	2	0	1092.90591	499.829	753.43387	476.98513
BAYULOC3_CAM3_RIG26	2	1	644.27026	339.2342	287.23419	324.92193
BAYULOC3_CAM3_RIG26	3	0	737.0047	436.33457	692.023	409.40149
BAYULOC3_CAM3_RIG26	3	1	365.14898	493.04461	345.76059	457.07807
BAYULOC3_CAM3_RIG26	4	0	1172.70779	159.08922	943.31521	135.50186
BAYULOC3_CAM3_RIG26	4	1	782.28437	238.3829	566.44119	221.82156
BAYULOC3_CAM40_RIG24	0	0	1401.10821	867.2119	477.74177	908.36431
BAYULOC3_CAM40_RIG24	1	0	1100.28489	695.26394	677.62938	741.02974
BAYULOC3_CAM40_RIG24	1	1	1614.15839	616.97398	1228.13643	662.23792
BAYULOC3_CAM40_RIG24	2	0	1879.85363	648.57993	1466.39676	715.28625
BAYULOC3_CAM40_RIG24	2	1	1602.8437	617.46468	1224.01307	669.6171
BAYULOC3_CAM40_RIG24	3	0	1593.90225	612.54647	1456.14062	667.4684
BAYULOC3_CAM40_RIG24	3	1	1427.79665	596.98885	1269.46001	643.37918
BAYULOC3_CAM40_RIG24	4	0	861.13957	257.95539	159.58181	191.71004
BAYULOC3_CAM41_RIG24	0	0	550.00523	278.02974	838.87977	232.36059
BAYULOC3_CAM41_RIG24	0	1	50.18296	189.20074	423.36487	120.4461
BAYULOC3_CAM41_RIG24	1	0	898.57972	708.43494	1242.38996	669.36803
BAYULOC3_CAM41_RIG24	1	1	439.90748	749.0855	816.33664	717.04461
BAYULOC3_CAM41_RIG24	2	0	828.45896	593.6803	1154.06325	557.52045
BAYULOC3_CAM41_RIG24	2	1	445.06116	606.72862	751.09409	569.56506
BAYULOC3_CAM41_RIG24	3	0	591.65708	631.02602	783.76686	600.66171
BAYULOC3_CAM41_RIG24	3	1	235.35808	598.90706	387.82331	569.04461
BAYULOC3_CAM41_RIG24	4	0	417.52222	197.61338	573.08939	144.03346
BAYULOC3_CAM41_RIG24	4	1	54.1976	314.54647	206.75379	252.9368
BAYULOC3_CAM41_RIG24	5	0	466.70152	316.30112	589.14794	269.8513
BAYULOC3_CAM41_RIG24	5	1	195.71354	418.6803	327.69472	371.22677
BAYULOC3_CAM41_RIG24	6	0	567.52169	426.10409	826.54417	384.46468
BAYULOC3_CAM41_RIG24	6	1	196.1678	500.88104	477.27078	455.22677
BAYULOC3_CAM41_RIG24	7	0	212.25928	608.90706	540.88134	579.74721
BAYULOC3_CAM41_RIG24	7	1	675.44799	672.14126	987.00784	632.94424
BAYULOC3_CAM41_RIG24	8	0	569.07475	813.01115	1336.87402	770.85502
BAYULOC3_CAM41_RIG24	8	1	1151.19707	639.36803	1846.73288	601.22677
BAYULOC3_CAM41_RIG24	9	0	1357.95086	489.81413	1908.95975	451.67286
BAYULOC3_CAM41_RIG24	9	1	842.07005	530.96654	1294.72033	489.81413
BAYULOC3_CAM41_RIG24	10	0	1224.96498	694.0632	1612.37846	636.15613
BAYULOC3_CAM41_RIG24	10	1	777.33298	692.55762	1167.75745	640.67286
BAYULOC3_CAM41_RIG24	11	0	436.08991	244.86245	670.44433	193.71747
BAYULOC3_CAM41_RIG24	11	1	52.19028	309.10037	296.07946	244.90706
BAYULOC3_CAM41_RIG24	12	0	563.0528	858.17844	1154.59801	820.49442
BAYULOC3_CAM41_RIG24	12	1	187.68427	487.80669	733.52222	430.30855
BAYULOC3_CAM41_RIG24	13	0	1050.44799	407.60223	1399.14428	376.81041
BAYULOC3_CAM41_RIG24	13	1	643.46419	513.99628	1166.79718	471.66171
BAYULOC3_CAM41_RIG24	14	0	654.38578	80.2974	951.73758	27.60223
BAYULOC3_CAM41_RIG24	14	1	338.73497	82.30483	683.76059	15.55762
BAYULOC3_CAM41_RIG24	15	0	567.06743	377.86245	910.41871	336.62082
BAYULOC3_CAM41_RIG24	15	1	187.18244	221.78439	501.92943	158.46097
BAYULOC3_CAM41_RIG24	16	0	550.50706	863.94424	1161.62049	829.62082
BAYULOC3_CAM41_RIG24	16	1	121.44276	401.73234	823.11082	346.78439
BAYULOC3_CAM41_RIG24	17	0	537.45949	449.13383	771.06743	408.99257
BAYULOC3_CAM41_RIG24	17	1	316.15264	164.57993	579.36853	98.84387
BAYULOC3_CAM41_RIG24	18	0	421.53685	361.2342	759.00523	314.66543
BAYULOC3_CAM41_RIG24	18	1	26.09514	244.30112	415.25196	176.65428
BAYULOC3_CAM41_RIG24	19	0	1561.25039	633.46468	1811.60481	590.01487
BAYULOC3_CAM41_RIG24	19	1	1287.75327	625.43494	1551.15525	580.98141
BAYULOC3_CAM41_RIG24	20	0	1290.7057	661.44981	1905.94877	603.2342
BAYULOC3_CAM41_RIG24	20	1	787.87245	436.6171	1366.9838	394.46097
BAYULOC3_CAM41_RIG24	21	0	937.59801	670.49071	1394.74909	629.48327
BAYULOC3_CAM41_RIG24	21	1	515.0575	480.28625	977.22687	439.78067
BAYULOC3_CAM41_RIG24	22	0	525.91741	849.39033	1055.61317	822.05948
BAYULOC3_CAM41_RIG24	22	1	249.4093	496.58364	668.70256	451.68773
BAYULOC3_CAM41_RIG24	23	0	701.34553	810.42379	1168.10037	771.94052
BAYULOC3_CAM41_RIG24	23	1	371.64349	327.63569	891.09043	281.12268
BAYULOC3_CAM41_RIG24	24	0	801.92368	436.6171	1231.48981	402.49071
BAYULOC3_CAM41_RIG24	24	1	1308.77156	234.86989	1742.35233	221.82156
BAYULOC3_CAM41_RIG24	25	0	318.66179	266.48699	582.24151	212.28625
BAYULOC3_CAM41_RIG24	25	1	579.61317	247.91822	830.14532	201.24535
BAYULOC3_CAM41_RIG24	26	0	1409.61317	813.71375	1848.7402	748.54647
BAYULOC3_CAM41_RIG24	26	1	1153.17825	767.04089	1535.59854	712.41264
BAYULOC3_CAM41_RIG24	27	0	594.16623	841.73606	1106.04914	811.28253
BAYULOC3_CAM41_RIG24	27	1	291.56299	449.78439	835.06116	405.78067
BAYULOC3_CAM41_RIG24	28	0	734.67852	689.57621	1379.27967	646.94796
BAYULOC3_CAM41_RIG24	28	1	68.75065	450.18959	893.50863	379.95911
BAYULOC3_CAM41_RIG24	29	0	838.10089	408.32342	1091.78986	376.85874
BAYULOC3_CAM41_RIG24	29	1	1098.55044	97.171	1365.78881	83.77323
BAYULOC3_CAM41_RIG24	30	0	395.40199	698.31227	1062.87507	663.52045
BAYULOC3_CAM41_RIG24	30	1	1084.78568	625.88848	1709.23157	593.76208
BAYULOC3_CAM41_RIG24	31	0	795.0575	509.26022	1196.79718	473.75093
BAYULOC3_CAM41_RIG24	31	1	1158.38212	366.73234	1464.77418	338.75093
BAYULOC3_CAM41_RIG24	32	0	502.74961	260.96654	928.32096	214.66543
BAYULOC3_CAM41_RIG24	32	1	910.73706	290.57621	1389.00052	257.82528
BAYULOC3_CAM41_RIG24	33	0	386.40878	721.67286	915.33717	678.51301
BAYULOC3_CAM42_RIG30	0	0	1861.78777	773.86617	406.48197	780.89219
BAYULOC3_CAM42_RIG30	1	0	827.99373	691.57621	709.07789	647.0855
BAYULOC3_CAM42_RIG30	1	1	488.75693	720.18216	373.35389	674.68773
BAYULOC3_CAM44_RIG29	0	0	1769.45112	734.72119	333.21485	804.98141
BAYULOC3_CAM44_RIG29	1	0	1343.81443	602.58364	1162.092	641.26766
BAYULOC3_CAM44_RIG29	1	1	982.99895	589.53532	795.7564	627.21561
BAYULOC3_CAM44_RIG29	2	0	940.42865	538.99628	518.89179	576.13383
BAYULOC3_CAM44_RIG29	2	1	1910.96707	533.9777	1187.3288	573.12268
BAYULOC3_CAM45_RIG22	0	0	1531.5839	887.28625	9.03293	822.04461
BAYULOC3_CAM45_RIG22	1	0	776.86722	751.27509	237.36539	714.02974
BAYULOC3_CAM45_RIG22	1	1	1316.33403	534.47212	720.62729	520.31227
BAYULOC3_CAM45_RIG22	2	0	323.84579	454.20074	70.71772	437.04089
BAYULOC3_CAM45_RIG22	2	1	962.67486	375.40892	716.07057	354.2342
BAYULOC3_CAM4_RIG29	0	0	1174.62154	561.0632	890.27757	608.86989
BAYULOC3_CAM4_RIG29	0	1	1680.46576	518.4052	1417.70047	556.17472
BAYULOC3_CAM5_RIG22	0	0	1766.44015	636.35688	370.35024	627.32342
BAYULOC3_CAM5_RIG22	1	0	1113.77313	534.4684	900.00261	518.14312
BAYULOC3_CAM5_RIG22	1	1	847.05071	554.29182	651.84788	528.93309
BAYULOC3_CAM5_RIG22	2	0	967.56194	599.81599	584.9885	579.85502
BAYULOC3_CAM5_RIG22	2	1	1213.96027	569.2026	809.30633	554.51115
BAYULOC3_CAM5_RIG22	3	0	304.52326	405.96283	174.86043	385.50558
BAYULOC3_CAM5_RIG22	3	1	557.9472	428.7974	392.90538	406.08178
BAYULOC3_CAM6_RIG25	0	0	1019.71772	559.07063	800.92002	557.0632
BAYULOC3_CAM6_RIG25	0	1	1460.3241	531.97026	1261.59958	551.04089
BAYULOC3_CAM6_RIG25	1	0	1629.9425	546.57993	1311.29012	563.11524
BAYULOC3_CAM6_RIG25	1	1	1196.36174	496.89591	849.10507	504.39777
BAYULOC3_CAM6_RIG25	2	0	1094.77418	577.84387	801.75954	580.72862
BAYULOC3_CAM6_RIG25	2	1	747.00627	424.77695	538.80084	435.18959
BAYULOC3_CAM6_RIG25	3	0	1576.74856	564.82156	1174.31573	592.36431
BAYULOC3_CAM6_RIG25	3	1	1049.32567	405.73234	629.3288	400.65428
BAYULOC3_CAM6_RIG25	4	0	1394.50653	525.80297	988.32723	541.00372
BAYULOC3_CAM6_RIG25	4	1	850.52326	541.86245	485.49399	533.47584
BAYULOC3_CAM7_RIG23	0	0	1731.31208	743.75465	335.22216	749.77695
BAYULOC3_CAM7_RIG23	1	0	1333.49712	882.54647	519.67852	871.22491
BAYULOC3_CAM7_RIG23	1	1	1274.78306	863.9777	471.75379	847.13569
BAYULOC3_CAM8_RIG20	0	0	1792.53528	730.70632	189.69158	747.76952
BAYULOC3_CAM8_RIG20	1	0	1269.16414	547.13755	1033.78881	551.43123
BAYULOC3_CAM8_RIG20	1	1	1443.54992	529.82342	1213.19289	535.12082
BAYULOC3_CAM8_RIG20	2	0	328.4093	482.3829	125.4574	502.9777
BAYULOC3_CAM8_RIG20	2	1	728.36749	466.82528	526.92107	476.88104
BAYULOC3_CAM9_RIG27	0	0	1783.50235	748.77323	408.48928	786.9145
BAYULOC3_CAM9_RIG27	1	0	1457.92054	700.95539	1141.18453	716.17472
BAYULOC3_CAM9_RIG27	1	1	1066.49347	565.45353	805.46053	572.14126
BAYULOC3_CAM9_RIG27	2	0	1513.99007	699.35316	1138.89075	715.55019
BAYULOC3_CAM9_RIG27	2	1	1032.73549	610.0223	679.21485	614.17472
BAYULOC4_CAM11_RIG28	0	0	1024.40565	677.50929	487.74229	641.09294
BAYULOC4_CAM11_RIG28	0	1	1540.78829	681.52416	937.88343	656.65056
BAYULOC4_CAM11_RIG28	1	0	1146.94041	619.171	501.60324	589.80297
BAYULOC4_CAM11_RIG28	1	1	1659.30842	749.15242	977.33769	728.31599
BAYULOC4_CAM13_RIG20	0	0	1517.71929	440.91078	1248.06377	438.27509
BAYULOC4_CAM13_RIG20	0	1	1246.73131	455.96654	1020.73497	459.35316
BAYULOC4_CAM13_RIG20	1	0	1103.72661	686.55762	574.59122	704.10037
BAYULOC4_CAM13_RIG20	1	1	813.16728	563.60223	362.3173	585.66171
BAYULOC4_CAM13_RIG20	2	0	1856.76947	400.97398	1564.77784	388.82156
BAYULOC4_CAM13_RIG20	2	1	1575.24307	397.46097	1297.8045	387.31599
BAYULOC4_CAM13_RIG20	3	0	1016.55829	550.37175	718.57658	562.88104
BAYULOC4_CAM13_RIG20	3	1	801.27339	595.53903	489.74229	597.00743
BAYULOC4_CAM13_RIG20	4	0	1332.85938	542.07435	765.90382	556.03346
BAYULOC4_CAM13_RIG20	4	1	1777.98223	548.09665	1176.90225	550.51301
BAYULOC4_CAM13_RIG20	5	0	1177.13643	508.9145	993.70413	506.84758
BAYULOC4_CAM13_RIG20	5	1	777.68008	541.53532	566.14532	552.51673
BAYULOC4_CAM13_RIG20	6	0	1830.67433	509.67286	1665.90538	505.52045
BAYULOC4_CAM13_RIG20	6	1	1455.80763	510.17472	1327.67224	513.04833
BAYULOC4_CAM13_RIG20	7	0	1682.13278	601.01487	1353.69315	601.45725
BAYULOC4_CAM13_RIG20	7	1	1185.32148	628.6171	807.70256	633.57621
BAYULOC4_CAM13_RIG20	8	0	947.45426	645.39033	536.95766	658.43866
BAYULOC4_CAM13_RIG20	8	1	386.40878	668.47584	39.14271	685
BAYULOC4_CAM14_RIG23	0	0	1748.37428	740.74349	397.44903	747.76952
BAYULOC4_CAM14_RIG23	1	0	1389.7172	586.68401	847.66963	574.9145
BAYULOC4_CAM14_RIG23	1	1	1314.61004	577.31599	774.56979	562.7026
BAYULOC4_CAM14_RIG23	2	0	1561.71615	593.16729	843.51438	583.829
BAYULOC4_CAM14_RIG23	2	1	1489.28542	565.39777	752.18139	556.22677
BAYULOC4_CAM14_RIG23	3	0	1476.59279	551.92937	1008.54626	537.83271
BAYULOC4_CAM14_RIG23	3	1	1403.49294	553.26766	920.05698	537.83271
BAYULOC4_CAM14_RIG23	4	0	1290.40408	554.30483	844.90277	543.97026
BAYULOC4_CAM14_RIG23	4	1	979.26973	331.47955	584.45321	326.66543
BAYULOC4_CAM14_RIG23	5	0	1356.89493	610.95539	904.45949	598.33829
BAYULOC4_CAM14_RIG23	5	1	1046.76424	379.09665	628.95504	371.49814
BAYULOC4_CAM14_RIG23	6	0	1408.13382	833.0855	431.57344	814.01487
BAYULOC4_CAM14_RIG23	6	1	1755.3999	481.78439	954.47987	491.82156
BAYULOC4_CAM14_RIG23	7	0	812.5081	559.70632	350.77888	553.66543
BAYULOC4_CAM14_RIG23	7	1	1253.61631	489.4461	733.17303	465.33829
BAYULOC4_CAM14_RIG23	8	0	943.66545	545.45725	523.6252	537.04089
BAYULOC4_CAM14_RIG23	8	1	1251.78881	565.5316	830.24307	544.56877
BAYULOC4_CAM14_RIG23	9	0	544.40146	453.46097	119.93727	446.47212
BAYULOC4_CAM14_RIG23	9	1	889.15839	456.97398	460.67956	441.95539
BAYULOC4_CAM16_RIG22	0	0	1822.64506	669.47955	390.42342	684.53532
BAYULOC4_CAM16_RIG22	1	0	1440.75274	699.44238	916.97282	686.21561
BAYULOC4_CAM16_RIG22	1	1	1710.23523	516.26394	1197.49556	483.46468
BAYULOC4_CAM16_RIG22	2	0	1159.00627	694.33829	688.0643	671.65056
BAYULOC4_CAM16_RIG22	3	0	884.77522	499.01115	481.96968	469.44238
BAYULOC4_CAM16_RIG22	3	1	1156.76686	460.36803	786.58024	444.34944
BAYULOC4_CAM16_RIG22	4	0	1464.33873	818.50929	814.73863	810.65056
BAYULOC4_CAM16_RIG22	4	1	1728.3011	562.05948	1078.19916	563.73606
BAYULOC4_CAM16_RIG22	5	0	817.4391	584.04461	27.60063	556.52416
BAYULOC4_CAM16_RIG22	5	1	1205.35337	556.94424	399.95818	531.93309
BAYULOC4_CAM16_RIG22	6	0	1252.59488	502.45725	809.15578	487.01859
BAYULOC4_CAM16_RIG22	6	1	909.34344	467.829	454.86409	442.35316
BAYULOC4_CAM16_RIG22	7	0	563.0528	536.98885	235.85991	504.86989
BAYULOC4_CAM16_RIG22	8	0	937.08677	703.37918	271.99164	672.76952
BAYULOC4_CAM16_RIG22	8	1	1302.41871	551.31599	673.45531	527.73234
BAYULOC4_CAM16_RIG22	9	0	1381.21694	570.70632	660.64611	548.05204
BAYULOC4_CAM16_RIG22	9	1	973.22948	525.53903	280.76111	500.37546
BAYULOC4_CAM16_RIG22	10	0	1387.39676	568.07063	667.93518	546.05576
BAYULOC4_CAM16_RIG22	10	1	986.43492	528.92565	285.03921	502.89591
BAYULOC4_CAM16_RIG22	11	0	1267.85102	736.32714	670.954	717.49071
BAYULOC4_CAM16_RIG22	11	1	1007.90329	421.66171	456.17094	394.79554
BAYULOC4_CAM16_RIG22	12	0	1514.52169	753.57993	878.61422	743.56506
BAYULOC4_CAM16_RIG22	12	1	1844.22373	701.38662	1230.39676	703.41636
BAYULOC4_CAM16_RIG22	13	0	1276.65447	469.0855	885.96602	443.43494
BAYULOC4_CAM16_RIG22	13	1	1574.23941	469.58736	1156.954	434.40149
BAYULOC4_CAM17_RIG29	0	0	1757.40721	790.92937	518.89179	879.25651
BAYULOC4_CAM17_RIG29	1	0	970.53842	846.13383	324.18191	884.27509
BAYULOC4_CAM17_RIG29	1	1	1595.81809	688.55019	926.37742	743.75465
BAYULOC4_CAM17_RIG29	2	0	928.19916	659.57993	439.10089	700.12268
BAYULOC4_CAM17_RIG29	2	1	536.27026	596.84758	105.88604	650.43866
BAYULOC4_CAM18_RIG26	0	0	1405.12284	849.14498	90.32933	786.9145
BAYULOC4_CAM18_RIG26	1	0	1316.38683	341.39033	1159.16362	317.95167
BAYULOC4_CAM18_RIG26	1	1	1559.27235	367.48699	1401.54731	350.57249
BAYULOC4_CAM18_RIG26	2	0	1240.71197	651.02602	760.23941	642.60967
BAYULOC4_CAM18_RIG26	2	1	1027.93623	664.57621	621.73445	650.63941
BAYULOC4_CAM18_RIG26	3	0	1315.91741	781.60967	655.76006	772.01487
BAYULOC4_CAM18_RIG26	3	1	1120.20387	491.03346	534.81913	478.42751
BAYULOC4_CAM18_RIG26	4	0	1182.2368	450.49442	777.74229	441.01487
BAYULOC4_CAM18_RIG26	4	1	1501.90225	463.04089	1072.31626	448.54275
BAYULOC4_CAM18_RIG26	5	0	1012.80345	732.16729	412.50392	712.10409
BAYULOC4_CAM18_RIG26	5	1	732.78254	678.4684	207.75745	640.84015
BAYULOC4_CAM18_RIG26	6	0	1464.61683	704.23048	923.70465	701.32714
BAYULOC4_CAM18_RIG26	6	1	1130.39833	580.27138	538.80136	570.84387
BAYULOC4_CAM19_RIG30	0	0	1828.66702	812.00743	420.53319	793.94052
BAYULOC4_CAM19_RIG30	1	0	1007.22216	722.51859	653.59226	685.58364
BAYULOC4_CAM19_RIG30	1	1	781.14794	696.67286	464.65342	657.98141
BAYULOC4_CAM19_RIG30	2	0	976.00993	751.8197	676.77731	713.05204
BAYULOC4_CAM19_RIG30	2	1	800.11866	707.65613	490.09671	657.59665
BAYULOC4_CAM19_RIG30	3	0	1105.92263	609.76766	729.02196	569.51673
BAYULOC4_CAM19_RIG30	3	1	1306.90538	624.32156	1003.52274	580.55762
BAYULOC4_CAM19_RIG30	4	0	1048.12023	864.71375	572.57658	823.66543
BAYULOC4_CAM19_RIG30	4	1	1240.32096	769.86245	819.72765	730.57063
BAYULOC4_CAM19_RIG30	5	0	1337.32358	674.13383	934.75588	639.63941
BAYULOC4_CAM19_RIG30	5	1	1552.85938	632.98141	1196.46001	590.95911
BAYULOC4_CAM19_RIG30	6	0	1141.60585	851.46654	636.6116	811.45353
BAYULOC4_CAM19_RIG30	6	1	1516.47256	787.73048	966.06273	766.03532
BAYULOC4_CAM19_RIG30	7	0	675.53633	840.10781	191.26712	786.84015
BAYULOC4_CAM19_RIG30	7	1	998.21275	820.28439	530.75484	776.30112
BAYULOC4_CAM19_RIG30	8	0	453.47569	339.06691	132.06012	323.42379
BAYULOC4_CAM19_RIG30	8	1	760.09357	369.93123	469.03868	341.74164
BAYULOC4_CAM20_RIG24	0	0	818.98589	801.97026	871.17616	829.07063
BAYULOC4_CAM20_RIG24	1	0	889.13487	654.36617	581.18087	681.78439
BAYULOC4_CAM20_RIG24	1	1	1062.01516	542.95353	781.15996	574.88848
BAYULOC4_CAM21_RIG24	0	0	444.16989	501.63755	163.34553	537.64312
BAYULOC4_CAM21_RIG24	0	1	867.09618	556.22491	537.72086	597.69331
BAYULOC4_CAM23_RIG26	0	0	1746.36696	758.81041	330.20387	802.97398
BAYULOC4_CAM23_RIG26	1	0	505.48301	687.66357	70.00523	638.81227
BAYULOC4_CAM23_RIG26	1	1	745.10664	701.71561	328.69838	664.90892
BAYULOC4_CAM23_RIG26	2	0	760.77365	645.39033	291.06116	614.27509
BAYULOC4_CAM23_RIG26	3	0	1272.85781	709.01673	705.48772	693.34201
BAYULOC4_CAM23_RIG26	3	1	1092.70099	562.97584	544.1495	548.30483
BAYULOC4_CAM23_RIG26	4	0	1414.49503	647.24907	853.17094	638.07993
BAYULOC4_CAM23_RIG26	4	1	1208.24307	565.94796	661.97386	531.43494
BAYULOC4_CAM26_RIG25	0	0	1798.55724	746.7658	374.36487	744.75836
BAYULOC4_CAM26_RIG25	1	0	1451.29117	871.22677	874.18714	887.28625
BAYULOC4_CAM26_RIG25	1	1	967.52744	871.22677	283.03189	862.19331
BAYULOC4_CAM27_RIG23	0	0	1788.52065	794.94424	279.01725	800.96654
BAYULOC4_CAM27_RIG23	1	0	752.24673	605.51673	578.10768	581.48327
BAYULOC4_CAM27_RIG23	1	1	474.23314	603.50929	302.60324	583.99257
BAYULOC4_CAM27_RIG23	2	0	1005.54783	259.8513	572.92891	256.8513
BAYULOC4_CAM27_RIG23	2	1	644.48144	292.72305	209.35337	297.25093
BAYULOC4_CAM27_RIG23	3	0	1141.30005	718.72491	714.03659	698.25651
BAYULOC4_CAM27_RIG23	3	1	1505.1265	633.40892	1013.37794	618.46097
BAYULOC4_CAM27_RIG23	4	0	1224.50026	872.07249	565.54417	848.12454
BAYULOC4_CAM27_RIG23	4	1	893.54365	708.46654	274.48301	666.45167
BAYULOC4_CAM27_RIG23	5	0	1033.76895	991.67286	227.83063	959.5539
BAYULOC4_CAM27_RIG23	5	1	1504.4851	678.51301	647.36017	677.50929
BAYULOC4_CAM27_RIG23	6	0	721.63095	960.55762	24.08782	913.3829
BAYULOC4_CAM27_RIG23	6	1	1251.56299	857.17472	534.95034	832.08178
BAYULOC4_CAM27_RIG23	7	0	1049.66179	870.09294	432.0575	844.75465
BAYULOC4_CAM27_RIG23	7	1	1241.36069	473.12268	683.47412	460.33086
BAYULOC4_CAM27_RIG23	8	0	989.69211	892.37918	326.72661	861.17658
BAYULOC4_CAM27_RIG23	8	1	1394.16675	702.92751	644.38474	695.06134
BAYULOC4_CAM27_RIG23	9	0	1745.88866	587.67658	1315.08259	574.29554
BAYULOC4_CAM27_RIG23	9	1	1442.03084	569.10781	1038.82541	558.98885
BAYULOC4_CAM27_RIG23	10	0	1010.76529	906.37175	349.54679	878.60595
BAYULOC4_CAM27_RIG23	10	1	1476.38265	688.55019	684.24987	673.83829
BAYULOC4_CAM28_RIG20	0	0	1409.13748	785.91078	491.793	802.97398
BAYULOC4_CAM28_RIG20	1	0	673.12755	479.0855	463.81965	493.98885
BAYULOC4_CAM28_RIG20	1	1	1152.12389	426.7119	1001.29378	430.47955
BAYULOC4_CAM29_RIG27	0	0	1843.7219	746.7658	319.16362	785.91078
BAYULOC4_CAM29_RIG27	1	0	889.35755	499.26208	575.03346	514.63941
BAYULOC4_CAM29_RIG27	1	1	634.42812	477.43123	373.79979	492.05576
BAYULOC4_CAM29_RIG27	2	0	1351.05071	695.671	847.2138	706.80297
BAYULOC4_CAM29_RIG27	2	1	1608.99111	508.4777	1095.36853	522.11896
BAYULOC4_CAM31_RIG28	0	0	1393.95034	652.23792	872.29692	626.56134
BAYULOC4_CAM31_RIG28	0	1	1268.15839	686.19703	731.61735	663.36431
BAYULOC4_CAM31_RIG28	1	0	1557.29587	592.84015	793.86827	571.88476
BAYULOC4_CAM31_RIG28	1	1	1368.9425	590.16357	626.08991	567.53532
BAYULOC4_CAM31_RIG28	2	0	1384.98798	796.87732	554.97334	775.36431
BAYULOC4_CAM31_RIG28	2	1	1190.2781	799.05204	336.84475	780.88476
BAYULOC4_CAM31_RIG28	3	0	1169.14898	692.25465	506.54469	670.43494
BAYULOC4_CAM31_RIG28	3	1	1005.55254	714.58736	334.41715	694.77509
BAYULOC4_CAM31_RIG28	4	0	772.78463	761.07063	303.01725	734.9461
BAYULOC4_CAM31_RIG28	4	1	650.33821	714.39777	170.28332	692.03717
BAYULOC4_CAM31_RIG28	5	0	1234.92368	675.28067	560.14898	652.32528
BAYULOC4_CAM31_RIG28	5	1	1060.5379	655.45725	411.85834	635.51301
BAYULOC4_CAM31_RIG28	6	0	1027.52065	815.13755	226.57606	790.68401
BAYULOC4_CAM31_RIG28	6	1	813.49033	765.2026	37.63722	743.25836
BAYULOC4_CAM31_RIG28	7	0	966.17512	555.20632	479.2666	536.68587
BAYULOC4_CAM31_RIG28	7	1	1104.17825	568.00372	604.72399	545.21747
BAYULOC4_CAM31_RIG28	8	0	896.33037	707.34015	401.29744	685.73792
BAYULOC4_CAM31_RIG28	8	1	771.87663	678.98513	286.88029	656.37918
BAYULOC4_CAM31_RIG28	9	0	728.96393	663.00372	279.01725	642.56134
BAYULOC4_CAM31_RIG28	9	1	584.93884	634.39777	140.51228	618.47212
BAYULOC4_CAM31_RIG28	10	0	1211.47308	870.59851	435.18557	844.11896
BAYULOC4_CAM31_RIG28	10	1	1028.55619	850.52416	208.3586	820.78253
BAYULOC4_CAM31_RIG28	11	0	1229.31208	867.97398	455.21119	846.34387
BAYULOC4_CAM31_RIG28	11	1	1048.40251	852.16543	230.14062	827.77509
BAYULOC4_CAM31_RIG28	12	0	1077.92002	602.64126	616.76999	580.59108
BAYULOC4_CAM31_RIG28	12	1	945.68792	599.88104	514.64767	578.83457
BAYULOC4_CAM31_RIG28	13	0	1241.22426	795.75279	545.98275	773.50186
BAYULOC4_CAM31_RIG28	13	1	1066.83847	826.86803	422.03084	799.34758
BAYULOC4_CAM31_RIG28	14	0	745.27182	688.44981	326.74438	670.04833
BAYULOC4_CAM31_RIG28	14	1	629.6001	698.23606	211.07266	672.80855
BAYULOC4_CAM31_RIG28	15	0	1346.138	824.94424	617.53372	805.83829
BAYULOC4_CAM31_RIG28	15	1	1203.11657	831.4684	431.10403	809.85316
BAYULOC4_CAM31_RIG28	16	0	1712.24255	612.26766	718.61997	593.19703
BAYULOC4_CAM31_RIG28	16	1	1062.87507	587.17472	170.62206	587.17472
BAYULOC4_CAM31_RIG28	17	0	1626.93152	383.42007	1021.72504	361.33829
BAYULOC4_CAM31_RIG28	17	1	1215.43126	311.15242	685.49922	294.08922
BAYULOC4_CAM36_RIG22	0	0	1876.84266	751.78439	184.67329	739.73978
BAYULOC4_CAM36_RIG22	1	0	1035.49242	660.49442	665.23576	636.95539
BAYULOC4_CAM36_RIG22	1	1	533.66283	683.57993	221.11657	642.47584
BAYULOC4_CAM38_RIG26	0	0	1739.34135	574.12639	760.77365	565.09294
BAYULOC4_CAM38_RIG26	0	1	994.62624	695.57621	83.30371	669.47955
BAYULOC4_CAM51_RIG28	0	0	1758.41087	649.4052	130.47569	648.40149
BAYULOC4_CAM51_RIG28	1	0	905.61526	620.99257	591.64245	597.1803
BAYULOC4_CAM51_RIG28	1	1	1332.67224	676.44796	934.89388	645.60967
BAYULOC4_CAM51_RIG28	2	0	559.09671	457.78067	185.06952	450.13941
BAYULOC4_CAM51_RIG28	2	1	853.41976	540.83829	535.34658	513.87546
BAYULOC4_CAM53_RIG20	0	0	1821.6414	773.86617	111.40617	815.01859
BAYULOC4_CAM53_RIG20	1	0	1550.93152	354.01115	1090.7815	353.0855
BAYULOC4_CAM53_RIG20	1	1	1789.04966	276.47398	1410.69786	252.2119
BAYULOC4_CAM53_RIG20	2	0	499.00157	119.01673	285.7909	157.46097
BAYULOC4_CAM53_RIG20	2	1	799.84841	147.62268	609.47099	166.49442
BAYULOC4_CAM53_RIG20	3	0	313.75536	97.83271	293.36905	139.95911
BAYULOC4_CAM53_RIG20	4	0	350.14428	79.29368	122.62415	123.9368
BAYULOC4_CAM53_RIG20	4	1	577.97491	81.80297	340.66911	127.44981
BAYULOC4_CAM53_RIG20	5	0	997.14794	464.36617	918.3403	472.46097
BAYULOC4_CAM53_RIG20	5	1	1246.05541	467.37732	1180.04443	469.44981
BAYULOC4_CAM53_RIG20	6	0	703.72922	510.07807	532.78254	521.73048
BAYULOC4_CAM53_RIG20	6	1	377.03816	520.11524	257.2781	522.23234
BAYULOC4_CAM53_RIG20	7	0	1179.29953	148.55019	1126.10559	127.47212
BAYULOC4_CAM54_RIG23	0	0	1861.78777	819.03346	198.72452	826.05948
BAYULOC4_CAM54_RIG23	1	0	765.49033	732.90149	327.72661	700.91636
BAYULOC4_CAM54_RIG23	1	1	978.26607	633.28253	554.55358	612.84015
BAYULOC4_CAM54_RIG23	2	0	742.54888	683.92937	433.88029	658.45353
BAYULOC4_CAM54_RIG23	2	1	876.78829	684.68216	552.8139	660.7119
BAYULOC4_CAM54_RIG23	3	0	1374.16309	645.10409	823.44224	634.87361
BAYULOC4_CAM54_RIG23	3	1	1624.57606	675.21561	1092.92473	661.47212
BAYULOC4_CAM54_RIG23	4	0	831.0298	725.68773	17.06221	697.58364
BAYULOC4_CAM54_RIG23	4	1	1509.5034	781.89591	734.67852	777.88104
BAYULOC4_CAM54_RIG23	5	0	792.42237	225.83643	489.28385	225.33457
BAYULOC4_CAM54_RIG23	5	1	445.65813	100.87361	69.25248	123.95911
BAYULOC4_CAM54_RIG23	6	0	802.52169	494.09665	673.98327	479.5539
BAYULOC4_CAM54_RIG23	6	1	1113.15421	463.48327	980.09932	442.16543
BAYULOC4_CAM54_RIG23	7	0	637.23262	305.52416	589.86984	288.97398
BAYULOC4_CAM54_RIG23	8	0	779.83481	403.45725	566.07684	394.58736
BAYULOC4_CAM54_RIG23	8	1	1107.02771	408.47584	897.03346	389.56877
BAYULOC4_CAM56_RIG22	0	0	1896.91584	755.79926	229.83795	783.90335
BAYULOC4_CAM56_RIG22	1	0	1443.36383	552.83457	1144.57292	526.58364
BAYULOC4_CAM56_RIG22	1	1	1688.75849	543.29926	1442.40878	519.80855
BAYULOC4_CAM56_RIG22	2	0	982.3586	360.67472	585.78725	341.70446
BAYULOC4_CAM56_RIG22	2	1	1269.90695	392.29182	890.64872	364.78996
BAYULOC4_CAM57_RIG29	0	0	1829.67067	608.25279	68.24882	647.39777
BAYULOC4_CAM57_RIG29	1	0	1427.20335	473.49442	1145.92525	504.81784
BAYULOC4_CAM57_RIG29	1	1	1637.97177	475	1334.61317	502.30855
BAYULOC4_CAM58_RIG26	0	0	1808.59383	800.96654	374.36487	778.88476
BAYULOC4_CAM58_RIG26	1	0	1187.82906	744.6171	752.45531	722.42751
BAYULOC4_CAM58_RIG26	1	1	646.35494	722.53532	246.10925	679.26766
BAYULOC4_CAM58_RIG26	2	0	1738.83952	762.63569	1243.15421	773.08178
BAYULOC4_CAM58_RIG26	2	1	1145.17512	680.83271	714.22582	664.17844
