OpCode	ImagePtPair	FilenameLeft	FrameLeft	FilenameRight	FrameRight	Time	Period	PeriodTime	X	Y	Z	sX	sY	sZ	RMS	Range	Direction	Family	Genus	Species	Code	Number	Stage	Activity	Comment	Attribute9	Attribute10
BAYULOC1_CAM10_RIG23	0	BAYULOC1_CAM10_RIG23_L_1.MP4	4185	BAYULOC1_CAM10_RIG23_R_1.MP4	3628	2.32733		-1	-31.49122	64.50313	-604.70522	0.31334	0.30757	0.50478	2.81632	608.95053	6.37326					0			Sync Point		
BAYULOC1_CAM20_RIG30	0	BAYULOC1_CAM20_RIG30_L_2.MP4	18769	BAYULOC1_CAM20_RIG30_R_2.MP4	17817	28.15593		-1	-235.56194	-191.32622	-1201.79659	0.68625	0.64021	1.98727	7.33481	1239.52015	14.91968	Lutjanidae	Lutjanus	malabaricus	37346007	1	AD	Passing			
BAYULOC1_CAM20_RIG30	1	BAYULOC1_CAM20_RIG30_L_3.MP4	3184	BAYULOC1_CAM20_RIG30_R_3.MP4	2232	37.20665		-1	-269.33967	-139.47468	-1076.45629	0.63711	0.55128	1.63273	1.24704	1118.37167	16.29362	Carcharhinidae	Carcharhinus	obscurus	37018003	1	AD	Passing			
BAYULOC1_CAM36_RIG29	0	BAYULOC1_CAM36_RIG29_L_1.MP4	930	BAYULOC1_CAM36_RIG29_R_1.MP4	1222	0.51718		-1	-6.29404	-81.26936	-777.69259	0.41249	0.39157	0.85859	3.24958	781.95274	6.90949					0	AD	Passing	synch point		
BAYULOC1_CAM36_RIG29	1	BAYULOC1_CAM36_RIG29_L_2.MP4	16885	BAYULOC1_CAM36_RIG29_R_2.MP4	17177	27.10822		-1	-159.83465	-86.28023	-738.0457	0.40642	0.37223	0.75703	5.45146	760.06766	14.28981	Carcharhinidae	Carcharhinus	coatesi	37018009	1	AD	Passing			
BAYULOC1_CAM36_RIG29	3	BAYULOC1_CAM36_RIG29_L_4.MP4	18854	BAYULOC1_CAM36_RIG29_R_4.MP4	19146	63.63864		-1	5.38473	-37.85782	-598.88903	0.33158	0.30333	0.53165	1.11036	600.10856	4.57434					0	AD	Passing	synch point		
BAYULOC1_CAM37_RIG22	0	BAYULOC1_CAM37_RIG22_L_1.MP4	1589	BAYULOC1_CAM37_RIG22_R_1.MP4	1095	0.88366		-1	-22.59019	-59.55599	-690.41347	0.37424	0.35106	0.69133	8.7922	693.34551	4.84095					0	AD	Passing	synch point		
BAYULOC1_CAM37_RIG22	1	BAYULOC1_CAM37_RIG22_L_3.MP4	3190	BAYULOC1_CAM37_RIG22_R_2.MP4	3000	19.60572		-1	-80.06081	-45.34644	-567.70102	0.32522	0.29361	0.5027	7.32781	575.10911	8.98701					0			synch point		
BAYULOC1_CAM37_RIG22	2	BAYULOC1_CAM37_RIG22_L_3.MP4	9936	BAYULOC1_CAM37_RIG22_R_2.MP4	9746	23.35725		-1	-275.86185	-109.67868	-1527.1116	0.90345	0.77561	3.12271	25.60968	1555.69888	10.83828	Lutjanidae	Lutjanus	vitta	37346003	1	AD	Passing			
BAYULOC1_CAM37_RIG22	3	BAYULOC1_CAM37_RIG22_L_4.MP4	829	BAYULOC1_CAM37_RIG22_R_3.MP4	540	36.01045		-1	-11.70045	8.60036	-621.18479	0.34073	0.31354	0.56663	1.20495	621.3545	1.65594	Carcharhinidae	Carcharhinus	sorrah	37018013	1	AD	Passing			
BAYULOC1_CAM40_RIG30	0	BAYULOC1_CAM40_RIG30_L_1.MP4	1632	BAYULOC1_CAM40_RIG30_R_1.MP4	1594	0.90757		-1	5.35889	-131.61882	-581.04525	0.34215	0.31247	0.53468	7.15683	595.79008	13.91774					0			synch point		
BAYULOC1_CAM42_RIG25	0	BAYULOC1_CAM42_RIG25_L_1.MP4	2091	BAYULOC1_CAM42_RIG25_R_1.MP4	1595	1.16283		-1	17.93269	-69.47049	-680.66816	0.36619	0.3464	0.66507	14.55381	684.43909	5.88179					0			synch point		
BAYULOC1_CAM42_RIG25	1	BAYULOC1_CAM42_RIG25_L_2.MP4	22737	BAYULOC1_CAM42_RIG25_R_2.MP4	22242	30.36258		-1	-433.6136	51.49556	-1489.29879	1.07299	0.72712	2.97973	57.48887	1551.99338	16.35815	Carcharhinidae	Carcharhinus	sorrah	37018013	1	AD	Passing	shit vis		
BAYULOC1_CAM42_RIG25	2	BAYULOC1_CAM42_RIG25_L_4.MP4	29981	BAYULOC1_CAM42_RIG25_R_4.MP4	29486	69.82649		-1	-277.46148	-40.61004	-1171.02739	0.69715	0.5734	1.85306	0.81345	1204.13421	13.44707	Lutjanidae	Lutjanus	malabaricus	37346007	1	AD	Passing			
BAYULOC1_CAM43_RIG27	0	BAYULOC1_CAM43_RIG27_L_1.MP4	1611	BAYULOC1_CAM43_RIG27_R_1.MP4	1690	0.8959		-1	21.80314	-72.82752	-582.89786	0.43662	0.31431	0.68255	9.68681	587.83428	8.77421					0			synch point		
BAYULOC1_CAM44_RIG28	0	BAYULOC1_CAM44_RIG28_L_1.MP4	3605	BAYULOC1_CAM44_RIG28_R_1.MP4	4329	2.00478		-1	8.98199	-64.40035	-627.61266	0.3385	0.32009	0.56956	14.38058	630.97206	6.61203					0			synch point		
BAYULOC1_CAM44_RIG28	3	BAYULOC1_CAM44_RIG28_L_4.MP4	11901	BAYULOC1_CAM44_RIG28_R_4.MP4	12626	59.77199		-1	37.27838	-381.84486	-1237.04636	0.63084	0.85156	2.09014	3.12393	1295.17523	17.93071	Serranidae	Epinephelus	areolatus	37311009	1	AD	Passing			
BAYULOC1_CAM45_RIG28	0	BAYULOC1_CAM45_RIG28_L_1.MP4	1519	BAYULOC1_CAM45_RIG28_R_1.MP4	1374	0.84473		-1	-47.83858	-94.67485	-576.45152	0.30636	0.29777	0.46167	2.52683	586.12986	11.05853					0			synch point		
BAYULOC1_CAM47_RIG25	0	BAYULOC1_CAM47_RIG25_L_1.MP4	4243	BAYULOC1_CAM47_RIG25_R_1.MP4	4739	2.35958		-1	77.12445	-59.90445	-718.61742	0.38823	0.36311	0.73709	25.999	725.22253	7.6953					0			synch point		
BAYULOC1_CAM47_RIG25	2	BAYULOC1_CAM47_RIG25_L_3.MP4	3125	BAYULOC1_CAM47_RIG25_R_3.MP4	3622	37.17384		-1	-197.47785	-18.17741	-1466.70714	0.80428	0.70808	2.86708	10.06278	1480.05329	7.69403	Carcharhinidae	Carcharhinus	sorrah	37018013	1	AD	Passing			
BAYULOC1_CAM47_RIG25	3	BAYULOC1_CAM47_RIG25_L_3.MP4	9335	BAYULOC1_CAM47_RIG25_R_3.MP4	9832	40.62729		-1	-700.04597	-298.31831	-4068.12322	4.07128	2.49701	21.36517	83.51265	4138.68152	10.56725	Lutjanidae	Lutjanus	vitta	37346003	1	AD	Passing			
BAYULOC1_CAM49_RIG30	0	BAYULOC1_CAM49_RIG30_L_1.MP4	3331	BAYULOC1_CAM49_RIG30_R_1.MP4	2028	1.85241		-1	40.0905	-132.40964	-661.84107	0.37257	0.35027	0.66256	10.39455	676.14581	12.9068					0			synch point		
BAYULOC1_CAM49_RIG30	2	BAYULOC1_CAM49_RIG30_L_2.MP4	7499	BAYULOC1_CAM49_RIG30_R_2.MP4	6197	21.88856		-1	-93.12348	-146.87907	-1035.231	0.54058	0.53217	1.47717	12.44907	1049.73743	10.5211	Lutjanidae	Lutjanus	malabaricus	37346007	1	AD	Passing			
BAYULOC1_CAM50_RIG20	0	BAYULOC1_CAM50_RIG20_L_1.MP4	1212	BAYULOC1_CAM50_RIG20_R_1.MP4	1117	0.67401		-1	26.85123	-118.27968	-811.68021	0.42403	0.41498	0.91751	17.29368	820.69229	9.67701					0			synch point		
BAYULOC1_CAM50_RIG20	3	BAYULOC1_CAM50_RIG20_L_2.MP4	30072	BAYULOC1_CAM50_RIG20_R_2.MP4	29978	34.44166		-1	-12.64257	-207.69173	-1005.26717	0.51569	0.55023	1.38658	3.96168	1026.57575	12.89669	Lutjanidae	Lutjanus	vitta	37346003	1	AD	Passing			
BAYULOC1_CAM50_RIG20	4	BAYULOC1_CAM50_RIG20_L_4.MP4	1498	BAYULOC1_CAM50_RIG20_R_4.MP4	1404	53.98676		-1	-144.69041	-236.38136	-760.76455	0.41465	0.43942	0.79719	0.03434	809.67535	21.05311	Serranidae	Epinephelus	areolatus	37311009	1	AD	Passing			
BAYULOC1_CAM52_RIG22	0	BAYULOC1_CAM52_RIG22_L_1.MP4	2387	BAYULOC1_CAM52_RIG22_R_1.MP4	2336	1.32744		-1	68.63842	-104.73099	-743.60091	0.39474	0.38442	0.76821	10.18159	754.07038	9.17489					0			synch point		
BAYULOC1_CAM53_RIG29	0	BAYULOC1_CAM53_RIG29_L_1.MP4	1461	BAYULOC1_CAM53_RIG29_R_1.MP4	1370	0.81248		-1	34.23912	-61.85252	-667.85461	0.36179	0.3371	0.64315	14.0965	671.58606	6.75479					0			synch point		
BAYULOC2A_CAM10_RIG28	0	BAYULOC2A_CAM10_RIG28_L_1.MP4	2420	BAYULOC2A_CAM10_RIG28_R_1.MP4	2418	1.34579		-1	48.87746	-95.3656	-550.05276	0.30051	0.28871	0.44574	1.38429	560.39418	11.65432					0			Sync Point		
BAYULOC2A_CAM3_RIG26	0	BAYULOC2A_CAM3_RIG26_L_1.MP4	1482	BAYULOC2A_CAM3_RIG26_R_1.MP4	1513	0.82416		-1	48.72168	-91.56626	-605.20529	0.35266	0.31696	0.57128	1.4969	614.02901	10.554					0			Sync Point		
BAYULOC2A_CAM4_RIG29	0	BAYULOC2A_CAM4_RIG29_L_1.MP4	1450	BAYULOC2A_CAM4_RIG29_R_1.MP4	1338	0.80636		-1	15.36859	-32.11413	-599.13005	0.32912	0.30252	0.52543	5.82746	600.18691	4.13793					0			Sync Point		
BAYULOC2A_CAM7_RIG23	0	BAYULOC2A_CAM7_RIG23_L_1.MP4	1048	BAYULOC2A_CAM7_RIG23_R_1.MP4	1083	0.58281		-1	-12.5239	-76.65625	-568.16149	0.29048	0.29025	0.44178	1.13605	573.44617	8.22327					0			Sync Time		
BAYULOC2_CAM17_RIG29	0	BAYULOC2_CAM17_RIG29_L_1.MP4	1865	BAYULOC2_CAM17_RIG29_R_1.MP4	2015	1.03715		-1	17.30806	-77.96637	-612.24187	0.33534	0.31361	0.54763	0.37078	617.42889	8.21609					0			Sync Point		
BAYULOC2_CAM24_RIG29	0	BAYULOC2_CAM24_RIG29_L_1.MP4	1634	BAYULOC2_CAM24_RIG29_R_1.MP4	1502	0.90869		-1	39.93156	-49.73425	-660.99845	0.35866	0.33246	0.63033	2.02058	664.0685	6.15674					0			Sync Point		
BAYULOC2_CAM27_RIG23	0	BAYULOC2_CAM27_RIG23_L_1.MP4	15276	BAYULOC2_CAM27_RIG23_R_1.MP4	14336	8.49516		-1	25.83036	-89.95567	-579.64625	0.29784	0.29742	0.4581	6.15047	587.15331	9.59965					0			Sync Point		
BAYULOC2_CAM49_RIG27	0	BAYULOC2_CAM49_RIG27_L_1.MP4	1105	BAYULOC2_CAM49_RIG27_R_1.MP4	1360	0.6145		-1	30.15117	-107.53139	-547.83075	0.47047	0.3109	0.71009	6.36466	559.09805	12.86904					0			Sync Point		
BAYULOC2_CAM50_RIG28	0	BAYULOC2_CAM50_RIG28_L_1.MP4	2509	BAYULOC2_CAM50_RIG28_R_1.MP4	3560	1.39528		-1	49.46454	-59.88599	-595.66185	0.32604	0.30518	0.52172	1.41521	600.70468	7.98385					0			Sync Point		
BAYULOC2_CAM51_RIG28	0	BAYULOC2_CAM51_RIG28_L_1.MP4	2597	BAYULOC2_CAM51_RIG28_R_1.MP4	2097	1.44422		-1	44.53262	-44.76781	-598.44966	0.32707	0.30481	0.52569	1.89104	601.7718	6.54044					0			Sync Point		
BAYULOC2_CAM52_RIG27	0	BAYULOC2_CAM52_RIG27_L_1.MP4	1360	BAYULOC2_CAM52_RIG27_R_1.MP4	1503	0.75631		-1	33.89339	-88.97378	-559.38008	0.44858	0.30923	0.68224	10.34207	567.42504	10.9726					0			Sync Point		
BAYULOC2_CAM53_RIG20	0	BAYULOC2_CAM53_RIG20_L_1.MP4	5081	BAYULOC2_CAM53_RIG20_R_1.MP4	4967	2.8256		-1	44.72528	-83.69372	-586.79928	0.30711	0.29862	0.47409	5.76618	594.42273	10.26394					0			Sync Point		
BAYULOC2_CAM54_RIG23	0	BAYULOC2_CAM54_RIG23_L_1.MP4	3317	BAYULOC2_CAM54_RIG23_R_1.MP4	3152	1.84462		-1	19.34822	-39.05666	-593.70565	0.30807	0.29838	0.4867	0.64836	595.30343	4.60105					0			Sync Point		
BAYULOC2_CAM58_RIG26	0	BAYULOC2_CAM58_RIG26_L_1.MP4	1996	BAYULOC2_CAM58_RIG26_R_1.MP4	1340	1.11		-1	42.54024	-82.75742	-535.98024	0.3314	0.28474	0.47565	1.89045	543.9975	10.68339					0			Sync Point		
BAYULOC2_CAM59_RIG30	0	BAYULOC2_CAM59_RIG30_L_1.MP4	4026	BAYULOC2_CAM59_RIG30_R_1.MP4	4457	2.23891		-1	34.14802	-27.40385	-551.39818	0.33032	0.28268	0.48842	3.50121	553.13381	5.33196					0			Sync Point		
BAYULOC3_CAM22_RIG30	0	BAYULOC3_CAM22_RIG30_L_1.MP4	1093	BAYULOC3_CAM22_RIG30_R_1.MP4	1266	0.60783		-1	53.84292	-82.58264	-620.60979	0.35607	0.3197	0.59416	0.89542	628.39117	10.00473					0			Sync Point		
BAYULOC3_CAM24_RIG29	0	BAYULOC3_CAM24_RIG29_L_1.MP4	4074	BAYULOC3_CAM24_RIG29_R_1.MP4	4304	2.2656		-1	41.12913	-92.14584	-601.87694	0.3357	0.31237	0.54378	11.70127	610.27724	10.37205					0			Sync Point		
BAYULOC3_CAM24_RIG29	3	BAYULOC3_CAM24_RIG29_L_3.MP4	3651	BAYULOC3_CAM24_RIG29_R_3.MP4	3881	37.46636		-1	23.06684	-215.32723	-627.25091	0.34564	0.36367	0.58531	2.96092	663.5824	19.97062					0			re-sync		
BAYULOC3_CAM25_RIG22	0	BAYULOC3_CAM25_RIG22_L_1.MP4	9977	BAYULOC3_CAM25_RIG22_R_1.MP4	9986	5.54833		-1	33.87889	-47.60639	-604.2981	0.32658	0.30677	0.51964	0.74824	607.11642	5.1526					0			Sync Point		
BAYULOC3_CAM27_RIG23	0	BAYULOC3_CAM27_RIG23_L_1.MP4	5351	BAYULOC3_CAM27_RIG23_R_1.MP4	6439	2.97575		-1	-2062.22957	-393.98549	-4552.5601	12.04534	3.03856	27.10486	26.24303	5013.36403	24.84492					0			Sync Point		
BAYULOC3_CAM28_RIG20	0	BAYULOC3_CAM28_RIG20_L_1.MP4	1018	BAYULOC3_CAM28_RIG20_R_1.MP4	1197	0.56612		-1	-5.64853	-93.20288	-515.44215	0.26167	0.26555	0.36085	1.22946	523.83136	11.47041					0			Sync Point		
BAYULOC3_CAM29_RIG27	0	BAYULOC3_CAM29_RIG27_L_1.MP4	4156	BAYULOC3_CAM29_RIG27_R_1.MP4	3987	2.3112		-1	71.88971	-95.21472	-567.67769	0.44085	0.31369	0.72313	1.91917	580.07925	13.00741					0			Sync Point		
BAYULOC3_CAM31_RIG28	0	BAYULOC3_CAM31_RIG28_L_1.MP4	2370	BAYULOC3_CAM31_RIG28_R_1.MP4	1687	1.31798		-1	12.46378	-163.24079	-875.97972	0.45849	0.46871	1.07703	0.1949	891.14722	11.28727					0			Sync Point		
BAYULOC3_CAM34_RIG23	0	BAYULOC3_CAM34_RIG23_L_1.MP4	5406	BAYULOC3_CAM34_RIG23_R_1.MP4	5421	3.00634		-1	37.6653	-108.17396	-548.22982	0.2769	0.28381	0.39898	7.48958	560.06804	12.22163					0			Sync Point		
BAYULOC3_CAM36_RIG22	0	BAYULOC3_CAM36_RIG22_L_1.MP4	2876	BAYULOC3_CAM36_RIG22_R_1.MP4	2487	1.59938		-1	32.86156	-91.8718	-592.92845	0.32015	0.3082	0.49874	3.99955	600.90303	8.9102					0			Sync Point		
BAYULOC3_CAM37_RIG29	1	BAYULOC3_CAM37_RIG29_L_1.MP4	18956	BAYULOC3_CAM37_RIG29_R_1.MP4	19039	10.54165		-1	-11.17824	-193.1632	-661.72735	0.35823	0.37106	0.63507	9.19632	689.4346	17.0987					0			Sync Point 2		
BAYULOC3_CAM38_RIG26	0	BAYULOC3_CAM38_RIG26_L_1.MP4	1176	BAYULOC3_CAM38_RIG26_R_1.MP4	1166	0.65399		-1	-66.15135	-194.25319	-557.37644	0.365	0.33175	0.58069	2.02905	593.95185	21.09342					0			Sync Point		
BAYULOC3_CAM3_RIG26	0	BAYULOC3_CAM3_RIG26_L_1.MP4	3795	BAYULOC3_CAM3_RIG26_R_1.MP4	4104	2.11044		-1	-112.3354	-133.83229	-633.45094	0.38156	0.34494	0.68617	6.95378	657.10761	16.1431					0			Sync Point		
BAYULOC3_CAM40_RIG24	0	BAYULOC3_CAM40_RIG24_L_1.MP4	4322	BAYULOC3_CAM40_RIG24_R_1.MP4	4557	2.40351		-1	-29.23595	-214.54819	-879.95518	0.46002	0.49784	1.08256	8.25072	906.2046	14.30898					0			Sync Point		
BAYULOC3_CAM40_RIG24	4	BAYULOC3_CAM40_RIG24_L_3.MP4	25461	BAYULOC3_CAM40_RIG24_R_3.MP4	25697	49.59515		-1	-352.08714	231.22654	-1056.29574	0.69093	0.61547	1.47601	53.02142	1137.18589	21.47613	Carcharhinidae	Carcharhinus	sp	37018904	1	AD	Passing			
BAYULOC3_CAM41_RIG24	33	BAYULOC3_CAM41_RIG24_R_3.MP4	30868	BAYULOC3_CAM41_RIG24_L_4.MP4	30769	52.60205		-1	305.98279	140.09858	-1298.00668	0.80215	0.66799	2.27441	5.18585	1340.92297	14.33801					0			Sync correct		
BAYULOC3_CAM42_RIG30	0	BAYULOC3_CAM42_RIG30_L_1.MP4	4706	BAYULOC3_CAM42_RIG30_R_1.MP4	4524	2.61706		-1	97.80918	-101.96249	-604.96825	0.35336	0.31757	0.58323	0.5861	621.24839	13.99424					0			Sync Point		
BAYULOC3_CAM44_RIG29	0	BAYULOC3_CAM44_RIG29_L_1.MP4	7010	BAYULOC3_CAM44_RIG29_R_1.MP4	7075	3.89834		-1	41.25127	-101.12928	-636.69056	0.3471	0.32938	0.58801	4.77685	645.99046	10.48014					0			Sync Point		
BAYULOC3_CAM45_RIG22	0	BAYULOC3_CAM45_RIG22_L_1.MP4	10464	BAYULOC3_CAM45_RIG22_R_1.MP4	10280	5.81915		-1	-113.96417	-134.3725	-582.25146	0.33539	0.32011	0.53544	4.76022	608.32603	16.48563					0			Time Seabed		
BAYULOC3_CAM5_RIG22	0	BAYULOC3_CAM5_RIG22_L_1.MP4	2164	BAYULOC3_CAM5_RIG22_R_1.MP4	3593	1.20343		-1	30.12251	-44.33474	-650.18693	0.35018	0.32852	0.60249	1.19135	652.3925	4.33747					0			Sync Point		
BAYULOC3_CAM7_RIG23	0	BAYULOC3_CAM7_RIG23_L_1.MP4	2076	BAYULOC3_CAM7_RIG23_R_1.MP4	1972	1.15449		-1	31.59747	-92.36191	-631.30335	0.32921	0.32368	0.55112	1.89734	638.80595	9.21133					0			Sync Point		
BAYULOC3_CAM8_RIG20	0	BAYULOC3_CAM8_RIG20_L_1.MP4	1454	BAYULOC3_CAM8_RIG20_R_1.MP4	1798	0.80859		-1	13.03162	-78.07028	-565.08289	0.2943	0.28802	0.44305	2.3348	570.59922	9.1636					0			Sync Point		
BAYULOC3_CAM9_RIG27	0	BAYULOC3_CAM9_RIG27_L_1.MP4	2421	BAYULOC3_CAM9_RIG27_R_1.MP4	2158	1.34635		-1	47.31886	-97.60767	-581.80464	0.42982	0.31885	0.6869	4.76579	591.83018	11.83012					0			Sync Point		
BAYULOC4_CAM14_RIG23	0	BAYULOC4_CAM14_RIG23_L_1.MP4	3590	BAYULOC4_CAM14_RIG23_R_1.MP4	3587	1.99644		-1	51.72283	-94.0482	-650.38363	0.34083	0.3329	0.58232	2.10107	659.18069	9.7626					0			Sync Point		
BAYULOC4_CAM16_RIG22	0	BAYULOC4_CAM16_RIG22_L_1.MP4	13682	BAYULOC4_CAM16_RIG22_R_1.MP4	13197	7.60872		-1	47.26888	-63.91352	-636.49074	0.34178	0.32391	0.57043	6.31597	641.43569	6.75236					0			Sync Point		
BAYULOC4_CAM16_RIG22	2	BAYULOC4_CAM16_RIG22_L_5.MP4	2235	BAYULOC4_CAM16_RIG22_R_5.MP4	1751	72.11434		-1	-86.77518	-153.03465	-1568.72265	0.79092	0.82467	3.24853	1.55433	1578.55639	6.00027	Lethrinidae	Lethrinus	laticaudis	37351006	1	AD	Passing			
BAYULOC4_CAM16_RIG22	7	BAYULOC4_CAM16_RIG22_L_5.MP4	2673	BAYULOC4_CAM16_RIG22_R_5.MP4	2189	72.35791		-1	-751.72443	27.72213	-1767.16457	1.89641	0.86129	4.39317	2.98898	1920.60635	23.07963	Lethrinidae	Lethrinus	laticaudis	37351006	1	AD	Passing			
BAYULOC4_CAM17_RIG29	0	BAYULOC4_CAM17_RIG29_L_1.MP4	4577	BAYULOC4_CAM17_RIG29_R_1.MP4	4650	2.54532		-1	93.86756	-148.61949	-726.58337	0.39304	0.38599	0.75061	9.14753	747.54416	14.28388					0			Sync Point		
BAYULOC4_CAM18_RIG26	0	BAYULOC4_CAM18_RIG26_L_1.MP4	4389	BAYULOC4_CAM18_RIG26_R_1.MP4	4399	2.44077		-1	-117.82572	-131.81487	-644.14563	0.38533	0.34931	0.70394	5.2171	667.9683	16.05229					0			Sync Point		
BAYULOC4_CAM19_RIG30	0	BAYULOC4_CAM19_RIG30_L_1.MP4	3854	BAYULOC4_CAM19_RIG30_R_1.MP4	3510	2.14325		-1	94.59292	-116.34546	-625.13941	0.36114	0.33008	0.61332	4.91269	642.87119	14.39453					0			End Sampling		
BAYULOC4_CAM20_RIG24	0	BAYULOC4_CAM20_RIG24_L_1.MP4	18119	BAYULOC4_CAM20_RIG24_R_1.MP4	18132	10.07619		-1	-438.88695	-849.56331	-4615.88898	3.38586	5.27213	27.46821	42.58238	4713.89549	12.14054					0			Sync Point		
BAYULOC4_CAM23_RIG26	0	BAYULOC4_CAM23_RIG26_L_1.MP4	4370	BAYULOC4_CAM23_RIG26_R_1.MP4	4260	2.43021		-1	36.8315	-110.04876	-617.74352	0.35811	0.32684	0.59212	11.09286	628.5494	11.52412					0			Sync Point		
BAYULOC4_CAM23_RIG26	2	BAYULOC4_CAM23_RIG26_L_3.MP4	13936	BAYULOC4_CAM23_RIG26_R_3.MP4	13827	43.18596		-1	-437.64319	-83.77488	-1410.90192	1.01895	0.69621	2.79607	1.81099	1479.59251	17.72449	Carcharhinidae	Carcharhinus	obscurus	37018003	1	AD	Passing			
BAYULOC4_CAM26_RIG25	0	BAYULOC4_CAM26_RIG25_L_1.MP4	6170	BAYULOC4_CAM26_RIG25_R_1.MP4	6104	3.43121		-1	63.79017	-90.72293	-641.00552	0.35061	0.33212	0.59467	8.03217	650.52895	9.75778					0			Sync Point		
BAYULOC4_CAM27_RIG23	0	BAYULOC4_CAM27_RIG23_L_1.MP4	7469	BAYULOC4_CAM27_RIG23_R_1.MP4	6153	4.1536		-1	28.33989	-107.8436	-590.44844	0.30378	0.30619	0.47557	1.82822	600.88497	11.12444					0			Sync Point		
BAYULOC4_CAM28_RIG20	0	BAYULOC4_CAM28_RIG20_L_1.MP4	2785	BAYULOC4_CAM28_RIG20_R_1.MP4	2998	1.54877		-1	-4.87031	-159.20709	-912.84571	0.47212	0.4789	1.15217	0.32775	926.63796	11.10177					0			Sync Point		
BAYULOC4_CAM29_RIG27	0	BAYULOC4_CAM29_RIG27_L_1.MP4	8922	BAYULOC4_CAM29_RIG27_R_1.MP4	9168	4.96163		-1	35.45454	-88.86433	-509.46291	0.53031	0.29468	0.7556	6.08765	518.36893	11.94113					0			Sync Point		
BAYULOC4_CAM36_RIG22	0	BAYULOC4_CAM36_RIG22_L_1.MP4	9667	BAYULOC4_CAM36_RIG22_R_1.MP4	9501	5.37593		-1	5.16549	-82.15803	-542.57482	0.29793	0.28309	0.42976	1.28976	548.78417	8.16515					0			Sync Point		
BAYULOC4_CAM51_RIG28	0	BAYULOC4_CAM51_RIG28_L_1.MP4	2389	BAYULOC4_CAM51_RIG28_R_1.MP4	1687	1.32855		-1	5.51088	-39.24918	-560.20469	0.30219	0.28519	0.4537	1.3415	561.60499	4.74412					0			Sync Point		
BAYULOC4_CAM53_RIG20	0	BAYULOC4_CAM53_RIG20_L_1.MP4	6751	BAYULOC4_CAM53_RIG20_R_1.MP4	1354	3.75431		-1	1.66914	-94.39074	-532.88323	0.27331	0.27452	0.38922	2.10251	541.18105	11.25054					0			Sync Point		
BAYULOC4_CAM53_RIG20	3	BAYULOC4_CAM53_RIG20_L_3.MP4	20311	BAYULOC4_CAM53_RIG20_R_3.MP4	14915	46.73118		-1	-1496.151	989.88054	-3400.45171	6.45668	4.84621	14.74042	0.43111	3844.65904	27.16722	Scombridae	Scomberomorus	queenslandicus	37441014	1	AD	Passing			
BAYULOC4_CAM53_RIG20	7	BAYULOC4_CAM53_RIG20_L_4.MP4	27378	BAYULOC4_CAM53_RIG20_R_4.MP4	21982	68.37893		-1	485.137	936.73312	-3504.18809	2.67406	4.80632	15.63346	8.90357	3659.53017	15.69396	Carcharhinidae	Carcharhinus	sp	37018904	1	AD	Passing			
BAYULOC4_CAM54_RIG23	0	BAYULOC4_CAM54_RIG23_L_1.MP4	8929	BAYULOC4_CAM54_RIG23_R_1.MP4	8895	4.96552		-1	23.03888	-108.68243	-543.63697	0.27268	0.28205	0.39346	1.8912	554.87279	11.98482					0			Sync Point		
BAYULOC4_CAM54_RIG23	7	BAYULOC4_CAM54_RIG23_L_4.MP4	17844	BAYULOC4_CAM54_RIG23_R_4.MP4	17811	63.07697		-1	-750.72868	541.68459	-3236.17918	3.42048	2.83648	13.6885	7.7333	3365.98743	15.70798	Scombridae	Scomberomorus	queenslandicus	37441014	1	AD	Passing			
BAYULOC4_CAM56_RIG22	0	BAYULOC4_CAM56_RIG22_L_1.MP4	9465	BAYULOC4_CAM56_RIG22_R_1.MP4	9486	5.2636		-1	19.48178	-92.76802	-552.34869	0.30061	0.2889	0.43786	9.0075	560.42352	9.28533					0			Sync Point		
BAYULOC4_CAM57_RIG29	0	BAYULOC4_CAM57_RIG29_L_1.MP4	10177	BAYULOC4_CAM57_RIG29_R_1.MP4	10999	5.65955		-1	-7.69364	-30.00898	-525.34295	0.29267	0.26821	0.4102	1.86469	526.25559	4.15577					0			Sync Point		
BAYULOC4_CAM58_RIG26	0	BAYULOC4_CAM58_RIG26_L_1.MP4	13134	BAYULOC4_CAM58_RIG26_R_1.MP4	12855	7.30397		-1	62.13301	-112.80499	-609.12006	0.3546	0.32366	0.57956	4.77743	622.58551	12.75948					0			Sync Point		
